Er66_IT3	0.000010 0.999980 0.000010
Er53_ASR7	0.000010 0.000010 0.999980
Er43_SL7	0.000010 0.999980 0.000010
Er52_451	0.999980 0.000010 0.000010
Er46_RMN7	0.000010 0.999980 0.000010
Er35_209	0.000010 0.999980 0.000010
Er42_GR35	0.000010 0.999980 0.000010
Er54_AU1	0.999980 0.000010 0.000010
Er72_SIE1B	0.999980 0.000010 0.000010
Er41_GR36	0.000010 0.999980 0.000010
Er30_79	0.999980 0.000010 0.000010
Er26_JUG4	0.000010 0.960462 0.039528
Er74_SP16	0.999980 0.000010 0.000010
Er40_M2	0.000010 0.999980 0.000010
Er27_SK32	0.000010 0.976133 0.023857
Er29_122	0.999980 0.000010 0.000010
Er32_183	0.000010 0.999980 0.000010
Er39_PL1	0.000010 0.999980 0.000010
Er45_BLG3	0.000010 0.999980 0.000010
Er49_GR38	0.000010 0.000010 0.999980
Er51_436	0.999980 0.000010 0.000010
Er31_453	0.999980 0.000010 0.000010
Er33_211	0.999980 0.000010 0.000010
Er50_R3	0.000010 0.999980 0.000010
Er63_IR6	0.999980 0.000010 0.000010
Er28_112	0.000010 0.999980 0.000010
Er34_197	0.999980 0.000010 0.000010
Er57_COR4	0.999980 0.000010 0.000010
Er56_AZ5	0.999980 0.000010 0.000010
Er71_SAR2	0.999980 0.000010 0.000010
Er55_AU7	0.048047 0.951943 0.000010
Er44_VOJ1	0.000010 0.999980 0.000010
Er38_LB1	0.000010 0.000010 0.999980
Er47_CR4	0.000010 0.999980 0.000010
Er48_BH16	0.000010 0.999980 0.000010
Er70_RMN42	0.000010 0.999980 0.000010
Er60_GR5	0.000010 0.999980 0.000010
Er69_R2	0.000010 0.999980 0.000010
Er75_TRC2A	0.000010 0.000010 0.999980
Er64_IS1	0.000010 0.000010 0.999980
Er37_SK27	0.252902 0.747088 0.000010
