Histogram of qualities:
0	100569
1	27196
2	1213
3	614
4	1531
5	6066
6	9891
7	13284
8	14671
9	16441
10	17998
11	14899
12	11832
13	10212
14	9978
15	9084
16	9058
17	7722
18	7116
19	6930
20	7061
21	6330
22	6207
23	5989
24	6490
25	7345
26	7439
27	7214
28	8040
29	10134
30	7660
31	6577
32	5746
33	5659
34	5246
35	4982
36	4971
37	5165
38	5211
39	5833
40	4969
41	5227
42	5516
43	9562
44	5276
45	6529
46	7550
47	12057
48	18150
49	6544
50	12034
51	9328
52	74114
53	9538
54	12083
55	28442
56	66352
57	30445
58	6705
59	8060
60	9123
61	4139
62	4189
63	4746
64	3770
65	3763
66	4263
67	6036
68	3980
69	4412
70	4876
71	7925
72	5458
73	7651
74	3917
75	5737
76	6302
77	30554
78	10750
79	3865
80	55846
81	21235
82	4247
83	5093
84	4117
85	4146
86	4493
87	5068
88	5982
89	2918
90	2906
91	3163
92	4623
93	3506
94	2589
95	3674
96	7810
97	5269
98	2931
99	3527
100	4675
101	18429
102	5721
103	4906
104	11488
105	29373
106	14272
107	3760
108	3203
109	3064
110	2563
111	3759
112	5050
113	2711
114	2565
115	2951
116	3942
117	2693
118	2519
119	3122
120	4852
121	5056
122	3312
123	2690
124	3732
125	13067
126	4576
127	3781
128	7772
129	20116
130	9900
131	2160
132	3030
133	2657
134	2181
135	2357
136	2931
137	4098
138	1998
139	2240
140	3183
141	2192
142	2198
143	2530
144	3947
145	2904
146	3434
147	2595
148	1801
149	6319
150	8162
151	2899
152	5407
153	14099
154	7246
155	1743
156	2543
157	2405
158	1818
159	1884
160	2366
161	3701
162	1571
163	1582
164	2162
165	2275
166	2047
167	2120
168	3259
169	2535
170	2971
171	1912
172	1764
173	2426
174	7032
175	3729
176	1895
177	4009
178	14004
179	1540
180	2066
181	2259
182	1513
183	1589
184	2135
185	3132
186	1473
187	1410
188	1637
189	2171
190	1728
191	1536
192	1752
193	2846
194	2425
195	2227
196	1554
197	2049
198	5409
199	2456
200	2071
201	2999
202	7181
203	3929
204	1361
205	1883
206	1996
207	1266
208	1491
209	3062
210	1377
211	1284
212	1352
213	1866
214	1405
215	1442
216	1541
217	2218
218	2142
219	1703
220	1618
221	1725
222	4200
223	2116
224	1699
225	2343
226	5112
227	3029
228	1170
229	1671
230	1665
231	1222
232	1280
233	1442
234	2319
235	1171
236	1086
237	1360
238	1683
239	1317
240	1314
241	1824
242	1486
243	1764
244	1385
245	1183
246	2150
247	2582
248	1891
249	2068
250	3673
251	2396
252	1068
253	1429
254	1489
255	1118
256	1149
257	1301
258	1969
259	1090
260	1017
261	1091
262	1297
263	1213
264	1177
265	1148
266	1855
267	1472
268	1176
269	1156
270	1276
271	2437
272	1634
273	1186
274	1526
275	3581
276	996
277	1131
278	1439
279	1002
280	954
281	1160
282	1615
283	1002
284	903
285	1001
286	1201
287	1004
288	983
289	973
290	1224
291	1333
292	1238
293	955
294	1166
295	1879
296	1244
297	1128
298	1203
299	2185
300	1443
301	904
302	1064
303	1295
304	845
305	909
306	1534
307	863
308	899
309	814
310	1149
311	946
312	938
313	884
314	1065
315	978
316	1116
317	1013
318	912
319	1135
320	1540
321	915
322	1233
323	1717
324	1209
325	848
326	933
327	1036
328	871
329	832
330	862
331	1260
332	781
333	805
334	804
335	898
336	848
337	894
338	972
339	884
340	931
341	882
342	819
343	981
344	1097
345	999
346	1017
347	1302
348	1048
349	820
350	862
351	964
352	806
353	786
354	841
355	1057
356	711
357	712
358	741
359	861
360	719
361	766
362	788
363	924
364	854
365	817
366	755
367	814
368	1041
369	848
370	801
371	798
372	1098
373	850
374	745
375	780
376	829
377	684
378	768
379	889
380	699
381	636
382	677
383	771
384	727
385	665
386	708
387	751
388	733
389	762
390	721
391	797
392	810
393	797
394	702
395	712
396	864
397	749
398	654
399	755
400	846
401	640
402	684
403	811
404	673
405	610
406	645
407	662
408	714
409	633
410	687
411	685
412	672
413	656
414	636
415	665
416	742
417	800
418	688
419	755
420	766
421	629
422	592
423	699
424	707
425	611
426	612
427	647
428	767
429	605
430	605
431	630
432	650
433	628
434	596
435	610
436	603
437	651
438	627
439	645
440	608
441	668
442	682
443	600
444	616
445	662
446	563
447	590
448	670
449	648
450	572
451	586
452	630
453	595
454	607
455	610
456	640
457	614
458	569
459	597
460	603
461	551
462	593
463	569
464	612
465	622
466	575
467	574
468	595
469	601
470	599
471	563
472	560
473	590
474	603
475	543
476	636
477	562
478	539
479	573
480	553
481	545
482	606
483	557
484	549
485	553
486	533
487	539
488	564
489	547
490	566
491	542
492	592
493	558
494	568
495	478
496	591
497	599
498	513
499	571
500	545
501	579
502	535
503	533
504	543
505	523
506	557
507	547
508	562
509	521
510	504
511	539
512	533
513	504
514	512
515	493
516	494
517	557
518	508
519	436
520	554
521	558
522	497
523	476
524	518
525	493
526	480
527	488
528	493
529	475
530	493
531	522
532	503
533	514
534	482
535	519
536	487
537	508
538	565
539	518
540	485
541	502
542	498
543	481
544	506
545	488
546	506
547	482
548	464
549	496
550	465
551	467
552	475
553	508
554	457
555	472
556	517
557	491
558	465
559	460
560	503
561	468
562	473
563	437
564	510
565	450
566	450
567	473
568	466
569	442
570	448
571	495
572	475
573	467
574	480
575	456
576	466
577	452
578	438
579	441
580	441
581	479
582	455
583	472
584	448
585	434
586	505
587	489
588	451
589	449
590	392
591	484
592	461
593	435
594	417
595	471
596	455
597	500
598	437
599	444
600	452
601	441
602	410
603	427
604	472
605	419
606	387
607	433
608	461
609	473
610	453
611	420
612	424
613	401
614	439
615	446
616	446
617	455
618	418
619	432
620	440
621	421
622	428
623	401
624	406
625	400
626	401
627	426
628	412
629	429
630	459
631	401
632	406
633	426
634	442
635	444
636	421
637	431
638	428
639	437
640	376
641	463
642	417
643	430
644	425
645	417
646	444
647	391
648	420
649	403
650	451
651	418
652	405
653	436
654	402
655	448
656	435
657	413
658	416
659	414
660	420
661	428
662	427
663	412
664	432
665	382
666	400
667	396
668	427
669	381
670	433
671	425
672	392
673	414
674	407
675	385
676	405
677	412
678	417
679	397
680	393
681	408
682	385
683	375
684	443
685	416
686	396
687	385
688	391
689	375
690	420
691	331
692	384
693	407
694	375
695	403
696	376
697	417
698	405
699	421
700	397
701	381
702	374
703	381
704	392
705	378
706	398
707	392
708	381
709	394
710	366
711	400
712	387
713	385
714	349
715	428
716	368
717	356
718	413
719	365
720	410
721	373
722	382
723	425
724	393
725	390
726	374
727	383
728	410
729	368
730	403
731	387
732	399
733	402
734	360
735	355
736	404
737	383
738	389
739	342
740	371
741	361
742	358
743	354
744	407
745	380
746	379
747	351
748	363
749	377
750	390
751	361
752	342
753	387
754	345
755	348
756	346
757	352
758	391
759	338
760	364
761	350
762	353
763	354
764	355
765	358
766	367
767	364
768	368
769	342
770	331
771	355
772	389
773	354
774	339
775	344
776	374
777	373
778	339
779	367
780	364
781	371
782	379
783	329
784	369
785	354
786	353
787	348
788	334
789	345
790	332
791	342
792	344
793	359
794	336
795	346
796	358
797	363
798	359
799	345
800	338
801	322
802	330
803	342
804	353
805	321
806	342
807	350
808	355
809	340
810	385
811	336
812	334
813	332
814	318
815	347
816	352
817	334
818	317
819	345
820	375
821	331
822	350
823	340
824	357
825	332
826	311
827	336
828	377
829	347
830	335
831	371
832	347
833	318
834	357
835	354
836	338
837	361
838	369
839	309
840	324
841	342
842	323
843	328
844	367
845	333
846	319
847	366
848	334
849	356
850	330
851	326
852	359
853	345
854	356
855	302
856	291
857	269
858	360
859	336
860	347
861	348
862	348
863	351
864	344
865	348
866	322
867	338
868	332
869	333
870	314
871	308
872	311
873	320
874	351
875	345
876	364
877	315
878	338
879	327
880	307
881	321
882	338
883	362
884	330
885	311
886	325
887	314
888	332
889	301
890	319
891	326
892	320
893	333
894	307
895	317
896	320
897	328
898	328
899	325
900	314
901	292
902	320
903	288
904	333
905	315
906	302
907	301
908	322
909	351
910	322
911	316
912	320
913	329
914	343
915	324
916	365
917	327
918	306
919	328
920	324
921	320
922	318
923	319
924	298
925	317
926	326
927	325
928	333
929	315
930	332
931	311
932	339
933	295
934	320
935	312
936	293
937	287
938	313
939	341
940	351
941	327
942	328
943	305
944	313
945	322
946	317
947	292
948	312
949	309
950	291
951	307
952	305
953	313
954	336
955	325
956	289
957	315
958	318
959	323
960	308
961	295
962	306
963	332
964	324
965	306
966	286
967	294
968	318
969	327
970	309
971	336
972	301
973	316
974	344
975	298
976	331
977	294
978	297
979	332
980	314
981	301
982	320
983	293
984	289
985	340
986	339
987	270
988	334
989	311
990	303
991	273
992	300
993	312
994	288
995	283
996	296
997	260
998	310
999	316
1000	329
1001	316
1002	299
1003	302
1004	292
1005	297
1006	303
1007	295
1008	317
1009	275
1010	298
1011	272
1012	293
1013	311
1014	301
1015	299
1016	307
1017	317
1018	327
1019	298
1020	299
1021	292
1022	318
1023	309
1024	313
1025	317
1026	315
1027	303
1028	268
1029	290
1030	340
1031	323
1032	355
1033	314
1034	299
1035	315
1036	288
1037	293
1038	260
1039	289
1040	302
1041	315
1042	305
1043	306
1044	305
1045	298
1046	314
1047	286
1048	289
1049	276
1050	311
1051	290
1052	280
1053	277
1054	316
1055	306
1056	317
1057	310
1058	326
1059	295
1060	334
1061	283
1062	312
1063	293
1064	320
1065	294
1066	305
1067	278
1068	304
1069	312
1070	286
1071	274
1072	324
1073	327
1074	291
1075	290
1076	298
1077	316
1078	320
1079	302
1080	308
1081	326
1082	306
1083	280
1084	282
1085	315
1086	266
1087	324
1088	289
1089	261
1090	307
1091	290
1092	272
1093	298
1094	300
1095	308
1096	305
1097	289
1098	287
1099	273
1100	297
1101	302
1102	278
1103	272
1104	321
1105	282
1106	266
1107	290
1108	287
1109	288
1110	282
1111	269
1112	303
1113	327
1114	278
1115	293
1116	309
1117	296
1118	282
1119	282
1120	287
1121	285
1122	283
1123	290
1124	289
1125	285
1126	267
1127	316
1128	295
1129	262
1130	284
1131	282
1132	316
1133	273
1134	316
1135	279
1136	275
1137	280
1138	272
1139	272
1140	272
1141	305
1142	294
1143	314
1144	271
1145	279
1146	281
1147	270
1148	288
1149	288
1150	283
1151	295
1152	306
1153	279
1154	295
1155	307
1156	298
1157	280
1158	276
1159	277
1160	278
1161	300
1162	250
1163	279
1164	296
1165	266
1166	302
1167	283
1168	282
1169	253
1170	310
1171	256
1172	284
1173	281
1174	282
1175	282
1176	331
1177	277
1178	313
1179	278
1180	300
1181	277
1182	287
1183	280
1184	324
1185	307
1186	268
1187	296
1188	304
1189	275
1190	288
1191	259
1192	289
1193	269
1194	264
1195	282
1196	287
1197	282
1198	308
1199	276
1200	285
1201	279
1202	268
1203	259
1204	254
1205	298
1206	277
1207	257
1208	258
1209	274
1210	283
1211	304
1212	292
1213	263
1214	282
1215	306
1216	270
1217	273
1218	264
1219	277
1220	284
1221	291
1222	286
1223	274
1224	284
1225	283
1226	289
1227	279
1228	307
1229	252
1230	273
1231	277
1232	275
1233	285
1234	306
1235	255
1236	276
1237	272
1238	266
1239	307
1240	274
1241	256
1242	297
1243	278
1244	314
1245	290
1246	287
1247	279
1248	265
1249	285
1250	269
1251	265
1252	287
1253	282
1254	301
1255	278
1256	243
1257	247
1258	262
1259	242
1260	305
1261	288
1262	251
1263	276
1264	246
1265	275
1266	283
1267	289
1268	272
1269	274
1270	263
1271	279
1272	281
1273	294
1274	272
1275	273
1276	264
1277	216
1278	283
1279	274
1280	270
1281	271
1282	280
1283	257
1284	271
1285	249
1286	273
1287	260
1288	255
1289	278
1290	269
1291	280
1292	274
1293	275
1294	263
1295	269
1296	271
1297	258
1298	248
1299	296
1300	284
1301	280
1302	263
1303	252
1304	262
1305	257
1306	246
1307	252
1308	269
1309	286
1310	279
1311	296
1312	279
1313	276
1314	258
1315	240
1316	280
1317	249
1318	271
1319	253
1320	290
1321	253
1322	272
1323	256
1324	284
1325	313
1326	271
1327	257
1328	302
1329	276
1330	267
1331	265
1332	250
1333	261
1334	279
1335	260
1336	307
1337	282
1338	274
1339	256
1340	258
1341	287
1342	281
1343	255
1344	246
1345	256
1346	289
1347	248
1348	276
1349	262
1350	292
1351	283
1352	288
1353	256
1354	276
1355	247
1356	264
1357	264
1358	286
1359	242
1360	268
1361	251
1362	280
1363	255
1364	236
1365	238
1366	254
1367	244
1368	279
1369	280
1370	267
1371	268
1372	244
1373	265
1374	260
1375	259
1376	278
1377	275
1378	251
1379	256
1380	278
1381	268
1382	274
1383	263
1384	256
1385	293
1386	265
1387	283
1388	272
1389	248
1390	277
1391	257
1392	286
1393	255
1394	267
1395	269
1396	276
1397	257
1398	271
1399	260
1400	282
1401	243
1402	285
1403	243
1404	256
1405	261
1406	277
1407	284
1408	236
1409	280
1410	262
1411	249
1412	280
1413	230
1414	270
1415	258
1416	270
1417	275
1418	270
1419	229
1420	248
1421	254
1422	268
1423	267
1424	248
1425	243
1426	233
1427	261
1428	251
1429	248
1430	275
1431	275
1432	267
1433	261
1434	240
1435	265
1436	264
1437	236
1438	258
1439	261
1440	272
1441	253
1442	262
1443	258
1444	274
1445	270
1446	275
1447	260
1448	277
1449	261
1450	267
1451	274
1452	272
1453	257
1454	276
1455	229
1456	269
1457	262
1458	272
1459	262
1460	262
1461	249
1462	260
1463	248
1464	256
1465	247
1466	235
1467	242
1468	233
1469	280
1470	274
1471	256
1472	250
1473	274
1474	305
1475	257
1476	245
1477	252
1478	241
1479	253
1480	241
1481	246
1482	243
1483	220
1484	264
1485	244
1486	263
1487	234
1488	236
1489	242
1490	261
1491	251
1492	223
1493	250
1494	264
1495	230
1496	252
1497	251
1498	264
1499	273
1500	270
1501	246
1502	248
1503	254
1504	264
1505	249
1506	240
1507	280
1508	279
1509	248
1510	257
1511	253
1512	242
1513	234
1514	251
1515	250
1516	258
1517	264
1518	248
1519	236
1520	267
1521	269
1522	268
1523	233
1524	263
1525	231
1526	281
1527	277
1528	246
1529	250
1530	270
1531	246
1532	261
1533	236
1534	263
1535	256
1536	256
1537	242
1538	268
1539	247
1540	233
1541	237
1542	274
1543	251
1544	252
1545	231
1546	232
1547	232
1548	251
1549	261
1550	236
1551	232
1552	241
1553	239
1554	264
1555	229
1556	244
1557	241
1558	236
1559	252
1560	242
1561	267
1562	233
1563	241
1564	242
1565	244
1566	239
1567	260
1568	267
1569	215
1570	266
1571	261
1572	247
1573	253
1574	258
1575	250
1576	236
1577	253
1578	263
1579	245
1580	246
1581	250
1582	244
1583	258
1584	273
1585	242
1586	252
1587	237
1588	252
1589	231
1590	267
1591	230
1592	236
1593	239
1594	240
1595	236
1596	223
1597	241
1598	247
1599	249
1600	267
1601	245
1602	223
1603	258
1604	258
1605	243
1606	249
1607	238
1608	234
1609	229
1610	252
1611	241
1612	232
1613	221
1614	254
1615	261
1616	252
1617	226
1618	240
1619	246
1620	232
1621	242
1622	255
1623	226
1624	241
1625	242
1626	266
1627	229
1628	208
1629	240
1630	247
1631	235
1632	259
1633	251
1634	236
1635	231
1636	268
1637	228
1638	249
1639	226
1640	271
1641	262
1642	241
1643	230
1644	247
1645	259
1646	237
1647	250
1648	228
1649	235
1650	267
1651	246
1652	240
1653	216
1654	232
1655	216
1656	237
1657	218
1658	246
1659	249
1660	234
1661	238
1662	211
1663	199
1664	229
1665	245
1666	240
1667	234
1668	238
1669	251
1670	231
1671	241
1672	247
1673	244
1674	251
1675	222
1676	233
1677	243
1678	221
1679	230
1680	246
1681	226
1682	242
1683	205
1684	262
1685	225
1686	196
1687	225
1688	238
1689	246
1690	258
1691	250
1692	243
1693	238
1694	245
1695	218
1696	268
1697	223
1698	251
1699	230
1700	241
1701	211
1702	233
1703	255
1704	249
1705	235
1706	225
1707	260
1708	229
1709	247
1710	242
1711	243
1712	226
1713	229
1714	235
1715	243
1716	259
1717	219
1718	221
1719	250
1720	239
1721	210
1722	246
1723	218
1724	218
1725	236
1726	245
1727	261
1728	219
1729	229
1730	224
1731	193
1732	227
1733	248
1734	230
1735	253
1736	233
1737	239
1738	230
1739	246
1740	241
1741	229
1742	233
1743	253
1744	229
1745	240
1746	239
1747	213
1748	250
1749	227
1750	237
1751	238
1752	226
1753	228
1754	248
1755	234
1756	205
1757	234
1758	229
1759	236
1760	241
1761	230
1762	219
1763	220
1764	217
1765	239
1766	231
1767	221
1768	244
1769	253
1770	220
1771	222
1772	226
1773	255
1774	217
1775	238
1776	211
1777	226
1778	232
1779	212
1780	238
1781	219
1782	218
1783	262
1784	225
1785	220
1786	216
1787	225
1788	196
1789	244
1790	260
1791	222
1792	244
1793	209
1794	239
1795	217
1796	232
1797	210
1798	225
1799	220
1800	255
1801	237
1802	223
1803	221
1804	220
1805	214
1806	238
1807	230
1808	259
1809	243
1810	211
1811	235
1812	259
1813	242
1814	220
1815	221
1816	230
1817	231
1818	230
1819	203
1820	247
1821	204
1822	244
1823	259
1824	220
1825	210
1826	227
1827	211
1828	227
1829	235
1830	263
1831	227
1832	222
1833	239
1834	223
1835	212
1836	211
1837	219
1838	224
1839	216
1840	227
1841	222
1842	227
1843	205
1844	236
1845	225
1846	234
1847	202
1848	219
1849	238
1850	226
1851	224
1852	212
1853	220
1854	221
1855	201
1856	245
1857	204
1858	226
1859	226
1860	211
1861	216
1862	232
1863	215
1864	221
1865	203
1866	230
1867	234
1868	232
1869	231
1870	238
1871	213
1872	221
1873	223
1874	230
1875	236
1876	216
1877	227
1878	233
1879	196
1880	207
1881	227
1882	253
1883	214
1884	210
1885	204
1886	201
1887	201
1888	233
1889	211
1890	224
1891	218
1892	232
1893	208
1894	227
1895	206
1896	257
1897	241
1898	219
1899	230
1900	236
1901	234
1902	220
1903	214
1904	240
1905	232
1906	248
1907	184
1908	240
1909	200
1910	225
1911	204
1912	230
1913	211
1914	227
1915	203
1916	237
1917	210
1918	231
1919	228
1920	228
1921	230
1922	221
1923	228
1924	221
1925	201
1926	243
1927	218
1928	213
1929	237
1930	210
1931	225
1932	234
1933	220
1934	199
1935	210
1936	226
1937	199
1938	228
1939	209
1940	208
1941	211
1942	233
1943	208
1944	237
1945	207
1946	214
1947	197
1948	204
1949	227
1950	226
1951	214
1952	216
1953	207
1954	231
1955	208
1956	229
1957	183
1958	227
1959	250
1960	220
1961	210
1962	215
1963	211
1964	224
1965	210
1966	253
1967	207
1968	232
1969	204
1970	198
1971	225
1972	209
1973	220
1974	235
1975	213
1976	205
1977	209
1978	228
1979	203
1980	224
1981	211
1982	209
1983	210
1984	221
1985	206
1986	212
1987	204
1988	224
1989	216
1990	206
1991	207
1992	206
1993	227
1994	203
1995	217
1996	256
1997	225
1998	217
1999	225
2000	198
2001	250
2002	203
2003	207
2004	222
2005	223
2006	203
2007	190
2008	210
2009	213
2010	192
2011	208
2012	209
2013	176
2014	197
2015	204
2016	222
2017	205
2018	201
2019	190
2020	211
2021	214
2022	219
2023	203
2024	204
2025	211
2026	219
2027	227
2028	225
2029	212
2030	211
2031	211
2032	193
2033	228
2034	206
2035	219
2036	217
2037	215
2038	207
2039	214
2040	172
2041	219
2042	214
2043	211
2044	218
2045	222
2046	235
2047	208
2048	215
2049	182
2050	246
2051	196
2052	220
2053	205
2054	227
2055	200
2056	222
2057	237
2058	189
2059	194
2060	215
2061	216
2062	205
2063	200
2064	188
2065	204
2066	239
2067	190
2068	207
2069	194
2070	194
2071	225
2072	225
2073	192
2074	206
2075	202
2076	220
2077	188
2078	197
2079	198
2080	230
2081	173
2082	213
2083	222
2084	173
2085	210
2086	193
2087	250
2088	206
2089	192
2090	211
2091	218
2092	195
2093	181
2094	192
2095	238
2096	219
2097	190
2098	208
2099	228
2100	185
2101	217
2102	219
2103	199
2104	199
2105	183
2106	219
2107	197
2108	214
2109	190
2110	191
2111	203
2112	201
2113	223
2114	204
2115	174
2116	199
2117	208
2118	187
2119	190
2120	199
2121	198
2122	200
2123	214
2124	209
2125	202
2126	219
2127	187
2128	198
2129	169
2130	203
2131	222
2132	209
2133	212
2134	191
2135	229
2136	213
2137	191
2138	193
2139	209
2140	228
2141	180
2142	188
2143	227
2144	228
2145	180
2146	215
2147	190
2148	204
2149	206
2150	220
2151	191
2152	197
2153	177
2154	205
2155	200
2156	224
2157	174
2158	219
2159	195
2160	184
2161	198
2162	202
2163	175
2164	200
2165	171
2166	180
2167	193
2168	209
2169	182
2170	224
2171	189
2172	191
2173	217
2174	183
2175	204
2176	211
2177	202
2178	199
2179	191
2180	177
2181	205
2182	211
2183	196
2184	194
2185	201
2186	199
2187	196
2188	201
2189	203
2190	199
2191	193
2192	181
2193	194
2194	216
2195	204
2196	179
2197	187
2198	212
2199	218
2200	195
2201	161
2202	201
2203	181
2204	202
2205	186
2206	214
2207	196
2208	182
2209	216
2210	199
2211	203
2212	207
2213	188
2214	195
2215	194
2216	204
2217	191
2218	181
2219	175
2220	192
2221	177
2222	194
2223	175
2224	183
2225	195
2226	227
2227	199
2228	207
2229	199
2230	183
2231	171
2232	175
2233	183
2234	199
2235	179
2236	198
2237	181
2238	197
2239	185
2240	195
2241	190
2242	221
2243	176
2244	176
2245	186
2246	194
2247	208
2248	197
2249	189
2250	182
2251	205
2252	187
2253	178
2254	190
2255	194
2256	203
2257	189
2258	198
2259	208
2260	180
2261	178
2262	187
2263	176
2264	190
2265	188
2266	193
2267	189
2268	198
2269	198
2270	189
2271	190
2272	167
2273	196
2274	199
2275	180
2276	193
2277	209
2278	188
2279	185
2280	183
2281	186
2282	178
2283	199
2284	203
2285	191
2286	192
2287	194
2288	151
2289	181
2290	185
2291	167
2292	175
2293	178
2294	166
2295	199
2296	191
2297	183
2298	192
2299	162
2300	175
2301	180
2302	171
2303	172
2304	163
2305	184
2306	196
2307	167
2308	191
2309	164
2310	192
2311	175
2312	187
2313	193
2314	202
2315	175
2316	210
2317	175
2318	174
2319	158
2320	186
2321	173
2322	193
2323	201
2324	178
2325	180
2326	169
2327	190
2328	183
2329	171
2330	163
2331	172
2332	179
2333	193
2334	189
2335	150
2336	178
2337	198
2338	197
2339	192
2340	177
2341	169
2342	199
2343	209
2344	165
2345	184
2346	178
2347	156
2348	183
2349	177
2350	172
2351	192
2352	184
2353	196
2354	181
2355	182
2356	174
2357	180
2358	188
2359	183
2360	175
2361	171
2362	180
2363	190
2364	201
2365	185
2366	193
2367	168
2368	207
2369	172
2370	186
2371	170
2372	190
2373	194
2374	196
2375	156
2376	186
2377	173
2378	178
2379	182
2380	225
2381	167
2382	190
2383	176
2384	185
2385	184
2386	171
2387	165
2388	179
2389	207
2390	171
2391	199
2392	166
2393	175
2394	183
2395	178
2396	175
2397	196
2398	184
2399	180
2400	195
2401	191
2402	185
2403	183
2404	170
2405	158
2406	176
2407	150
2408	155
2409	180
2410	187
2411	189
2412	170
2413	167
2414	168
2415	176
2416	160
2417	157
2418	198
2419	150
2420	167
2421	154
2422	148
2423	170
2424	175
2425	158
2426	173
2427	164
2428	139
2429	167
2430	188
2431	157
2432	162
2433	181
2434	160
2435	171
2436	153
2437	164
2438	160
2439	168
2440	175
2441	156
2442	163
2443	174
2444	156
2445	164
2446	169
2447	191
2448	197
2449	159
2450	186
2451	187
2452	182
2453	158
2454	168
2455	162
2456	158
2457	169
2458	191
2459	153
2460	168
2461	162
2462	161
2463	186
2464	165
2465	138
2466	168
2467	179
2468	161
2469	156
2470	177
2471	151
2472	160
2473	164
2474	154
2475	178
2476	170
2477	180
2478	198
2479	159
2480	174
2481	167
2482	182
2483	176
2484	176
2485	191
2486	184
2487	168
2488	150
2489	155
2490	165
2491	159
2492	157
2493	159
2494	192
2495	148
2496	176
2497	145
2498	174
2499	179
2500	163
2501	172
2502	170
2503	155
2504	160
2505	160
2506	142
2507	168
2508	151
2509	166
2510	182
2511	151
2512	136
2513	166
2514	161
2515	162
2516	155
2517	132
2518	168
2519	162
2520	134
2521	181
2522	152
2523	142
2524	152
2525	157
2526	187
2527	158
2528	172
2529	147
2530	146
2531	169
2532	168
2533	150
2534	165
2535	166
2536	158
2537	160
2538	143
2539	183
2540	170
2541	160
2542	162
2543	166
2544	179
2545	158
2546	159
2547	134
2548	156
2549	171
2550	157
2551	172
2552	168
2553	155
2554	157
2555	140
2556	154
2557	162
2558	150
2559	167
2560	170
2561	154
2562	133
2563	157
2564	170
2565	178
2566	159
2567	158
2568	163
2569	145
2570	142
2571	162
2572	150
2573	159
2574	161
2575	148
2576	161
2577	149
2578	158
2579	150
2580	154
2581	151
2582	166
2583	158
2584	180
2585	160
2586	165
2587	150
2588	158
2589	153
2590	175
2591	194
2592	156
2593	137
2594	141
2595	161
2596	145
2597	139
2598	141
2599	162
2600	157
2601	169
2602	164
2603	152
2604	144
2605	155
2606	154
2607	150
2608	152
2609	170
2610	139
2611	145
2612	141
2613	146
2614	145
2615	156
2616	157
2617	147
2618	156
2619	166
2620	173
2621	160
2622	149
2623	157
2624	158
2625	168
2626	163
2627	155
2628	153
2629	149
2630	147
2631	153
2632	169
2633	165
2634	164
2635	146
2636	161
2637	158
2638	165
2639	141
2640	146
2641	166
2642	152
2643	152
2644	159
2645	149
2646	132
2647	163
2648	162
2649	144
2650	142
2651	137
2652	157
2653	135
2654	131
2655	150
2656	160
2657	147
2658	133
2659	159
2660	151
2661	122
2662	151
2663	149
2664	153
2665	163
2666	149
2667	146
2668	158
2669	138
2670	165
2671	150
2672	135
2673	152
2674	166
2675	150
2676	137
2677	145
2678	182
2679	146
2680	149
2681	135
2682	147
2683	155
2684	151
2685	144
2686	141
2687	155
2688	158
2689	147
2690	157
2691	160
2692	150
2693	121
2694	159
2695	157
2696	152
2697	150
2698	133
2699	135
2700	155
2701	154
2702	144
2703	145
2704	159
2705	160
2706	160
2707	143
2708	153
2709	148
2710	150
2711	130
2712	153
2713	146
2714	130
2715	156
2716	151
2717	135
2718	151
2719	167
2720	153
2721	126
2722	174
2723	149
2724	143
2725	142
2726	131
2727	130
2728	138
2729	149
2730	121
2731	148
2732	155
2733	151
2734	121
2735	140
2736	147
2737	154
2738	142
2739	154
2740	144
2741	119
2742	143
2743	141
2744	141
2745	141
2746	163
2747	142
2748	163
2749	141
2750	142
2751	155
2752	132
2753	131
2754	153
2755	120
2756	146
2757	125
2758	139
2759	140
2760	150
2761	149
2762	138
2763	145
2764	130
2765	150
2766	134
2767	137
2768	142
2769	126
2770	169
2771	137
2772	145
2773	123
2774	140
2775	129
2776	145
2777	127
2778	109
2779	154
2780	120
2781	132
2782	144
2783	154
2784	123
2785	145
2786	127
2787	140
2788	142
2789	142
2790	148
2791	140
2792	151
2793	114
2794	146
2795	126
2796	136
2797	131
2798	152
2799	144
2800	122
2801	139
2802	145
2803	126
2804	133
2805	132
2806	153
2807	125
2808	121
2809	137
2810	152
2811	142
2812	145
2813	123
2814	147
2815	127
2816	144
2817	123
2818	132
2819	164
2820	171
2821	146
2822	148
2823	139
2824	143
2825	129
2826	127
2827	155
2828	149
2829	141
2830	138
2831	137
2832	142
2833	117
2834	114
2835	120
2836	130
2837	137
2838	174
2839	148
2840	141
2841	113
2842	131
2843	123
2844	149
2845	128
2846	146
2847	136
2848	130
2849	130
2850	134
2851	132
2852	141
2853	125
2854	112
2855	127
2856	122
2857	129
2858	125
2859	122
2860	139
2861	137
2862	131
2863	131
2864	124
2865	131
2866	130
2867	131
2868	110
2869	142
2870	131
2871	125
2872	128
2873	121
2874	130
2875	132
2876	123
2877	120
2878	139
2879	123
2880	130
2881	140
2882	117
2883	112
2884	111
2885	129
2886	148
2887	142
2888	125
2889	124
2890	118
2891	137
2892	130
2893	127
2894	136
2895	122
2896	132
2897	117
2898	132
2899	133
2900	140
2901	129
2902	122
2903	120
2904	125
2905	131
2906	126
2907	128
2908	119
2909	124
2910	121
2911	149
2912	136
2913	120
2914	125
2915	123
2916	124
2917	134
2918	133
2919	126
2920	126
2921	138
2922	132
2923	102
2924	118
2925	141
2926	121
2927	114
2928	132
2929	112
2930	126
2931	126
2932	129
2933	123
2934	130
2935	107
2936	118
2937	107
2938	127
2939	117
2940	112
2941	121
2942	118
2943	136
2944	129
2945	134
2946	132
2947	136
2948	102
2949	121
2950	127
2951	136
2952	127
2953	116
2954	96
2955	159
2956	138
2957	106
2958	125
2959	123
2960	128
2961	126
2962	119
2963	114
2964	133
2965	107
2966	132
2967	121
2968	138
2969	132
2970	131
2971	122
2972	106
2973	127
2974	111
2975	123
2976	110
2977	110
2978	133
2979	117
2980	133
2981	100
2982	114
2983	99
2984	120
2985	119
2986	102
2987	109
2988	110
2989	105
2990	104
2991	112
2992	120
2993	114
2994	99
2995	115
2996	124
2997	104
2998	129
2999	109
3000	135
3001	116
3002	115
3003	121
3004	111
3005	112
3006	97
3007	124
3008	116
3009	121
3010	106
3011	134
3012	118
3013	110
3014	96
3015	98
3016	120
3017	141
3018	107
3019	108
3020	116
3021	123
3022	101
3023	103
3024	122
3025	119
3026	107
3027	142
3028	94
3029	96
3030	114
3031	119
3032	86
3033	104
3034	101
3035	110
3036	120
3037	112
3038	121
3039	106
3040	120
3041	101
3042	117
3043	105
3044	103
3045	119
3046	101
3047	125
3048	118
3049	95
3050	119
3051	101
3052	107
3053	108
3054	126
3055	118
3056	132
3057	104
3058	106
3059	106
3060	127
3061	131
3062	112
3063	101
3064	103
3065	92
3066	113
3067	111
3068	108
3069	115
3070	117
3071	130
3072	95
3073	116
3074	108
3075	104
3076	110
3077	104
3078	111
3079	91
3080	114
3081	111
3082	96
3083	96
3084	107
3085	96
3086	101
3087	120
3088	116
3089	103
3090	100
3091	119
3092	123
3093	99
3094	97
3095	122
3096	111
3097	112
3098	110
3099	116
3100	126
3101	104
3102	106
3103	115
3104	104
3105	107
3106	127
3107	109
3108	95
3109	87
3110	110
3111	106
3112	103
3113	98
3114	105
3115	112
3116	110
3117	112
3118	89
3119	101
3120	115
3121	86
3122	122
3123	84
3124	90
3125	107
3126	114
3127	102
3128	110
3129	99
3130	110
3131	99
3132	96
3133	105
3134	100
3135	91
3136	103
3137	106
3138	110
3139	107
3140	94
3141	116
3142	90
3143	103
3144	102
3145	110
3146	93
3147	97
3148	85
3149	114
3150	106
3151	101
3152	108
3153	106
3154	97
3155	101
3156	120
3157	103
3158	93
3159	96
3160	114
3161	107
3162	92
3163	107
3164	110
3165	97
3166	124
3167	99
3168	97
3169	85
3170	98
3171	101
3172	96
3173	94
3174	80
3175	87
3176	98
3177	112
3178	100
3179	89
3180	99
3181	88
3182	101
3183	88
3184	114
3185	109
3186	123
3187	107
3188	116
3189	86
3190	98
3191	98
3192	101
3193	105
3194	116
3195	110
3196	98
3197	95
3198	98
3199	86
3200	105
3201	95
3202	98
3203	83
3204	108
3205	90
3206	112
3207	91
3208	110
3209	88
3210	87
3211	81
3212	95
3213	116
3214	113
3215	111
3216	103
3217	110
3218	96
3219	94
3220	89
3221	87
3222	99
3223	95
3224	94
3225	94
3226	113
3227	101
3228	117
3229	91
3230	90
3231	88
3232	108
3233	98
3234	83
3235	102
3236	99
3237	105
3238	92
3239	92
3240	119
3241	106
3242	102
3243	98
3244	86
3245	76
3246	104
3247	103
3248	100
3249	108
3250	102
3251	99
3252	91
3253	91
3254	89
3255	90
3256	88
3257	87
3258	107
3259	85
3260	96
3261	78
3262	99
3263	85
3264	69
3265	93
3266	97
3267	91
3268	95
3269	83
3270	76
3271	92
3272	117
3273	78
3274	86
3275	105
3276	95
3277	80
3278	93
3279	93
3280	88
3281	82
3282	112
3283	97
3284	90
3285	101
3286	99
3287	90
3288	95
3289	104
3290	97
3291	107
3292	82
3293	101
3294	104
3295	91
3296	99
3297	75
3298	73
3299	78
3300	97
3301	89
3302	112
3303	101
3304	106
3305	95
3306	90
3307	103
3308	83
3309	93
3310	97
3311	102
3312	96
3313	79
3314	95
3315	92
3316	75
3317	89
3318	102
3319	100
3320	100
3321	91
3322	94
3323	66
3324	110
3325	92
3326	81
3327	83
3328	92
3329	86
3330	76
3331	75
3332	77
3333	81
3334	92
3335	83
3336	85
3337	89
3338	78
3339	91
3340	83
3341	94
3342	89
3343	88
3344	88
3345	98
3346	84
3347	89
3348	81
3349	69
3350	92
3351	90
3352	72
3353	92
3354	87
3355	87
3356	95
3357	78
3358	84
3359	108
3360	72
3361	80
3362	93
3363	81
3364	73
3365	73
3366	83
3367	83
3368	85
3369	90
3370	76
3371	91
3372	81
3373	98
3374	87
3375	85
3376	80
3377	90
3378	109
3379	111
3380	80
3381	99
3382	84
3383	83
3384	91
3385	70
3386	82
3387	84
3388	95
3389	78
3390	89
3391	77
3392	90
3393	89
3394	80
3395	87
3396	80
3397	70
3398	81
3399	75
3400	70
3401	101
3402	82
3403	89
3404	89
3405	80
3406	84
3407	98
3408	82
3409	87
3410	88
3411	80
3412	82
3413	87
3414	93
3415	108
3416	76
3417	86
3418	78
3419	82
3420	88
3421	75
3422	73
3423	77
3424	83
3425	74
3426	77
3427	95
3428	80
3429	82
3430	86
3431	75
3432	73
3433	73
3434	67
3435	86
3436	69
3437	78
3438	86
3439	75
3440	96
3441	79
3442	74
3443	88
3444	67
3445	75
3446	100
3447	68
3448	67
3449	76
3450	94
3451	83
3452	83
3453	72
3454	76
3455	49
3456	80
3457	79
3458	91
3459	99
3460	72
3461	72
3462	78
3463	69
3464	75
3465	71
3466	87
3467	76
3468	71
3469	67
3470	68
3471	80
3472	76
3473	63
3474	66
3475	84
3476	69
3477	80
3478	84
3479	72
3480	83
3481	67
3482	75
3483	67
3484	72
3485	90
3486	62
3487	81
3488	64
3489	82
3490	77
3491	67
3492	68
3493	68
3494	83
3495	67
3496	73
3497	68
3498	60
3499	75
3500	93
3501	79
3502	88
3503	73
3504	78
3505	58
3506	73
3507	63
3508	91
3509	79
3510	72
3511	74
3512	63
3513	68
3514	59
3515	69
3516	74
3517	62
3518	88
3519	64
3520	62
3521	70
3522	74
3523	75
3524	86
3525	74
3526	66
3527	75
3528	64
3529	76
3530	61
3531	72
3532	81
3533	52
3534	64
3535	72
3536	91
3537	67
3538	65
3539	70
3540	84
3541	67
3542	79
3543	86
3544	57
3545	55
3546	59
3547	63
3548	72
3549	63
3550	77
3551	80
3552	74
3553	61
3554	71
3555	76
3556	74
3557	63
3558	80
3559	76
3560	64
3561	68
3562	77
3563	74
3564	64
3565	61
3566	64
3567	66
3568	75
3569	73
3570	69
3571	63
3572	57
3573	51
3574	79
3575	66
3576	63
3577	71
3578	74
3579	64
3580	70
3581	81
3582	67
3583	68
3584	60
3585	61
3586	66
3587	81
3588	72
3589	80
3590	59
3591	82
3592	65
3593	60
3594	67
3595	88
3596	68
3597	67
3598	75
3599	65
3600	56
3601	67
3602	64
3603	64
3604	68
3605	50
3606	61
3607	81
3608	80
3609	41
3610	62
3611	58
3612	55
3613	60
3614	64
3615	74
3616	67
3617	68
3618	71
3619	71
3620	52
3621	81
3622	66
3623	65
3624	70
3625	69
3626	77
3627	55
3628	81
3629	53
3630	75
3631	73
3632	60
3633	70
3634	80
3635	58
3636	72
3637	49
3638	70
3639	55
3640	62
3641	56
3642	61
3643	79
3644	70
3645	65
3646	54
3647	60
3648	57
3649	73
3650	76
3651	81
3652	82
3653	56
3654	59
3655	74
3656	68
3657	73
3658	63
3659	63
3660	73
3661	60
3662	57
3663	59
3664	76
3665	65
3666	56
3667	61
3668	46
3669	71
3670	60
3671	67
3672	62
3673	68
3674	70
3675	63
3676	66
3677	68
3678	59
3679	66
3680	57
3681	66
3682	62
3683	53
3684	67
3685	67
3686	60
3687	56
3688	77
3689	51
3690	63
3691	64
3692	80
3693	62
3694	58
3695	46
3696	60
3697	67
3698	57
3699	60
3700	62
3701	59
3702	58
3703	59
3704	66
3705	72
3706	62
3707	49
3708	55
3709	69
3710	60
3711	54
3712	63
3713	63
3714	65
3715	64
3716	63
3717	58
3718	71
3719	65
3720	68
3721	72
3722	62
3723	60
3724	62
3725	54
3726	60
3727	49
3728	50
3729	61
3730	59
3731	60
3732	47
3733	52
3734	64
3735	60
3736	54
3737	53
3738	60
3739	59
3740	66
3741	51
3742	53
3743	51
3744	60
3745	53
3746	59
3747	48
3748	74
3749	49
3750	58
3751	48
3752	62
3753	67
3754	44
3755	49
3756	66
3757	54
3758	50
3759	64
3760	62
3761	51
3762	40
3763	70
3764	74
3765	59
3766	72
3767	57
3768	53
3769	52
3770	49
3771	60
3772	58
3773	55
3774	59
3775	57
3776	62
3777	62
3778	47
3779	60
3780	53
3781	55
3782	63
3783	51
3784	50
3785	59
3786	65
3787	48
3788	42
3789	62
3790	50
3791	71
3792	66
3793	57
3794	50
3795	64
3796	56
3797	49
3798	62
3799	69
3800	42
3801	55
3802	66
3803	58
3804	45
3805	48
3806	44
3807	49
3808	43
3809	66
3810	64
3811	61
3812	49
3813	59
3814	46
3815	55
3816	58
3817	61
3818	53
3819	55
3820	45
3821	53
3822	57
3823	55
3824	58
3825	50
3826	70
3827	49
3828	48
3829	63
3830	48
3831	73
3832	57
3833	41
3834	58
3835	55
3836	53
3837	48
3838	51
3839	42
3840	57
3841	54
3842	51
3843	49
3844	54
3845	54
3846	38
3847	49
3848	55
3849	58
3850	48
3851	48
3852	40
3853	57
3854	57
3855	50
3856	55
3857	64
3858	39
3859	46
3860	64
3861	51
3862	48
3863	49
3864	32
3865	47
3866	51
3867	47
3868	39
3869	62
3870	55
3871	52
3872	56
3873	46
3874	46
3875	51
3876	51
3877	59
3878	51
3879	43
3880	49
3881	54
3882	51
3883	43
3884	52
3885	55
3886	42
3887	50
3888	48
3889	60
3890	41
3891	52
3892	58
3893	47
3894	39
3895	53
3896	49
3897	51
3898	61
3899	43
3900	40
3901	38
3902	52
3903	51
3904	64
3905	56
3906	44
3907	45
3908	40
3909	45
3910	61
3911	51
3912	54
3913	51
3914	48
3915	48
3916	56
3917	44
3918	52
3919	51
3920	50
3921	51
3922	53
3923	47
3924	53
3925	48
3926	41
3927	41
3928	42
3929	58
3930	43
3931	47
3932	50
3933	66
3934	44
3935	49
3936	44
3937	44
3938	41
3939	46
3940	47
3941	48
3942	42
3943	41
3944	44
3945	55
3946	53
3947	45
3948	45
3949	50
3950	42
3951	47
3952	44
3953	48
3954	43
3955	53
3956	41
3957	40
3958	47
3959	45
3960	33
3961	37
3962	46
3963	51
3964	42
3965	53
3966	35
3967	46
3968	49
3969	54
3970	43
3971	54
3972	48
3973	40
3974	43
3975	47
3976	35
3977	38
3978	40
3979	44
3980	50
3981	28
3982	50
3983	34
3984	42
3985	47
3986	49
3987	40
3988	46
3989	55
3990	47
3991	28
3992	51
3993	61
3994	54
3995	39
3996	43
3997	49
3998	42
3999	41
4000	51
4001	34
4002	33
4003	53
4004	54
4005	38
4006	43
4007	37
4008	49
4009	38
4010	46
4011	35
4012	33
4013	37
4014	52
4015	35
4016	32
4017	47
4018	42
4019	53
4020	39
4021	50
4022	40
4023	43
4024	41
4025	34
4026	33
4027	40
4028	38
4029	47
4030	48
4031	52
4032	48
4033	49
4034	38
4035	56
4036	32
4037	36
4038	53
4039	29
4040	47
4041	38
4042	34
4043	55
4044	36
4045	44
4046	47
4047	42
4048	43
4049	34
4050	49
4051	38
4052	41
4053	37
4054	45
4055	41
4056	40
4057	38
4058	50
4059	47
4060	39
4061	42
4062	42
4063	40
4064	39
4065	45
4066	43
4067	48
4068	38
4069	45
4070	35
4071	44
4072	43
4073	39
4074	43
4075	37
4076	37
4077	34
4078	48
4079	28
4080	41
4081	34
4082	48
4083	40
4084	39
4085	38
4086	42
4087	48
4088	39
4089	38
4090	56
4091	39
4092	33
4093	46
4094	32
4095	42
4096	33
4097	49
4098	36
4099	42
4100	35
4101	45
4102	46
4103	41
4104	39
4105	32
4106	48
4107	41
4108	44
4109	26
4110	40
4111	46
4112	35
4113	47
4114	32
4115	32
4116	34
4117	39
4118	47
4119	41
4120	44
4121	38
4122	44
4123	39
4124	50
4125	30
4126	37
4127	38
4128	38
4129	35
4130	32
4131	45
4132	38
4133	39
4134	29
4135	38
4136	29
4137	43
4138	49
4139	38
4140	34
4141	34
4142	42
4143	39
4144	40
4145	46
4146	57
4147	41
4148	33
4149	39
4150	40
4151	35
4152	30
4153	45
4154	25
4155	37
4156	42
4157	42
4158	41
4159	28
4160	33
4161	47
4162	26
4163	36
4164	30
4165	29
4166	40
4167	41
4168	40
4169	45
4170	30
4171	31
4172	30
4173	36
4174	33
4175	35
4176	39
4177	27
4178	41
4179	38
4180	38
4181	31
4182	34
4183	42
4184	26
4185	31
4186	33
4187	34
4188	40
4189	31
4190	39
4191	36
4192	29
4193	36
4194	30
4195	34
4196	31
4197	39
4198	37
4199	38
4200	34
4201	21
4202	38
4203	43
4204	25
4205	36
4206	33
4207	33
4208	28
4209	34
4210	36
4211	33
4212	31
4213	37
4214	32
4215	27
4216	41
4217	36
4218	42
4219	39
4220	38
4221	38
4222	32
4223	33
4224	38
4225	42
4226	35
4227	31
4228	34
4229	42
4230	31
4231	36
4232	23
4233	28
4234	28
4235	42
4236	30
4237	21
4238	28
4239	35
4240	29
4241	33
4242	38
4243	44
4244	38
4245	27
4246	35
4247	26
4248	29
4249	25
4250	29
4251	31
4252	28
4253	28
4254	36
4255	34
4256	30
4257	33
4258	34
4259	25
4260	31
4261	37
4262	31
4263	31
4264	38
4265	31
4266	37
4267	28
4268	12
4269	28
4270	30
4271	25
4272	33
4273	26
4274	24
4275	32
4276	30
4277	33
4278	42
4279	33
4280	37
4281	38
4282	42
4283	19
4284	26
4285	18
4286	34
4287	27
4288	31
4289	28
4290	35
4291	35
4292	34
4293	29
4294	32
4295	37
4296	29
4297	23
4298	36
4299	29
4300	27
4301	37
4302	27
4303	42
4304	19
4305	36
4306	31
4307	35
4308	35
4309	15
4310	42
4311	28
4312	35
4313	37
4314	32
4315	33
4316	20
4317	32
4318	31
4319	41
4320	36
4321	26
4322	35
4323	32
4324	23
4325	33
4326	29
4327	27
4328	26
4329	29
4330	26
4331	32
4332	25
4333	27
4334	35
4335	31
4336	20
4337	36
4338	22
4339	38
4340	28
4341	32
4342	20
4343	39
4344	28
4345	35
4346	29
4347	32
4348	24
4349	26
4350	39
4351	24
4352	26
4353	23
4354	24
4355	32
4356	21
4357	21
4358	35
4359	25
4360	18
4361	32
4362	23
4363	34
4364	25
4365	19
4366	27
4367	26
4368	39
4369	31
4370	24
4371	34
4372	33
4373	21
4374	37
4375	16
4376	26
4377	24
4378	21
4379	34
4380	29
4381	27
4382	25
4383	26
4384	24
4385	28
4386	31
4387	31
4388	35
4389	28
4390	42
4391	34
4392	26
4393	29
4394	37
4395	26
4396	29
4397	29
4398	36
4399	24
4400	28
4401	23
4402	24
4403	27
4404	18
4405	34
4406	27
4407	23
4408	56
4409	29
4410	18
4411	22
4412	28
4413	26
4414	22
4415	28
4416	39
4417	34
4418	25
4419	25
4420	27
4421	20
4422	33
4423	26
4424	26
4425	28
4426	24
4427	21
4428	24
4429	30
4430	24
4431	26
4432	29
4433	23
4434	24
4435	17
4436	28
4437	22
4438	20
4439	24
4440	19
4441	22
4442	24
4443	19
4444	23
4445	31
4446	31
4447	30
4448	22
4449	33
4450	27
4451	30
4452	25
4453	35
4454	25
4455	24
4456	26
4457	29
4458	23
4459	16
4460	23
4461	28
4462	22
4463	20
4464	24
4465	27
4466	23
4467	29
4468	25
4469	23
4470	32
4471	30
4472	26
4473	26
4474	17
4475	31
4476	19
4477	25
4478	22
4479	29
4480	24
4481	28
4482	16
4483	29
4484	22
4485	31
4486	23
4487	26
4488	24
4489	17
4490	29
4491	19
4492	26
4493	28
4494	26
4495	24
4496	20
4497	27
4498	17
4499	32
4500	24
4501	26
4502	21
4503	19
4504	21
4505	15
4506	33
4507	13
4508	31
4509	19
4510	24
4511	23
4512	23
4513	21
4514	28
4515	11
4516	28
4517	28
4518	24
4519	16
4520	20
4521	27
4522	24
4523	17
4524	15
4525	20
4526	22
4527	23
4528	23
4529	20
4530	23
4531	21
4532	26
4533	18
4534	26
4535	26
4536	22
4537	23
4538	22
4539	17
4540	24
4541	31
4542	17
4543	30
4544	14
4545	23
4546	27
4547	17
4548	20
4549	25
4550	20
4551	28
4552	16
4553	28
4554	28
4555	17
4556	32
4557	22
4558	29
4559	27
4560	29
4561	29
4562	24
4563	20
4564	23
4565	18
4566	25
4567	18
4568	18
4569	26
4570	20
4571	29
4572	24
4573	11
4574	32
4575	17
4576	21
4577	20
4578	18
4579	19
4580	19
4581	20
4582	14
4583	26
4584	24
4585	17
4586	24
4587	19
4588	23
4589	31
4590	22
4591	19
4592	16
4593	22
4594	21
4595	21
4596	22
4597	18
4598	15
4599	20
4600	23
4601	14
4602	25
4603	20
4604	14
4605	27
4606	21
4607	17
4608	14
4609	27
4610	22
4611	23
4612	22
4613	23
4614	25
4615	30
4616	14
4617	24
4618	14
4619	14
4620	22
4621	17
4622	29
4623	12
4624	23
4625	25
4626	19
4627	25
4628	20
4629	15
4630	19
4631	19
4632	23
4633	18
4634	21
4635	21
4636	13
4637	15
4638	22
4639	23
4640	21
4641	20
4642	24
4643	20
4644	18
4645	22
4646	18
4647	18
4648	18
4649	28
4650	22
4651	17
4652	22
4653	15
4654	16
4655	19
4656	20
4657	22
4658	21
4659	14
4660	13
4661	21
4662	13
4663	15
4664	16
4665	17
4666	15
4667	18
4668	21
4669	8
4670	24
4671	15
4672	26
4673	23
4674	17
4675	15
4676	21
4677	10
4678	11
4679	20
4680	14
4681	16
4682	22
4683	26
4684	18
4685	19
4686	24
4687	22
4688	19
4689	17
4690	20
4691	14
4692	16
4693	19
4694	15
4695	18
4696	17
4697	22
4698	18
4699	9
4700	12
4701	22
4702	17
4703	21
4704	23
4705	14
4706	14
4707	15
4708	14
4709	21
4710	27
4711	20
4712	19
4713	18
4714	26
4715	18
4716	14
4717	16
4718	21
4719	18
4720	13
4721	16
4722	21
4723	15
4724	22
4725	21
4726	26
4727	23
4728	25
4729	18
4730	18
4731	17
4732	19
4733	12
4734	21
4735	23
4736	23
4737	19
4738	20
4739	17
4740	21
4741	8
4742	23
4743	18
4744	17
4745	17
4746	20
4747	23
4748	18
4749	16
4750	16
4751	18
4752	20
4753	15
4754	18
4755	20
4756	13
4757	21
4758	22
4759	28
4760	13
4761	17
4762	10
4763	15
4764	15
4765	13
4766	17
4767	25
4768	14
4769	20
4770	15
4771	16
4772	11
4773	23
4774	15
4775	23
4776	16
4777	13
4778	11
4779	22
4780	10
4781	13
4782	19
4783	21
4784	23
4785	12
4786	17
4787	13
4788	14
4789	16
4790	23
4791	15
4792	18
4793	21
4794	13
4795	19
4796	13
4797	11
4798	18
4799	24
4800	17
4801	11
4802	10
4803	15
4804	9
4805	14
4806	14
4807	16
4808	15
4809	17
4810	16
4811	20
4812	14
4813	13
4814	16
4815	14
4816	16
4817	20
4818	24
4819	16
4820	8
4821	14
4822	13
4823	18
4824	11
4825	16
4826	15
4827	18
4828	18
4829	23
4830	14
4831	20
4832	20
4833	16
4834	17
4835	20
4836	15
4837	13
4838	19
4839	19
4840	13
4841	18
4842	13
4843	14
4844	24
4845	13
4846	20
4847	18
4848	13
4849	13
4850	18
4851	10
4852	15
4853	22
4854	15
4855	15
4856	18
4857	13
4858	21
4859	19
4860	14
4861	11
4862	14
4863	7
4864	18
4865	7
4866	12
4867	26
4868	14
4869	9
4870	16
4871	11
4872	7
4873	12
4874	18
4875	12
4876	14
4877	15
4878	18
4879	18
4880	12
4881	12
4882	14
4883	16
4884	12
4885	17
4886	12
4887	14
4888	11
4889	16
4890	12
4891	17
4892	19
4893	12
4894	14
4895	17
4896	14
4897	22
4898	12
4899	16
4900	14
4901	17
4902	14
4903	16
4904	17
4905	16
4906	18
4907	23
4908	11
4909	18
4910	14
4911	19
4912	15
4913	11
4914	11
4915	13
4916	15
4917	17
4918	20
4919	9
4920	16
4921	6
4922	14
4923	12
4924	16
4925	11
4926	16
4927	22
4928	17
4929	13
4930	8
4931	14
4932	15
4933	12
4934	13
4935	16
4936	10
4937	10
4938	15
4939	16
4940	12
4941	19
4942	16
4943	15
4944	13
4945	20
4946	10
4947	13
4948	21
4949	11
4950	19
4951	16
4952	11
4953	14
4954	12
4955	7
4956	12
4957	8
4958	11
4959	12
4960	13
4961	14
4962	11
4963	12
4964	15
4965	14
4966	17
4967	11
4968	23
4969	15
4970	10
4971	10
4972	10
4973	12
4974	14
4975	12
4976	10
4977	11
4978	9
4979	13
4980	12
4981	19
4982	12
4983	16
4984	8
4985	14
4986	13
4987	12
4988	10
4989	17
4990	13
4991	19
4992	14
4993	5
4994	13
4995	14
4996	12
4997	16
4998	9
4999	12
5000	14
5001	17
5002	9
5003	11
5004	14
5005	12
5006	14
5007	13
5008	13
5009	11
5010	16
5011	13
5012	13
5013	17
5014	18
5015	11
5016	13
5017	18
5018	16
5019	9
5020	10
5021	8
5022	11
5023	15
5024	12
5025	11
5026	15
5027	10
5028	9
5029	12
5030	11
5031	11
5032	18
5033	16
5034	13
5035	13
5036	20
5037	14
5038	13
5039	14
5040	16
5041	16
5042	8
5043	10
5044	20
5045	20
5046	10
5047	8
5048	10
5049	14
5050	10
5051	16
5052	10
5053	14
5054	9
5055	8
5056	14
5057	8
5058	10
5059	13
5060	18
5061	14
5062	11
5063	13
5064	14
5065	12
5066	9
5067	11
5068	10
5069	9
5070	11
5071	6
5072	12
5073	11
5074	17
5075	8
5076	16
5077	8
5078	5
5079	13
5080	15
5081	9
5082	16
5083	13
5084	10
5085	9
5086	10
5087	10
5088	11
5089	10
5090	11
5091	11
5092	19
5093	14
5094	10
5095	10
5096	13
5097	9
5098	14
5099	5
5100	5
5101	16
5102	16
5103	18
5104	18
5105	15
5106	10
5107	9
5108	16
5109	6
5110	11
5111	15
5112	15
5113	15
5114	8
5115	10
5116	11
5117	11
5118	11
5119	14
5120	6
5121	11
5122	8
5123	14
5124	6
5125	9
5126	8
5127	6
5128	10
5129	12
5130	12
5131	3
5132	9
5133	10
5134	9
5135	7
5136	10
5137	15
5138	14
5139	10
5140	8
5141	6
5142	9
5143	10
5144	18
5145	11
5146	6
5147	8
5148	13
5149	12
5150	15
5151	14
5152	7
5153	10
5154	10
5155	7
5156	16
5157	11
5158	5
5159	6
5160	10
5161	12
5162	10
5163	11
5164	5
5165	6
5166	16
5167	7
5168	13
5169	8
5170	15
5171	10
5172	11
5173	10
5174	12
5175	10
5176	9
5177	4
5178	18
5179	8
5180	14
5181	13
5182	9
5183	12
5184	12
5185	6
5186	13
5187	10
5188	10
5189	16
5190	12
5191	7
5192	8
5193	10
5194	10
5195	12
5196	10
5197	8
5198	5
5199	13
5200	4
5201	6
5202	16
5203	7
5204	15
5205	5
5206	9
5207	9
5208	13
5209	7
5210	5
5211	11
5212	17
5213	7
5214	12
5215	11
5216	5
5217	13
5218	7
5219	9
5220	13
5221	17
5222	8
5223	13
5224	10
5225	15
5226	2
5227	10
5228	8
5229	7
5230	10
5231	14
5232	14
5233	6
5234	11
5235	7
5236	10
5237	6
5238	18
5239	11
5240	12
5241	17
5242	5
5243	8
5244	3
5245	6
5246	6
5247	8
5248	11
5249	8
5250	13
5251	10
5252	7
5253	9
5254	10
5255	11
5256	9
5257	10
5258	10
5259	12
5260	7
5261	7
5262	5
5263	5
5264	11
5265	9
5266	14
5267	11
5268	9
5269	9
5270	9
5271	5
5272	12
5273	8
5274	8
5275	12
5276	13
5277	14
5278	7
5279	11
5280	12
5281	4
5282	12
5283	10
5284	6
5285	8
5286	3
5287	10
5288	6
5289	9
5290	8
5291	4
5292	9
5293	3
5294	6
5295	7
5296	11
5297	11
5298	11
5299	8
5300	6
5301	11
5302	7
5303	10
5304	7
5305	6
5306	11
5307	6
5308	11
5309	9
5310	8
5311	9
5312	11
5313	10
5314	5
5315	7
5316	10
5317	7
5318	6
5319	14
5320	4
5321	7
5322	6
5323	15
5324	7
5325	11
5326	11
5327	8
5328	7
5329	11
5330	8
5331	12
5332	11
5333	17
5334	8
5335	9
5336	9
5337	7
5338	10
5339	7
5340	9
5341	9
5342	7
5343	10
5344	5
5345	3
5346	7
5347	9
5348	4
5349	10
5350	4
5351	9
5352	10
5353	13
5354	7
5355	7
5356	6
5357	7
5358	6
5359	5
5360	6
5361	6
5362	6
5363	7
5364	6
5365	6
5366	3
5367	6
5368	7
5369	8
5370	6
5371	10
5372	4
5373	13
5374	10
5375	8
5376	9
5377	6
5378	11
5379	6
5380	10
5381	15
5382	6
5383	6
5384	7
5385	9
5386	10
5387	7
5388	8
5389	10
5390	7
5391	3
5392	6
5393	10
5394	9
5395	2
5396	10
5397	9
5398	7
5399	9
5400	9
5401	10
5402	13
5403	5
5404	6
5405	7
5406	4
5407	8
5408	11
5409	8
5410	3
5411	12
5412	14
5413	8
5414	8
5415	9
5416	11
5417	9
5418	4
5419	11
5420	18
5421	4
5422	7
5423	7
5424	10
5425	6
5426	8
5427	13
5428	10
5429	11
5430	8
5431	7
5432	4
5433	10
5434	9
5435	5
5436	8
5437	7
5438	10
5439	6
5440	6
5441	6
5442	8
5443	6
5444	3
5445	7
5446	7
5447	4
5448	8
5449	7
5450	10
5451	11
5452	5
5453	6
5454	14
5455	11
5456	7
5457	9
5458	7
5459	7
5460	7
5461	6
5462	6
5463	11
5464	5
5465	8
5466	8
5467	8
5468	11
5469	12
5470	10
5471	10
5472	14
5473	2
5474	11
5475	11
5476	4
5477	7
5478	7
5479	8
5480	5
5481	6
5482	5
5483	9
5484	8
5485	1
5486	6
5487	9
5488	9
5489	9
5490	10
5491	6
5492	6
5493	5
5494	8
5495	6
5496	10
5497	6
5498	13
5499	6
5500	5
5501	10
5502	4
5503	8
5504	4
5505	4
5506	3
5507	12
5508	4
5509	5
5510	8
5511	4
5512	4
5513	11
5514	7
5515	7
5516	9
5517	7
5518	7
5519	9
5520	16
5521	10
5522	7
5523	7
5524	3
5525	5
5526	5
5527	11
5528	10
5529	7
5530	5
5531	5
5532	13
5533	11
5534	9
5535	8
5536	6
5537	4
5538	6
5539	4
5540	7
5541	7
5542	6
5543	3
5544	3
5545	4
5546	5
5547	4
5548	8
5549	9
5550	12
5551	6
5552	7
5553	7
5554	7
5555	7
5556	9
5557	7
5558	10
5559	3
5560	7
5561	5
5562	4
5563	12
5564	6
5565	5
5566	5
5567	5
5568	6
5569	4
5570	2
5571	5
5572	2
5573	10
5574	8
5575	7
5576	5
5577	6
5578	5
5579	11
5580	9
5581	10
5582	7
5583	6
5584	8
5585	10
5586	7
5587	12
5588	9
5589	5
5590	6
5591	9
5592	3
5593	8
5594	9
5595	9
5596	7
5597	7
5598	6
5599	4
5600	3
5601	7
5602	10
5603	7
5604	4
5605	2
5606	6
5607	2
5608	6
5609	9
5610	10
5611	3
5612	7
5613	6
5614	4
5615	5
5616	8
5617	7
5618	8
5619	1
5620	7
5621	5
5622	4
5623	8
5624	6
5625	7
5626	12
5627	6
5628	4
5629	6
5630	5
5631	4
5632	13
5633	7
5634	7
5635	4
5636	7
5637	5
5638	4
5639	8
5640	2
5641	7
5642	6
5643	6
5644	5
5646	13
5647	2
5648	5
5649	4
5650	4
5651	7
5652	11
5653	7
5654	3
5655	8
5656	5
5657	6
5658	3
5659	2
5660	4
5661	8
5662	4
5663	6
5664	6
5665	6
5666	4
5667	6
5668	9
5669	4
5670	4
5671	11
5672	5
5673	2
5674	1
5675	1
5676	9
5677	6
5678	8
5679	8
5680	6
5681	8
5682	2
5683	5
5684	5
5685	3
5686	4
5687	4
5688	4
5689	5
5690	6
5691	4
5692	5
5693	6
5694	5
5695	6
5696	5
5697	4
5698	5
5699	4
5700	6
5701	7
5702	5
5703	8
5704	7
5705	5
5706	6
5707	4
5708	8
5709	6
5710	8
5711	5
5712	3
5713	3
5714	7
5715	8
5716	5
5717	2
5718	9
5719	2
5720	7
5721	4
5722	10
5723	4
5724	6
5725	7
5726	2
5727	4
5728	8
5729	4
5730	7
5731	4
5732	4
5733	3
5734	5
5735	9
5736	5
5737	9
5738	4
5739	5
5740	7
5741	3
5742	5
5743	3
5744	4
5745	4
5746	5
5747	6
5748	6
5749	7
5750	8
5751	8
5752	5
5753	3
5754	4
5755	5
5756	7
5757	7
5758	5
5759	8
5760	5
5761	3
5762	6
5763	3
5764	6
5765	4
5766	3
5767	3
5768	3
5769	2
5770	1
5771	2
5772	4
5773	6
5774	5
5775	6
5776	5
5777	5
5778	2
5779	8
5780	4
5781	6
5782	5
5783	2
5784	2
5785	8
5786	12
5787	5
5788	4
5789	3
5790	3
5791	4
5792	4
5793	3
5794	8
5795	4
5796	2
5797	4
5798	5
5799	8
5800	6
5801	7
5802	8
5803	4
5804	9
5805	2
5806	4
5807	11
5808	2
5809	6
5810	2
5811	6
5812	5
5813	5
5814	4
5815	5
5816	3
5817	5
5818	3
5819	4
5820	6
5821	5
5822	4
5823	4
5824	9
5825	8
5826	5
5827	6
5828	6
5829	6
5830	2
5831	4
5832	1
5833	2
5834	5
5835	5
5836	5
5837	4
5838	4
5839	3
5840	6
5841	6
5842	7
5843	3
5844	5
5845	5
5846	3
5847	5
5848	5
5849	7
5850	12
5851	3
5852	5
5853	5
5854	8
5855	1
5856	5
5857	6
5858	3
5859	6
5860	5
5861	4
5862	2
5863	7
5864	4
5865	6
5866	3
5867	4
5868	7
5869	8
5870	7
5871	3
5872	7
5873	4
5874	7
5875	3
5876	6
5877	1
5878	3
5879	1
5880	3
5881	6
5882	8
5883	3
5884	4
5885	3
5886	6
5887	4
5888	2
5889	2
5890	4
5891	4
5892	4
5893	7
5894	5
5895	6
5896	5
5897	1
5898	5
5899	2
5900	5
5901	4
5902	6
5903	4
5904	7
5905	4
5906	8
5907	3
5908	5
5909	6
5910	3
5911	3
5912	5
5913	2
5914	2
5915	5
5916	8
5917	4
5918	5
5919	7
5920	4
5921	4
5922	4
5923	4
5924	4
5925	3
5926	6
5927	1
5928	6
5929	2
5930	7
5931	4
5932	3
5933	5
5934	4
5935	1
5936	2
5937	2
5938	4
5939	4
5940	2
5941	3
5942	5
5943	2
5944	5
5945	4
5946	5
5947	3
5948	4
5949	5
5950	1
5951	3
5952	5
5953	4
5954	2
5955	4
5956	1
5957	5
5958	3
5959	4
5960	3
5961	5
5962	6
5963	1
5964	3
5965	5
5966	5
5967	2
5968	3
5969	6
5970	3
5971	2
5972	6
5973	6
5974	1
5976	4
5977	4
5978	2
5979	3
5980	3
5981	2
5982	1
5983	4
5984	3
5985	4
5986	6
5987	5
5988	3
5989	4
5990	5
5991	3
5992	4
5993	5
5994	6
5995	7
5996	3
5997	2
5998	2
5999	4
6000	4
6001	4
6002	4
6003	4
6004	7
6005	3
6006	3
6007	3
6008	2
6009	4
6010	7
6011	1
6012	4
6013	2
6014	1
6015	5
6016	1
6017	6
6018	3
6019	5
6020	5
6021	3
6022	3
6023	5
6024	2
6025	5
6026	7
6027	3
6028	6
6029	6
6030	4
6031	2
6032	4
6033	3
6034	3
6035	4
6036	5
6037	1
6038	2
6039	2
6040	1
6041	4
6042	3
6043	4
6044	3
6045	7
6046	3
6047	4
6048	2
6049	2
6050	2
6051	2
6052	1
6053	1
6054	6
6055	3
6056	5
6057	5
6058	4
6059	1
6060	2
6061	6
6062	1
6063	3
6064	5
6065	5
6066	1
6067	4
6068	4
6069	4
6070	4
6071	5
6072	4
6073	4
6074	4
6075	4
6076	2
6077	5
6078	5
6079	4
6080	3
6081	3
6082	2
6083	1
6084	4
6085	6
6086	2
6087	3
6088	3
6089	4
6090	3
6091	7
6092	6
6093	2
6094	4
6095	8
6096	5
6097	2
6098	4
6099	1
6100	3
6101	2
6102	2
6103	2
6104	4
6105	1
6106	3
6107	1
6108	4
6109	3
6110	2
6111	4
6112	6
6113	3
6114	3
6115	5
6116	2
6117	4
6118	3
6119	6
6120	3
6121	5
6122	3
6123	3
6124	2
6125	2
6126	5
6127	6
6128	2
6129	3
6130	2
6131	4
6132	3
6134	3
6135	2
6136	1
6137	4
6138	4
6139	3
6140	4
6141	2
6142	4
6143	3
6144	2
6145	4
6146	2
6147	3
6148	2
6149	2
6150	3
6151	6
6152	5
6153	5
6154	3
6155	3
6157	3
6158	3
6159	4
6160	2
6161	2
6163	4
6164	3
6165	5
6166	3
6168	2
6169	4
6170	1
6171	1
6172	2
6173	1
6174	2
6175	1
6176	2
6177	3
6178	7
6179	2
6180	1
6181	4
6182	3
6183	3
6184	3
6185	1
6186	4
6187	4
6188	1
6189	4
6190	5
6191	3
6192	1
6193	3
6194	4
6195	4
6196	3
6197	5
6198	5
6199	6
6201	1
6202	1
6204	3
6205	1
6206	4
6207	5
6208	6
6209	4
6210	2
6211	2
6212	2
6213	6
6214	2
6215	5
6216	4
6217	5
6218	3
6219	1
6220	3
6221	3
6222	4
6223	1
6224	4
6225	3
6226	5
6227	1
6228	1
6229	4
6230	3
6231	3
6233	2
6234	5
6235	3
6236	4
6237	1
6238	1
6239	2
6240	1
6241	4
6242	4
6243	4
6244	2
6245	1
6246	1
6247	3
6248	2
6249	4
6251	5
6252	3
6253	1
6254	4
6255	1
6256	3
6258	1
6259	2
6260	4
6261	3
6262	3
6264	5
6265	5
6266	2
6267	6
6268	4
6269	3
6270	6
6271	3
6272	2
6273	3
6274	3
6275	4
6276	2
6277	3
6278	5
6279	3
6280	6
6281	1
6282	1
6283	1
6285	5
6287	2
6288	3
6289	1
6290	1
6291	4
6292	4
6293	3
6294	2
6295	4
6296	3
6297	2
6298	3
6299	5
6300	2
6301	4
6302	3
6303	1
6304	2
6305	1
6306	4
6307	1
6308	3
6309	2
6310	1
6311	3
6312	4
6313	3
6314	2
6315	2
6316	4
6317	5
6318	6
6319	1
6320	3
6321	2
6322	3
6323	4
6324	3
6325	1
6326	2
6327	3
6328	2
6329	4
6330	3
6331	2
6332	2
6333	1
6334	1
6335	4
6336	1
6337	3
6338	4
6339	3
6340	3
6341	1
6342	3
6343	5
6344	1
6345	3
6346	2
6347	3
6348	4
6349	3
6350	2
6351	3
6352	2
6353	5
6355	4
6356	7
6357	2
6358	5
6359	3
6360	5
6361	2
6362	1
6363	4
6364	2
6365	2
6366	3
6367	1
6368	6
6369	5
6370	7
6371	5
6372	1
6373	3
6374	7
6375	4
6377	6
6378	2
6379	2
6380	3
6381	3
6382	5
6384	3
6386	7
6387	6
6388	1
6390	2
6391	6
6392	3
6393	2
6394	1
6395	2
6397	4
6398	4
6402	2
6403	4
6404	4
6405	3
6406	4
6407	2
6408	4
6409	2
6410	1
6411	3
6412	3
6413	3
6415	1
6417	1
6418	3
6419	2
6420	1
6421	7
6422	3
6423	1
6424	6
6425	2
6426	5
6427	4
6428	1
6429	2
6430	3
6431	3
6432	4
6433	2
6434	3
6435	2
6436	1
6437	4
6438	2
6439	5
6440	3
6441	2
6442	2
6443	1
6444	3
6445	3
6446	1
6447	3
6448	1
6449	2
6450	3
6452	6
6453	5
6454	1
6455	2
6456	3
6457	2
6458	2
6459	3
6460	4
6461	1
6462	2
6463	1
6464	5
6465	7
6466	1
6467	2
6468	2
6469	3
6470	1
6471	1
6472	1
6473	1
6474	1
6478	2
6480	4
6481	1
6482	4
6483	6
6484	3
6485	3
6486	1
6487	2
6489	5
6491	1
6492	1
6493	2
6494	1
6495	2
6496	4
6497	1
6498	3
6499	1
6501	1
6502	1
6503	3
6504	2
6505	3
6506	2
6509	2
6510	3
6512	2
6515	4
6516	2
6517	2
6518	5
6519	2
6520	4
6521	2
6522	3
6524	5
6526	1
6527	2
6528	3
6532	3
6534	1
6535	2
6536	2
6537	1
6538	3
6539	1
6540	2
6541	1
6542	4
6543	3
6544	2
6545	3
6546	2
6548	2
6549	1
6550	3
6551	2
6552	2
6553	7
6554	2
6555	1
6556	1
6557	1
6558	2
6559	1
6560	2
6561	2
6562	1
6563	1
6564	2
6565	4
6566	2
6567	1
6568	4
6569	3
6570	1
6571	1
6572	1
6573	6
6574	4
6575	2
6577	1
6578	3
6579	1
6580	1
6581	3
6583	2
6584	2
6585	1
6586	3
6587	3
6588	4
6589	1
6590	1
6591	2
6592	1
6593	1
6594	1
6595	2
6596	3
6597	1
6598	2
6599	2
6600	2
6601	3
6602	5
6603	2
6604	3
6605	5
6607	3
6609	1
6610	2
6611	1
6612	4
6614	2
6615	1
6616	3
6617	1
6620	2
6622	1
6623	3
6624	3
6625	1
6626	1
6627	2
6628	4
6629	6
6631	2
6632	3
6633	1
6634	1
6635	2
6636	1
6638	1
6640	3
6641	4
6642	1
6644	5
6646	2
6647	1
6648	1
6650	3
6651	2
6652	2
6653	6
6654	2
6656	3
6658	6
6659	3
6660	2
6661	4
6663	1
6664	1
6665	5
6666	5
6667	2
6669	1
6670	2
6671	2
6672	2
6673	2
6674	1
6675	4
6677	2
6679	1
6680	1
6681	3
6682	2
6683	2
6684	4
6686	3
6687	3
6689	3
6692	3
6693	1
6695	2
6698	1
6699	2
6700	2
6701	1
6702	2
6703	2
6704	4
6706	3
6707	1
6708	1
6709	2
6711	2
6712	1
6713	2
6717	1
6718	4
6719	2
6721	3
6722	2
6724	1
6725	1
6726	1
6727	3
6728	2
6729	1
6730	1
6731	1
6732	1
6733	1
6734	1
6735	1
6736	3
6737	1
6738	1
6739	6
6740	3
6741	1
6742	1
6744	1
6746	1
6747	2
6748	5
6750	2
6751	1
6752	3
6753	4
6755	1
6757	1
6758	3
6759	1
6760	1
6761	1
6763	3
6764	2
6765	1
6767	2
6768	3
6770	1
6772	3
6774	1
6775	3
6776	2
6777	3
6779	1
6781	1
6782	2
6783	1
6784	3
6785	1
6786	1
6787	1
6788	1
6789	2
6791	2
6792	1
6793	2
6796	2
6797	2
6798	3
6799	2
6800	3
6801	5
6802	2
6804	3
6805	3
6806	3
6807	2
6810	2
6813	1
6814	1
6815	1
6816	1
6817	3
6818	1
6819	2
6820	1
6821	1
6823	3
6824	4
6825	1
6826	2
6829	2
6831	3
6832	1
6833	1
6835	3
6837	1
6838	3
6839	1
6841	2
6842	1
6843	3
6845	1
6846	3
6848	2
6849	2
6850	2
6852	1
6854	1
6855	1
6856	1
6857	1
6858	1
6859	1
6860	2
6861	1
6863	2
6864	1
6866	2
6867	1
6868	3
6869	4
6871	1
6874	1
6878	3
6879	1
6881	1
6882	1
6883	2
6884	4
6886	2
6887	1
6888	1
6892	3
6894	2
6895	1
6896	1
6897	1
6898	1
6899	1
6900	2
6902	1
6904	2
6905	3
6906	2
6907	1
6908	2
6909	3
6911	1
6912	2
6913	1
6914	2
6916	1
6917	1
6918	1
6919	1
6920	2
6924	2
6925	4
6928	1
6930	1
6932	1
6933	1
6935	3
6937	1
6938	1
6939	1
6941	2
6942	1
6943	2
6945	2
6947	2
6949	2
6952	2
6953	1
6954	2
6955	1
6956	1
6958	2
6959	1
6960	3
6961	2
6963	1
6964	2
6966	2
6967	3
6969	2
6973	1
6974	2
6975	1
6977	1
6978	2
6979	2
6980	1
6982	2
6983	1
6984	1
6985	1
6986	2
6987	1
6988	2
6990	2
6993	1
6994	3
6995	1
6996	2
6997	2
6998	1
6999	1
7002	1
7005	1
7007	3
7008	1
7010	1
7012	1
7013	1
7015	2
7016	2
7017	1
7018	2
7019	1
7020	2
7022	1
7025	1
7027	2
7028	1
7029	1
7030	2
7031	1
7032	2
7033	1
7035	1
7036	1
7038	3
7040	2
7041	1
7042	1
7043	2
7044	4
7045	1
7046	1
7047	1
7050	3
7051	1
7054	1
7056	1
7057	1
7058	2
7059	2
7061	1
7062	1
7063	2
7065	3
7066	2
7068	3
7069	1
7070	1
7071	1
7072	3
7073	3
7074	1
7075	1
7076	2
7077	1
7079	3
7080	2
7081	1
7082	1
7085	2
7089	2
7092	1
7093	1
7094	2
7095	1
7100	1
7101	5
7104	2
7105	1
7107	3
7108	1
7112	1
7113	2
7114	1
7115	2
7117	3
7118	1
7119	1
7120	1
7124	1
7126	2
7127	1
7128	4
7129	1
7130	1
7132	1
7133	2
7134	1
7135	5
7136	1
7140	3
7141	2
7142	1
7143	1
7144	2
7145	1
7146	1
7147	2
7148	1
7149	1
7150	2
7151	1
7152	3
7154	1
7155	2
7157	1
7158	1
7159	2
7160	1
7162	1
7163	2
7165	2
7172	1
7173	2
7175	2
7178	3
7179	3
7180	1
7181	1
7183	1
7185	2
7186	2
7187	1
7188	1
7189	1
7191	1
7192	1
7194	2
7199	1
7202	1
7204	1
7207	2
7208	1
7212	2
7216	1
7219	1
7220	2
7221	2
7223	1
7224	1
7225	1
7227	2
7228	1
7229	1
7230	1
7232	3
7234	2
7236	1
7238	1
7239	2
7240	2
7241	2
7242	3
7244	2
7245	1
7246	1
7250	1
7251	1
7253	2
7254	2
7255	2
7258	1
7260	1
7261	1
7262	1
7263	1
7265	2
7266	2
7268	1
7270	2
7271	1
7272	1
7276	1
7277	1
7278	2
7279	2
7281	1
7283	2
7284	2
7285	1
7287	1
7289	1
7294	5
7295	1
7298	1
7300	1
7301	1
7302	1
7304	2
7305	2
7306	1
7307	1
7310	1
7311	1
7312	1
7313	1
7314	3
7315	2
7316	1
7317	1
7318	1
7319	1
7320	2
7321	2
7322	1
7323	1
7324	2
7325	1
7326	1
7327	1
7328	1
7329	2
7331	2
7332	3
7333	1
7334	1
7335	1
7338	1
7340	1
7341	1
7342	1
7345	1
7347	1
7348	1
7349	1
7350	2
7351	1
7353	1
7360	2
7362	3
7363	1
7365	1
7366	1
7367	2
7368	1
7370	1
7371	1
7372	1
7374	1
7375	2
7378	1
7379	1
7381	1
7382	1
7383	1
7384	1
7387	2
7389	2
7390	1
7393	1
7394	1
7395	1
7396	1
7397	1
7398	1
7401	2
7402	1
7404	1
7405	1
7406	1
7411	1
7413	1
7414	1
7416	1
7422	1
7424	2
7425	3
7427	1
7430	1
7431	1
7437	1
7438	2
7440	2
7442	1
7445	1
7447	2
7448	1
7452	2
7454	1
7455	1
7457	1
7459	2
7460	1
7461	1
7463	1
7464	1
7466	1
7467	2
7468	1
7475	1
7477	1
7478	1
7480	3
7481	1
7484	1
7486	1
7487	1
7490	1
7491	1
7494	1
7495	3
7497	1
7499	1
7501	3
7507	1
7510	1
7512	1
7513	3
7514	2
7515	2
7516	1
7517	1
7518	1
7519	2
7522	1
7523	1
7524	3
7525	1
7527	1
7529	1
7530	1
7531	1
7532	1
7533	1
7538	1
7539	2
7542	1
7543	1
7544	1
7547	2
7552	1
7556	2
7557	1
7559	1
7560	1
7561	2
7562	2
7563	1
7564	1
7566	1
7568	1
7571	1
7572	2
7573	1
7575	1
7578	2
7580	2
7581	1
7582	1
7589	1
7592	1
7596	1
7597	3
7598	2
7599	1
7604	2
7608	2
7609	2
7612	2
7614	1
7615	1
7616	1
7617	1
7618	1
7619	2
7620	1
7622	1
7624	1
7625	1
7626	1
7630	4
7632	2
7637	2
7638	1
7643	1
7644	1
7645	1
7647	2
7648	1
7649	1
7650	1
7651	1
7653	1
7655	1
7656	1
7659	1
7660	1
7665	2
7667	1
7671	2
7672	1
7673	1
7680	1
7683	1
7684	1
7690	1
7693	1
7694	1
7695	2
7696	1
7697	1
7699	1
7706	2
7714	2
7715	3
7716	1
7719	3
7721	3
7722	1
7723	1
7724	1
7725	2
7726	1
7727	1
7732	1
7734	1
7735	2
7738	1
7740	1
7742	1
7745	1
7747	1
7751	1
7752	1
7754	1
7755	1
7757	2
7758	1
7759	1
7760	1
7762	1
7763	1
7766	1
7772	1
7773	2
7774	1
7778	2
7785	1
7787	1
7788	1
7791	1
7793	1
7796	1
7797	2
7798	2
7802	2
7807	2
7808	1
7809	1
7811	2
7813	1
7814	1
7821	1
7822	1
7823	1
7828	1
7829	1
7830	1
7834	2
7835	2
7836	1
7840	1
7841	1
7843	1
7845	1
7846	1
7847	1
7850	1
7851	1
7854	1
7856	1
7857	2
7859	2
7860	1
7861	2
7863	1
7865	1
7866	1
7869	3
7870	1
7871	1
7872	1
7873	1
7876	2
7879	1
7883	1
7888	1
7889	1
7891	1
7892	3
7893	1
7896	2
7898	1
7899	2
7901	3
7905	1
7906	1
7908	1
7915	1
7918	1
7922	1
7924	2
7926	1
7927	3
7929	1
7930	1
7935	1
7936	1
7937	1
7939	1
7941	2
7942	2
7944	2
7945	1
7948	1
7950	1
7951	1
7954	1
7958	1
7959	1
7960	1
7965	1
7968	1
7970	1
7971	1
7980	1
7981	1
7982	1
7991	1
7993	1
7995	1
7999	1
8001	2
8002	1
8005	2
8012	1
8015	2
8017	2
8018	1
8021	1
8022	1
8023	1
8025	1
8026	2
8029	1
8030	2
8034	1
8036	1
8037	2
8038	3
8040	1
8046	1
8051	1
8053	1
8055	1
8059	1
8061	1
8063	1
8066	1
8069	1
8070	1
8072	1
8074	2
8080	1
8081	1
8092	2
8099	1
8100	1
8104	1
8105	1
8109	1
8113	1
8115	1
8121	1
8128	1
8136	1
8139	1
8140	2
8143	1
8145	3
8150	2
8151	1
8159	1
8160	1
8163	1
8166	1
8168	1
8169	1
8175	2
8176	2
8179	2
8181	1
8186	1
8188	1
8189	1
8191	2
8194	2
8195	1
8196	2
8199	2
8200	1
8201	1
8203	2
8204	1
8211	1
8217	1
8221	1
8222	1
8224	1
8231	1
8237	1
8247	2
8250	2
8251	1
8253	1
8256	1
8258	2
8262	1
8265	1
8266	1
8267	1
8271	1
8274	1
8276	2
8277	2
8283	1
8287	1
8288	2
8292	1
8299	1
8303	2
8305	1
8307	1
8311	2
8316	1
8320	1
8324	1
8325	2
8328	1
8329	1
8348	1
8349	2
8351	2
8356	1
8357	1
8360	2
8364	1
8365	1
8366	1
8369	2
8371	1
8373	1
8376	1
8377	1
8378	1
8380	4
8385	1
8390	2
8392	1
8396	1
8398	1
8400	1
8401	1
8402	1
8404	1
8405	1
8406	1
8407	1
8411	1
8418	1
8420	1
8421	1
8422	1
8423	1
8429	1
8431	1
8432	1
8435	1
8442	1
8444	1
8445	1
8447	1
8451	1
8456	1
8457	1
8461	1
8463	1
8465	1
8470	1
8474	1
8476	1
8480	1
8481	1
8483	1
8488	1
8491	3
8492	1
8503	1
8504	1
8511	1
8527	1
8528	1
8531	1
8532	1
8533	1
8534	1
8535	2
8536	1
8538	1
8539	1
8544	1
8548	1
8550	1
8554	1
8560	1
8573	1
8577	1
8585	1
8586	2
8592	1
8596	2
8598	1
8600	1
8607	1
8609	1
8622	1
8625	1
8630	1
8631	1
8635	1
8641	1
8642	1
8644	1
8645	2
8646	1
8650	1
8665	1
8668	1
8670	1
8673	1
8674	1
8676	1
8678	1
8680	1
8683	1
8696	1
8700	1
8717	1
8719	1
8721	1
8724	1
8729	2
8730	1
8734	1
8738	1
8745	1
8757	1
8763	1
8767	1
8768	1
8772	1
8773	1
8775	1
8781	1
8785	1
8790	2
8792	1
8796	1
8798	1
8802	1
8803	1
8809	1
8810	1
8816	1
8819	1
8821	1
8822	2
8825	1
8826	1
8830	1
8833	3
8834	1
8835	1
8837	1
8838	2
8840	1
8842	1
8846	1
8848	1
8849	1
8850	1
8856	1
8859	1
8862	1
8865	1
8870	1
8881	1
8886	1
8888	1
8889	1
8890	1
8893	1
8901	2
8903	1
8904	1
8908	1
8915	1
8922	1
8924	1
8926	1
8935	1
8943	1
8950	1
8965	1
8970	1
8974	1
8975	1
8979	1
8983	1
8987	1
8988	1
8993	1
8996	1
8998	1
8999	1
9013	1
9023	1
9024	1
9026	1
9033	1
9035	1
9039	1
9041	2
9046	1
9053	1
9055	1
9060	1
9062	1
9065	1
9067	1
9072	1
9074	2
9076	1
9079	1
9087	1
9090	1
9091	1
9092	1
9104	1
9114	1
9126	1
9136	1
9141	2
9143	2
9146	1
9148	1
9150	1
9151	1
9154	1
9165	1
9176	1
9178	1
9185	1
9186	1
9189	1
9203	1
9222	1
9227	1
9230	1
9232	1
9234	1
9235	1
9240	1
9242	2
9245	1
9247	1
9255	1
9260	1
9262	1
9264	1
9269	1
9278	1
9280	1
9283	1
9286	1
9292	1
9294	1
9298	1
9303	1
9313	1
9317	1
9318	1
9321	1
9325	1
9328	1
9330	1
9334	1
9336	1
9350	1
9351	1
9352	1
9361	1
9362	1
9380	1
9381	1
9382	1
9388	1
9392	1
9393	1
9396	1
9398	1
9407	1
9412	1
9418	1
9419	1
9422	1
9423	1
9450	2
9452	2
9454	1
9477	1
9482	1
9485	1
9486	2
9491	1
9492	1
9493	1
9518	1
9532	1
9534	1
9535	2
9539	1
9545	1
9553	1
9565	1
9568	1
9574	1
9579	1
9587	1
9598	1
9603	1
9606	1
9627	2
9628	1
9630	1
9642	1
9650	1
9660	2
9671	1
9678	1
9683	1
9693	1
9711	1
9715	1
9720	1
9721	1
9731	1
9733	1
9745	1
9746	1
9752	1
9757	1
9759	1
9766	1
9767	1
9771	1
9791	1
9795	1
9797	1
9811	1
9817	1
9823	1
9833	1
9839	1
9842	1
9843	1
9846	1
9849	1
9862	1
9869	1
9871	1
9881	1
9890	1
9891	1
9894	1
9907	1
9909	1
9917	1
9919	1
9923	1
9924	1
9944	1
9946	1
9956	2
9957	1
9958	1
9959	1
9977	1
9981	1
9985	1
9986	1
9993	1
9998	1

Frequencies of types of variants:
complex,mnp,complex,mnp	1
snp,snp,complex	399
complex,complex,snp,mnp	1
snp,snp,snp,complex,snp	1
snp,snp,snp,snp,snp	2
snp,snp	15998
complex,snp,snp,complex	9
mnp,snp,complex	95
snp,mnp,snp,complex,snp	1
complex,snp,mnp,mnp	1
complex,mnp,snp,complex	1
complex,mnp,complex	6
snp,snp,complex,snp,mnp,complex	1
snp,complex,mnp,snp,snp	1
complex,mnp,mnp	4
complex,snp,snp,snp	11
snp,complex,complex,snp	23
snp,mnp,snp,snp	5
snp,mnp,snp	305
snp,complex,snp	918
snp,snp,complex,complex,complex	1
snp,snp,complex,mnp	9
snp,complex,complex,snp,complex	1
snp	2332548
mnp,mnp,snp,snp	1
complex,snp,complex,complex	17
complex,snp,complex,snp	12
mnp,snp,complex,complex	3
mnp,complex,snp	59
mnp,snp	7280
complex,snp,snp	535
complex,snp,snp,complex,snp,complex,complex,snp	1
mnp,snp,mnp	70
snp,complex	24729
complex,complex,complex,snp	10
snp,mnp,complex,mnp	3
snp,snp,complex,complex	12
complex,mnp	340
snp,complex,snp,mnp	2
complex,snp,complex,mnp,snp	1
complex,mnp,complex,snp	1
snp,mnp,complex,complex	4
complex,complex,snp,snp	12
snp,snp,snp,complex	9
snp,snp,snp,mnp	2
complex	58484
complex,complex,snp,complex,snp	2
complex,complex,complex,complex,complex,snp	1
mnp,snp,snp,complex	2
mnp,snp,complex,mnp	2
complex,snp,snp,complex,complex	1
snp,mnp,snp,complex	3
complex,snp,mnp,snp	3
complex,mnp,complex,complex	1
mnp,snp,snp,mnp	1
snp,mnp,mnp,snp	3
mnp,mnp,snp,complex	2
complex,complex,complex,snp,snp	1
snp,snp,complex,complex,snp	1
mnp,mnp,mnp,snp	2
snp,complex,mnp,complex	2
complex,mnp,snp	56
complex,snp,complex	343
complex,complex,mnp	12
mnp,mnp,mnp	14
snp,mnp,complex	135
snp,complex,mnp,mnp	2
snp,mnp,snp,mnp,mnp,complex	1
snp,snp,mnp,snp,snp	1
snp,snp,complex,snp	21
complex,complex,mnp,snp	2
complex,snp,mnp,complex	2
snp,snp,snp,complex,complex	1
mnp,mnp,complex	5
snp,complex,complex,mnp,snp,snp	1
complex,complex	1329
mnp,snp,snp	161
snp,mnp,complex,snp	3
snp,complex,complex,snp,snp	1
snp,snp,mnp,complex,complex	2
complex,snp	13535
snp,complex,snp,snp	24
complex,complex,complex,complex	1
complex,complex,snp,snp,snp	2
complex,complex,complex	62
snp,snp,mnp	143
mnp,snp,mnp,mnp	2
mnp,complex,snp,snp	1
snp,complex,snp,mnp,mnp,complex	1
mnp,complex,snp,complex,complex	1
snp,complex,snp,complex,complex	1
snp,snp,snp,snp	4
complex,snp,complex,complex,complex	1
mnp,snp,complex,snp	1
complex,complex,snp,complex,complex,snp,snp	1
snp,mnp	13579
complex,complex,complex,snp,complex	1
mnp,snp,snp,snp	3
snp,snp,complex,complex,complex,snp	1
complex,snp,snp,snp,complex	1
mnp,complex	284
snp,complex,complex,complex	16
complex,mnp,snp,snp	1
snp,complex,complex,complex,complex	2
complex,complex,snp	250
mnp,mnp,snp	50
snp,complex,mnp,snp	8
mnp,snp,complex,mnp,mnp	1
snp,complex,snp,complex	6
complex,snp,snp,mnp	1
snp,complex,complex,mnp	7
snp,mnp,snp,mnp	1
snp,mnp,mnp	110
snp,complex,mnp	224
mnp,complex,mnp,snp	1
mnp,snp,mnp,complex	1
snp,snp,mnp,snp	2
mnp	48885
mnp,mnp,snp,mnp	1
complex,snp,complex,mnp	6
snp,complex,complex	509
mnp,complex,mnp	9
complex,complex,snp,complex	3
mnp,mnp	373
complex,snp,mnp	61
mnp,complex,snp,complex	3
snp,snp,snp	96
mnp,complex,complex	6
mnp,snp,mnp,snp	2
