1	26	2	26	0
2	24	2	19	5
3	26	2	25	1
4	26	2	25	1
5	26	2	15	11
6	26	2	24	2
7	26	2	25	1
8	26	2	25	1
9	26	2	25	1
10	26	2	25	1
11	26	2	25	1
12	26	2	25	1
13	26	2	26	0
14	28	2	27	1
15	28	2	21	7
16	26	2	10	16
17	26	2	12	14
18	28	2	26	2
19	26	2	22	4
20	28	2	27	1
21	26	2	25	1
22	26	2	26	0
23	26	2	20	6
24	28	2	27	1
25	26	2	25	1
26	26	2	25	1
27	26	2	21	5
28	26	2	25	1
29	28	2	28	0
30	26	2	23	3
31	26	2	26	0
32	26	2	22	4
33	28	2	26	2
34	24	2	23	1
35	28	2	25	3
36	26	2	25	1
37	26	2	25	1
38	28	2	26	2
39	26	2	25	1
40	26	2	23	3
41	26	2	22	4
42	28	2	27	1
43	28	2	27	1
44	30	2	29	1
45	28	2	27	1
46	26	2	25	1
47	26	2	26	0
48	26	2	8	18
49	28	2	27	1
50	26	2	24	2
51	28	2	27	1
52	28	2	27	1
53	26	2	25	1
54	28	2	27	1
55	26	2	24	2
56	30	2	14	16
57	28	2	27	1
58	28	2	27	1
59	28	2	26	2
60	26	2	6	20
61	26	2	21	5
62	26	2	25	1
63	28	2	12	16
64	26	2	24	2
65	26	2	25	1
66	28	2	27	1
67	28	2	7	21
68	28	2	20	8
69	26	2	25	1
70	28	2	27	1
71	26	2	25	1
72	28	2	28	0
73	28	2	10	18
74	26	2	25	1
75	28	2	27	1
76	26	2	24	2
77	26	2	22	4
78	26	2	25	1
79	26	2	16	10
80	26	2	9	17
81	26	2	24	2
82	28	2	26	2
83	26	2	25	1
84	26	2	25	1
85	26	2	26	0
86	28	2	28	0
87	28	2	27	1
88	26	2	24	2
89	28	2	8	20
90	26	2	22	4
91	26	2	24	2
92	28	2	18	10
93	28	2	14	14
94	26	2	26	0
95	26	2	25	1
96	28	2	27	1
97	26	2	13	13
98	28	2	26	2
99	28	2	27	1
100	26	2	19	7
101	26	2	9	17
102	26	2	21	5
103	28	2	26	2
104	26	2	22	4
105	28	2	26	2
106	26	2	25	1
107	28	2	28	0
108	26	2	24	2
109	26	2	25	1
110	26	2	25	1
111	26	2	25	1
112	28	2	26	2
113	28	2	27	1
114	26	2	25	1
115	26	2	25	1
116	30	2	29	1
117	28	2	27	1
118	28	2	28	0
119	28	2	27	1
120	28	2	27	1
121	26	2	25	1
122	30	2	29	1
123	26	2	22	4
124	30	2	28	2
125	26	2	22	4
126	28	2	26	2
127	26	2	24	2
128	26	2	12	14
129	30	2	29	1
130	26	2	25	1
131	28	2	27	1
132	26	2	24	2
133	26	2	25	1
134	28	2	27	1
135	26	2	25	1
136	28	2	28	0
137	28	2	12	16
138	28	2	28	0
139	28	2	18	10
140	30	2	17	13
141	28	2	9	19
142	26	2	25	1
143	28	2	26	2
144	30	2	30	0
145	28	2	26	2
146	26	2	26	0
147	28	2	27	1
148	28	2	7	21
149	28	2	8	20
150	28	2	28	0
151	28	2	27	1
152	28	2	26	2
153	28	2	14	14
154	26	2	26	0
155	30	2	26	4
156	26	2	26	0
157	26	2	26	0
158	30	2	29	1
159	28	2	23	5
160	26	2	23	3
161	30	2	25	5
162	26	2	24	2
163	26	2	26	0
164	26	2	24	2
165	26	2	24	2
166	26	2	24	2
167	28	2	9	19
168	26	2	23	3
169	28	2	28	0
170	28	2	26	2
171	28	2	27	1
172	26	2	22	4
173	28	2	16	12
174	26	2	25	1
175	26	2	24	2
176	28	2	9	19
177	24	2	23	1
178	28	2	26	2
179	26	2	26	0
180	26	2	25	1
181	28	2	26	2
182	26	2	24	2
183	28	2	28	0
184	28	2	27	1
185	26	2	25	1
186	28	2	28	0
187	26	2	26	0
188	28	2	28	0
189	28	2	28	0
190	28	2	26	2
191	26	2	25	1
192	26	2	26	0
193	30	2	28	2
194	26	2	21	5
195	30	2	29	1
196	26	2	10	16
197	26	2	25	1
198	30	2	29	1
199	26	2	25	1
200	28	2	13	15
201	28	2	26	2
202	26	2	25	1
203	26	2	5	21
204	28	2	27	1
205	26	2	18	8
206	26	2	24	2
207	28	2	7	21
208	28	2	9	19
209	28	2	27	1
210	26	2	25	1
211	26	2	24	2
212	26	2	25	1
213	26	2	19	7
214	26	2	25	1
215	28	2	10	18
216	26	2	11	15
217	26	2	25	1
218	26	2	26	0
219	28	2	10	18
220	26	2	7	19
221	26	2	21	5
222	28	2	27	1
223	28	2	28	0
224	26	2	26	0
225	26	2	8	18
226	26	2	19	7
227	28	2	26	2
228	26	2	26	0
229	26	2	25	1
230	30	2	30	0
231	26	2	25	1
232	28	2	27	1
233	28	2	26	2
234	26	2	25	1
235	28	2	22	6
236	28	2	23	5
237	26	2	26	0
238	28	2	27	1
239	24	2	20	4
240	28	2	26	2
241	26	2	25	1
242	24	2	2	22
243	28	2	24	4
244	26	2	24	2
245	26	2	25	1
246	24	2	22	2
247	26	2	25	1
248	30	2	29	1
249	28	2	27	1
250	26	2	23	3
251	26	2	23	3
252	28	2	28	0
253	28	2	27	1
254	26	2	14	12
255	26	2	25	1
256	26	2	25	1
257	26	2	24	2
258	30	2	28	2
259	28	2	15	13
260	28	2	27	1
261	26	2	25	1
262	26	2	25	1
263	26	2	9	17
264	26	2	25	1
265	28	2	27	1
266	28	2	21	7
267	28	2	16	12
268	26	2	24	2
269	26	2	21	5
270	28	2	26	2
271	26	2	21	5
272	26	2	21	5
273	26	2	25	1
274	28	2	28	0
275	26	2	25	1
276	26	2	17	9
277	28	2	10	18
278	26	2	24	2
279	26	2	10	16
280	28	2	6	22
281	26	2	25	1
282	26	2	25	1
283	26	2	21	5
284	26	2	25	1
285	26	2	24	2
286	28	2	26	2
287	26	2	26	0
288	26	2	25	1
289	28	2	27	1
290	26	2	23	3
291	28	2	8	20
292	26	2	24	2
293	26	2	25	1
294	28	2	27	1
295	26	2	17	9
296	28	2	19	9
297	26	2	3	23
298	26	2	25	1
299	26	2	24	2
300	26	2	25	1
301	28	2	27	1
302	28	2	27	1
303	26	2	25	1
304	26	2	25	1
305	26	2	24	2
306	30	2	29	1
307	28	2	28	0
308	26	2	24	2
309	28	2	26	2
310	26	2	4	22
311	28	2	25	3
312	26	2	25	1
313	26	2	25	1
314	28	2	27	1
315	26	2	25	1
316	28	2	26	2
317	28	2	27	1
318	26	2	6	20
319	28	2	27	1
320	26	2	22	4
321	26	2	16	10
322	26	2	25	1
323	26	2	22	4
324	26	2	23	3
325	26	2	13	13
326	28	2	24	4
327	28	2	27	1
328	26	2	25	1
329	26	2	21	5
330	26	2	20	6
331	26	2	25	1
332	26	2	26	0
333	26	2	25	1
334	26	2	13	13
335	26	2	24	2
336	28	2	26	2
337	28	2	13	15
338	26	2	25	1
339	26	2	25	1
340	26	2	26	0
341	28	2	15	13
342	26	2	25	1
343	28	2	27	1
344	26	2	13	13
345	26	2	20	6
346	26	2	25	1
347	28	2	26	2
348	28	2	27	1
349	26	2	26	0
350	26	2	21	5
351	26	2	10	16
352	28	2	8	20
353	28	2	26	2
354	26	2	25	1
355	26	2	25	1
356	26	2	25	1
357	26	2	25	1
358	26	2	26	0
359	28	2	27	1
360	28	2	27	1
361	28	2	25	3
362	28	2	28	0
363	24	2	8	16
364	28	2	26	2
365	26	2	26	0
366	28	2	25	3
367	30	2	28	2
368	26	2	25	1
369	28	2	27	1
370	30	2	29	1
371	28	2	22	6
372	26	2	18	8
373	26	2	24	2
374	26	2	21	5
375	28	2	28	0
376	28	2	10	18
377	28	2	27	1
378	26	2	13	13
379	30	2	29	1
380	26	2	12	14
381	30	2	29	1
382	28	2	26	2
383	28	2	26	2
384	28	2	26	2
385	28	2	26	2
386	26	2	15	11
387	30	2	14	16
388	28	2	5	23
389	28	2	27	1
390	28	2	17	11
391	28	2	27	1
392	26	2	26	0
393	28	2	26	2
394	28	2	27	1
395	28	2	24	4
396	26	2	26	0
397	28	2	28	0
398	26	2	24	2
399	26	2	22	4
400	26	2	25	1
401	28	2	27	1
402	26	2	25	1
403	28	2	27	1
404	26	2	26	0
405	26	2	23	3
406	28	2	27	1
407	28	2	22	6
408	28	2	26	2
409	26	2	8	18
410	26	2	24	2
411	26	2	24	2
412	28	2	18	10
413	28	2	28	0
414	30	2	28	2
415	26	2	9	17
416	28	2	27	1
417	28	2	27	1
418	28	2	27	1
419	26	2	24	2
420	26	2	25	1
421	28	2	21	7
422	26	2	25	1
423	28	2	27	1
424	28	2	27	1
425	26	2	23	3
426	26	2	25	1
427	26	2	18	8
428	28	2	28	0
429	26	2	25	1
430	26	2	23	3
431	26	2	25	1
432	26	2	11	15
433	26	2	25	1
434	28	2	27	1
435	26	2	23	3
436	28	2	27	1
437	30	2	29	1
438	26	2	25	1
439	26	2	24	2
440	26	2	24	2
441	26	2	8	18
442	28	2	11	17
443	26	2	26	0
444	26	2	13	13
445	28	2	27	1
446	26	2	10	16
447	26	2	26	0
448	26	2	24	2
449	26	2	9	17
450	30	2	28	2
451	26	2	10	16
452	28	2	26	2
453	26	2	25	1
454	26	2	24	2
455	26	2	7	19
456	28	2	27	1
457	28	2	27	1
458	26	2	24	2
459	26	2	25	1
460	26	2	15	11
461	26	2	24	2
462	28	2	28	0
463	26	2	26	0
464	28	2	26	2
465	30	2	19	11
466	26	2	25	1
467	28	2	27	1
468	26	2	24	2
469	26	2	25	1
470	28	2	26	2
471	26	2	25	1
472	28	2	27	1
473	26	2	25	1
474	26	2	24	2
475	28	2	27	1
476	28	2	27	1
477	28	2	27	1
478	26	2	12	14
479	30	2	14	16
480	26	2	26	0
481	30	2	26	4
482	26	2	25	1
483	28	2	26	2
484	26	2	7	19
485	28	2	9	19
486	26	2	8	18
487	28	2	24	4
488	26	2	24	2
489	26	2	24	2
490	26	2	14	12
491	26	2	26	0
492	28	2	26	2
493	26	2	25	1
494	30	2	29	1
495	26	2	26	0
496	26	2	24	2
497	26	2	24	2
498	26	2	8	18
499	26	2	16	10
500	26	2	25	1
501	28	2	26	2
502	28	2	14	14
503	26	2	11	15
504	28	2	7	21
505	28	2	26	2
506	28	2	26	2
507	26	2	24	2
508	28	2	27	1
509	28	2	26	2
510	28	2	26	2
511	26	2	9	17
512	26	2	25	1
513	26	2	24	2
514	26	2	24	2
515	28	2	26	2
516	28	2	28	0
517	28	2	27	1
518	28	2	11	17
519	28	2	27	1
520	26	2	26	0
521	28	2	26	2
522	26	2	11	15
523	28	2	27	1
524	26	2	25	1
525	26	2	22	4
526	30	2	24	6
527	26	2	23	3
528	28	2	25	3
529	28	2	24	4
530	26	2	25	1
531	28	2	20	8
532	28	2	24	4
533	26	2	11	15
534	28	2	27	1
535	26	2	26	0
536	28	2	28	0
537	26	2	25	1
538	26	2	25	1
539	28	2	27	1
540	26	2	24	2
541	26	2	25	1
542	28	2	26	2
543	26	2	25	1
544	28	2	14	14
545	28	2	26	2
546	30	2	28	2
547	28	2	27	1
548	28	2	27	1
549	26	2	25	1
550	26	2	26	0
551	26	2	23	3
552	30	2	20	10
553	28	2	28	0
554	26	2	26	0
555	28	2	28	0
556	26	2	24	2
557	28	2	27	1
558	24	2	24	0
559	28	2	26	2
560	28	2	27	1
561	28	2	9	19
562	26	2	26	0
563	26	2	6	20
564	24	2	24	0
565	30	2	11	19
566	28	2	28	0
567	26	2	26	0
568	28	2	11	17
569	28	2	28	0
570	30	2	29	1
571	26	2	14	12
572	28	2	24	4
573	26	2	14	12
574	26	2	25	1
575	28	2	27	1
576	28	2	27	1
577	30	2	28	2
578	28	2	7	21
579	26	2	26	0
580	26	2	25	1
581	30	2	29	1
582	28	2	27	1
583	26	2	25	1
584	30	2	25	5
585	28	2	27	1
586	26	2	25	1
587	24	2	23	1
588	28	2	27	1
589	28	2	27	1
590	26	2	24	2
591	30	2	26	4
592	28	2	28	0
593	26	2	8	18
594	26	2	25	1
595	26	2	24	2
596	26	2	20	6
597	26	2	25	1
598	26	2	24	2
599	28	2	22	6
600	28	2	28	0
601	26	2	26	0
602	26	2	25	1
603	26	2	25	1
604	28	2	26	2
605	26	2	26	0
606	28	2	11	17
607	28	2	27	1
608	28	2	26	2
609	28	2	26	2
610	26	2	25	1
611	28	2	9	19
612	28	2	27	1
613	28	2	26	2
614	26	2	14	12
615	30	2	27	3
616	28	2	26	2
617	26	2	25	1
618	28	2	28	0
619	28	2	14	14
620	28	2	28	0
621	28	2	27	1
622	28	2	27	1
623	28	2	26	2
624	26	2	25	1
625	28	2	27	1
626	28	2	26	2
627	26	2	25	1
628	28	2	27	1
629	30	2	30	0
630	28	2	27	1
631	28	2	27	1
632	28	2	25	3
633	26	2	23	3
634	28	2	25	3
635	28	2	27	1
636	28	2	21	7
637	26	2	8	18
638	28	2	27	1
639	26	2	26	0
640	28	2	27	1
641	26	2	26	0
642	26	2	26	0
643	30	2	11	19
644	26	2	9	17
645	26	2	26	0
646	24	2	23	1
647	26	2	24	2
648	26	2	25	1
649	28	2	27	1
650	26	2	24	2
651	28	2	28	0
652	26	2	25	1
653	26	2	25	1
654	28	2	7	21
655	28	2	23	5
656	26	2	10	16
657	28	2	26	2
658	26	2	25	1
659	26	2	24	2
660	28	2	24	4
661	26	2	25	1
662	28	2	27	1
663	28	2	23	5
664	28	2	27	1
665	26	2	24	2
666	26	2	18	8
667	26	2	25	1
668	28	2	27	1
669	28	2	15	13
670	28	2	27	1
671	26	2	26	0
672	26	2	25	1
673	26	2	25	1
674	26	2	25	1
675	26	2	26	0
676	26	2	25	1
677	26	2	25	1
678	28	2	27	1
679	28	2	27	1
680	26	2	13	13
681	30	2	29	1
682	28	2	25	3
683	26	2	24	2
684	26	2	25	1
685	26	2	24	2
686	26	2	25	1
687	24	2	18	6
688	26	2	24	2
689	28	2	26	2
690	28	2	27	1
691	30	2	27	3
692	28	2	22	6
693	28	2	25	3
694	26	2	26	0
695	26	2	25	1
696	26	2	25	1
697	26	2	25	1
698	28	2	23	5
699	28	2	28	0
700	26	2	20	6
701	26	2	25	1
702	28	2	27	1
703	26	2	22	4
704	28	2	26	2
705	28	2	13	15
706	26	2	22	4
707	26	2	26	0
708	26	2	25	1
709	28	2	27	1
710	26	2	6	20
711	28	2	13	15
712	28	2	27	1
713	26	2	17	9
714	28	2	27	1
715	28	2	25	3
716	26	2	25	1
717	26	2	25	1
718	26	2	25	1
719	26	2	24	2
720	28	2	27	1
721	28	2	26	2
722	26	2	26	0
723	26	2	25	1
724	26	2	26	0
725	26	2	25	1
726	24	2	23	1
727	26	2	26	0
728	28	2	13	15
729	28	2	19	9
730	26	2	19	7
731	28	2	26	2
732	26	2	25	1
733	28	2	27	1
734	26	2	11	15
735	28	2	22	6
736	26	2	21	5
737	28	2	14	14
738	26	2	13	13
739	28	2	25	3
740	26	2	25	1
741	26	2	26	0
742	26	2	21	5
743	28	2	28	0
744	28	2	26	2
745	24	2	24	0
746	26	2	26	0
747	28	2	8	20
748	26	2	24	2
749	26	2	24	2
750	26	2	25	1
751	26	2	26	0
752	28	2	26	2
753	26	2	25	1
754	28	2	27	1
755	28	2	23	5
756	28	2	27	1
757	26	2	26	0
758	24	2	23	1
759	28	2	27	1
760	26	2	19	7
761	26	2	25	1
762	26	2	26	0
763	26	2	19	7
764	28	2	2	26
765	28	2	27	1
766	26	2	25	1
767	24	2	24	0
768	26	2	26	0
769	28	2	28	0
770	28	2	27	1
771	26	2	22	4
772	28	2	27	1
773	28	2	20	8
774	26	2	26	0
775	28	2	27	1
776	28	2	12	16
777	30	2	30	0
778	28	2	19	9
779	26	2	23	3
780	28	2	26	2
781	28	2	27	1
782	28	2	26	2
783	26	2	24	2
784	26	2	24	2
785	26	2	24	2
786	26	2	25	1
787	28	2	26	2
788	28	2	26	2
789	28	2	27	1
790	28	2	27	1
791	26	2	25	1
792	28	2	26	2
793	28	2	8	20
794	26	2	25	1
795	24	2	20	4
796	26	2	25	1
797	26	2	25	1
798	30	2	29	1
799	28	2	28	0
800	28	2	27	1
801	24	2	10	14
802	28	2	27	1
803	26	2	19	7
804	28	2	28	0
805	26	2	25	1
806	26	2	24	2
807	28	2	27	1
808	26	2	26	0
809	28	2	26	2
810	28	2	27	1
811	28	2	27	1
812	28	2	28	0
813	28	2	26	2
814	28	2	27	1
815	26	2	24	2
816	26	2	24	2
817	26	2	11	15
818	28	2	19	9
819	26	2	25	1
820	30	2	30	0
821	26	2	11	15
822	28	2	28	0
823	26	2	24	2
824	28	2	7	21
825	28	2	27	1
826	28	2	28	0
827	26	2	26	0
828	28	2	27	1
829	26	2	25	1
830	28	2	27	1
831	26	2	26	0
832	28	2	27	1
833	26	2	14	12
834	30	2	29	1
835	30	2	29	1
836	28	2	24	4
837	26	2	1	25
838	26	2	26	0
839	26	2	24	2
840	30	2	29	1
841	28	2	26	2
842	26	2	26	0
843	28	2	26	2
844	24	2	10	14
845	26	2	25	1
846	28	2	27	1
847	26	2	25	1
848	28	2	26	2
849	26	2	25	1
850	26	2	25	1
851	26	2	20	6
852	26	2	25	1
853	26	2	25	1
854	26	2	19	7
855	26	2	24	2
856	26	2	25	1
857	28	2	24	4
858	24	2	15	9
859	26	2	25	1
860	30	2	28	2
861	26	2	25	1
862	28	2	28	0
863	30	2	29	1
864	28	2	28	0
865	30	2	30	0
866	28	2	27	1
867	28	2	12	16
868	28	2	12	16
869	28	2	27	1
870	26	2	16	10
871	26	2	24	2
872	28	2	27	1
873	26	2	26	0
874	26	2	24	2
875	26	2	24	2
876	26	2	13	13
877	28	2	26	2
878	26	2	25	1
879	26	2	14	12
880	26	2	10	16
881	26	2	22	4
882	26	2	24	2
883	28	2	25	3
884	28	2	21	7
885	26	2	25	1
886	30	2	29	1
887	28	2	28	0
888	26	2	25	1
889	28	2	25	3
890	26	2	22	4
891	26	2	10	16
892	26	2	24	2
893	26	2	7	19
894	28	2	27	1
895	26	2	12	14
896	28	2	25	3
897	28	2	26	2
898	26	2	24	2
899	28	2	13	15
900	28	2	27	1
901	26	2	25	1
902	28	2	26	2
903	28	2	27	1
904	28	2	27	1
905	26	2	24	2
906	26	2	17	9
907	28	2	27	1
908	30	2	29	1
909	28	2	27	1
910	26	2	25	1
911	24	2	23	1
912	26	2	22	4
913	26	2	25	1
914	26	2	26	0
915	28	2	27	1
916	28	2	28	0
917	26	2	13	13
918	26	2	23	3
919	26	2	25	1
920	28	2	28	0
921	28	2	21	7
922	26	2	26	0
923	30	2	28	2
924	30	2	29	1
925	28	2	27	1
926	26	2	16	10
927	28	2	26	2
928	28	2	27	1
929	28	2	27	1
930	26	2	24	2
931	26	2	24	2
932	26	2	9	17
933	26	2	25	1
934	28	2	15	13
935	28	2	27	1
936	28	2	14	14
937	28	2	27	1
938	28	2	14	14
939	26	2	25	1
940	26	2	25	1
941	28	2	27	1
942	28	2	11	17
943	26	2	26	0
944	28	2	19	9
945	26	2	26	0
946	26	2	24	2
947	28	2	27	1
948	26	2	24	2
949	30	2	23	7
950	26	2	14	12
951	26	2	8	18
952	28	2	27	1
953	26	2	25	1
954	28	2	27	1
955	28	2	27	1
956	28	2	27	1
957	26	2	26	0
958	26	2	26	0
959	26	2	24	2
960	28	2	8	20
961	26	2	25	1
962	26	2	26	0
963	28	2	16	12
964	26	2	18	8
965	30	2	6	24
966	28	2	27	1
967	26	2	25	1
968	28	2	26	2
969	28	2	25	3
970	28	2	27	1
971	26	2	23	3
972	30	2	28	2
973	26	2	26	0
974	28	2	27	1
975	28	2	26	2
976	26	2	26	0
977	28	2	27	1
978	26	2	11	15
979	28	2	27	1
980	26	2	26	0
981	26	2	10	16
982	28	2	27	1
983	26	2	24	2
984	26	2	24	2
985	28	2	15	13
986	28	2	27	1
987	28	2	26	2
988	26	2	25	1
989	26	2	25	1
990	28	2	26	2
991	28	2	20	8
992	28	2	28	0
993	26	2	11	15
994	28	2	15	13
995	30	2	28	2
996	26	2	25	1
997	28	2	26	2
998	26	2	6	20
999	28	2	16	12
1000	26	2	11	15
1001	28	2	24	4
1002	28	2	12	16
1003	28	2	25	3
1004	26	2	25	1
1005	30	2	27	3
1006	28	2	27	1
1007	28	2	26	2
1008	28	2	26	2
1009	28	2	24	4
1010	26	2	15	11
1011	28	2	27	1
1012	28	2	27	1
1013	26	2	25	1
1014	30	2	30	0
1015	26	2	25	1
1016	26	2	9	17
1017	28	2	27	1
1018	28	2	28	0
1019	24	2	12	12
1020	28	2	27	1
1021	28	2	28	0
1022	28	2	26	2
1023	28	2	28	0
1024	26	2	21	5
1025	28	2	27	1
1026	28	2	28	0
1027	28	2	16	12
1028	26	2	8	18
1029	28	2	26	2
1030	28	2	25	3
1031	28	2	27	1
1032	28	2	26	2
1033	26	2	25	1
1034	30	2	28	2
1035	26	2	25	1
1036	26	2	8	18
1037	26	2	25	1
1038	28	2	27	1
1039	28	2	26	2
1040	26	2	25	1
1041	28	2	27	1
1042	26	2	13	13
1043	26	2	24	2
1044	28	2	27	1
1045	28	2	27	1
1046	30	2	30	0
1047	26	2	21	5
1048	28	2	25	3
1049	28	2	27	1
1050	28	2	26	2
1051	28	2	28	0
1052	26	2	25	1
1053	28	2	26	2
1054	28	2	6	22
1055	26	2	25	1
1056	26	2	25	1
1057	28	2	26	2
1058	26	2	11	15
1059	28	2	21	7
1060	26	2	25	1
1061	28	2	27	1
1062	28	2	19	9
1063	26	2	25	1
1064	28	2	28	0
1065	26	2	23	3
1066	28	2	28	0
1067	28	2	11	17
1068	26	2	25	1
1069	28	2	28	0
1070	26	2	25	1
1071	26	2	25	1
1072	28	2	25	3
1073	26	2	6	20
1074	26	2	22	4
1075	26	2	24	2
1076	28	2	28	0
1077	26	2	26	0
1078	28	2	21	7
1079	26	2	19	7
1080	26	2	24	2
1081	28	2	27	1
1082	26	2	26	0
1083	30	2	30	0
1084	28	2	27	1
1085	28	2	27	1
1086	26	2	25	1
1087	26	2	26	0
1088	28	2	26	2
1089	28	2	12	16
1090	28	2	27	1
1091	28	2	26	2
1092	26	2	25	1
1093	28	2	28	0
1094	28	2	27	1
1095	26	2	22	4
1096	28	2	28	0
1097	26	2	26	0
1098	26	2	25	1
1099	28	2	23	5
1100	26	2	4	22
1101	26	2	25	1
1102	28	2	28	0
1103	30	2	14	16
1104	26	2	18	8
1105	26	2	25	1
1106	28	2	26	2
1107	26	2	25	1
1108	26	2	25	1
1109	28	2	3	25
1110	26	2	23	3
1111	26	2	22	4
1112	28	2	27	1
1113	28	2	12	16
1114	28	2	27	1
1115	28	2	4	24
1116	26	2	24	2
1117	28	2	26	2
1118	26	2	8	18
1119	26	2	18	8
1120	28	2	26	2
1121	26	2	24	2
1122	30	2	28	2
1123	28	2	27	1
1124	28	2	27	1
1125	28	2	28	0
1126	26	2	24	2
1127	28	2	26	2
1128	28	2	22	6
1129	26	2	25	1
1130	26	2	25	1
1131	26	2	17	9
1132	26	2	26	0
1133	26	2	17	9
1134	26	2	25	1
1135	26	2	17	9
1136	28	2	27	1
1137	28	2	28	0
1138	28	2	16	12
1139	26	2	23	3
1140	28	2	28	0
1141	26	2	20	6
1142	26	2	25	1
1143	26	2	25	1
1144	26	2	24	2
1145	28	2	24	4
1146	28	2	27	1
1147	28	2	12	16
1148	28	2	26	2
1149	28	2	27	1
1150	28	2	3	25
1151	26	2	26	0
1152	26	2	21	5
1153	30	2	29	1
1154	26	2	25	1
1155	28	2	26	2
1156	28	2	27	1
1157	26	2	25	1
1158	26	2	24	2
1159	28	2	26	2
1160	28	2	26	2
1161	28	2	25	3
1162	26	2	25	1
1163	28	2	28	0
1164	26	2	25	1
1165	26	2	24	2
1166	28	2	15	13
1167	28	2	27	1
1168	26	2	23	3
1169	26	2	22	4
1170	28	2	27	1
1171	28	2	11	17
1172	28	2	26	2
1173	26	2	22	4
1174	26	2	17	9
1175	26	2	25	1
1176	26	2	25	1
1177	26	2	21	5
1178	28	2	27	1
1179	26	2	25	1
1180	26	2	20	6
1181	26	2	25	1
1182	28	2	11	17
1183	26	2	3	23
1184	26	2	25	1
1185	26	2	10	16
1186	28	2	27	1
1187	26	2	24	2
1188	28	2	28	0
1189	28	2	26	2
1190	28	2	14	14
1191	28	2	26	2
1192	24	2	23	1
1193	28	2	28	0
1194	26	2	25	1
1195	30	2	29	1
1196	30	2	29	1
1197	28	2	27	1
1198	28	2	27	1
1199	26	2	24	2
1200	30	2	29	1
1201	26	2	25	1
1202	28	2	25	3
1203	26	2	26	0
1204	26	2	9	17
1205	28	2	25	3
1206	26	2	25	1
1207	28	2	27	1
1208	28	2	22	6
1209	28	2	26	2
1210	28	2	27	1
1211	26	2	25	1
1212	28	2	16	12
1213	26	2	25	1
1214	26	2	25	1
1215	26	2	15	11
1216	26	2	25	1
1217	28	2	25	3
1218	28	2	26	2
1219	26	2	24	2
1220	26	2	25	1
1221	26	2	26	0
1222	28	2	27	1
1223	24	2	23	1
1224	26	2	26	0
1225	28	2	27	1
1226	26	2	24	2
1227	26	2	1	25
1228	26	2	24	2
1229	26	2	23	3
1230	28	2	8	20
1231	28	2	26	2
1232	28	2	27	1
1233	26	2	6	20
1234	26	2	25	1
1235	28	2	27	1
1236	26	2	26	0
1237	30	2	29	1
1238	28	2	18	10
1239	28	2	14	14
1240	30	2	28	2
1241	28	2	11	17
1242	28	2	18	10
1243	28	2	27	1
1244	28	2	27	1
1245	28	2	26	2
1246	26	2	25	1
1247	28	2	27	1
1248	26	2	25	1
1249	28	2	13	15
1250	26	2	14	12
1251	26	2	6	20
1252	28	2	26	2
1253	26	2	8	18
1254	26	2	26	0
1255	26	2	22	4
1256	26	2	25	1
1257	26	2	26	0
1258	26	2	21	5
1259	26	2	25	1
1260	26	2	25	1
1261	26	2	25	1
1262	28	2	26	2
1263	28	2	28	0
1264	28	2	16	12
1265	26	2	25	1
1266	26	2	25	1
1267	26	2	24	2
1268	26	2	25	1
1269	26	2	25	1
1270	26	2	25	1
1271	28	2	13	15
1272	26	2	15	11
1273	28	2	28	0
1274	24	2	21	3
1275	26	2	25	1
1276	28	2	27	1
1277	26	2	26	0
1278	28	2	27	1
1279	28	2	24	4
1280	28	2	14	14
1281	28	2	27	1
1282	28	2	9	19
1283	28	2	27	1
1284	28	2	26	2
1285	26	2	25	1
1286	28	2	27	1
1287	28	2	12	16
1288	26	2	25	1
1289	26	2	26	0
1290	28	2	27	1
1291	26	2	25	1
1292	28	2	26	2
1293	28	2	27	1
1294	26	2	25	1
1295	28	2	27	1
1296	26	2	24	2
1297	28	2	26	2
1298	28	2	21	7
1299	28	2	26	2
1300	28	2	25	3
1301	26	2	25	1
1302	26	2	25	1
1303	26	2	25	1
1304	26	2	25	1
1305	28	2	26	2
1306	28	2	28	0
1307	26	2	25	1
1308	28	2	28	0
1309	28	2	26	2
1310	28	2	28	0
1311	26	2	8	18
1312	26	2	25	1
1313	26	2	25	1
1314	26	2	25	1
1315	28	2	26	2
1316	26	2	25	1
1317	28	2	26	2
1318	26	2	26	0
1319	28	2	27	1
1320	26	2	8	18
1321	26	2	24	2
1322	28	2	14	14
1323	26	2	24	2
1324	24	2	17	7
1325	28	2	27	1
1326	26	2	9	17
1327	28	2	28	0
1328	28	2	27	1
1329	26	2	25	1
1330	28	2	27	1
1331	28	2	27	1
1332	28	2	27	1
1333	26	2	1	25
1334	26	2	25	1
1335	26	2	25	1
1336	28	2	26	2
1337	28	2	27	1
1338	26	2	24	2
1339	26	2	25	1
1340	26	2	11	15
1341	28	2	27	1
1342	28	2	27	1
1343	28	2	26	2
1344	30	2	10	20
1345	26	2	20	6
1346	28	2	25	3
1347	28	2	11	17
1348	30	2	29	1
1349	26	2	25	1
1350	28	2	27	1
1351	26	2	10	16
1352	28	2	23	5
1353	28	2	27	1
1354	26	2	19	7
1355	26	2	24	2
1356	26	2	22	4
1357	28	2	9	19
1358	28	2	24	4
1359	28	2	27	1
1360	26	2	24	2
1361	26	2	25	1
1362	28	2	26	2
1363	28	2	27	1
1364	28	2	28	0
1365	26	2	8	18
1366	28	2	15	13
1367	26	2	26	0
1368	28	2	27	1
1369	26	2	23	3
1370	28	2	26	2
1371	26	2	26	0
1372	26	2	26	0
1373	26	2	10	16
1374	28	2	26	2
1375	30	2	26	4
1376	26	2	24	2
1377	28	2	14	14
1378	26	2	25	1
1379	26	2	24	2
1380	26	2	26	0
1381	26	2	25	1
1382	26	2	25	1
1383	26	2	25	1
1384	26	2	25	1
1385	28	2	27	1
1386	28	2	27	1
1387	28	2	28	0
1388	28	2	24	4
1389	30	2	28	2
1390	28	2	14	14
1391	26	2	23	3
1392	26	2	24	2
1393	30	2	24	6
1394	30	2	29	1
1395	28	2	17	11
1396	28	2	27	1
1397	26	2	21	5
1398	28	2	27	1
1399	28	2	26	2
1400	26	2	24	2
1401	26	2	9	17
1402	28	2	27	1
1403	26	2	13	13
1404	28	2	27	1
1405	26	2	26	0
1406	26	2	20	6
1407	28	2	27	1
1408	30	2	26	4
1409	28	2	28	0
1410	26	2	16	10
1411	28	2	26	2
1412	28	2	27	1
1413	30	2	29	1
1414	26	2	25	1
1415	26	2	17	9
1416	28	2	14	14
1417	30	2	29	1
1418	28	2	27	1
1419	26	2	25	1
1420	28	2	27	1
1421	28	2	1	27
1422	28	2	27	1
1423	26	2	25	1
1424	28	2	27	1
1425	28	2	27	1
1426	28	2	10	18
1427	28	2	27	1
1428	28	2	26	2
1429	26	2	19	7
1430	28	2	27	1
1431	28	2	26	2
1432	26	2	24	2
1433	28	2	26	2
1434	30	2	29	1
1435	26	2	25	1
1436	26	2	25	1
1437	26	2	12	14
1438	28	2	15	13
1439	26	2	24	2
1440	28	2	14	14
1441	28	2	27	1
1442	28	2	26	2
1443	28	2	26	2
1444	26	2	2	24
1445	26	2	25	1
1446	30	2	30	0
1447	26	2	13	13
1448	26	2	12	14
1449	26	2	15	11
1450	26	2	25	1
1451	26	2	24	2
1452	28	2	9	19
1453	28	2	27	1
1454	26	2	11	15
1455	28	2	25	3
1456	28	2	26	2
1457	26	2	25	1
1458	26	2	11	15
1459	26	2	18	8
1460	26	2	25	1
1461	28	2	27	1
1462	28	2	27	1
1463	28	2	28	0
1464	28	2	28	0
1465	30	2	15	15
1466	28	2	26	2
1467	26	2	24	2
1468	26	2	25	1
1469	28	2	27	1
1470	28	2	27	1
1471	26	2	10	16
1472	26	2	25	1
1473	26	2	25	1
1474	26	2	13	13
1475	28	2	26	2
1476	28	2	27	1
1477	26	2	24	2
1478	28	2	28	0
1479	28	2	28	0
1480	28	2	27	1
1481	26	2	24	2
1482	28	2	26	2
1483	26	2	25	1
1484	26	2	26	0
1485	28	2	12	16
1486	26	2	26	0
1487	26	2	26	0
1488	26	2	19	7
1489	28	2	28	0
1490	26	2	25	1
1491	28	2	23	5
1492	28	2	27	1
1493	26	2	22	4
1494	26	2	25	1
1495	28	2	23	5
1496	28	2	27	1
1497	28	2	27	1
1498	26	2	16	10
1499	26	2	24	2
1500	26	2	25	1
1501	26	2	26	0
1502	28	2	27	1
1503	28	2	27	1
1504	26	2	25	1
1505	28	2	27	1
1506	26	2	25	1
1507	26	2	25	1
1508	28	2	25	3
1509	26	2	12	14
1510	28	2	27	1
1511	28	2	27	1
1512	30	2	9	21
1513	26	2	24	2
1514	26	2	25	1
1515	28	2	27	1
1516	28	2	28	0
1517	26	2	23	3
1518	26	2	24	2
1519	28	2	26	2
1520	26	2	25	1
1521	28	2	26	2
1522	30	2	30	0
1523	26	2	8	18
1524	26	2	26	0
1525	26	2	24	2
1526	24	2	10	14
1527	28	2	8	20
1528	28	2	26	2
1529	26	2	25	1
1530	26	2	25	1
1531	28	2	27	1
1532	26	2	25	1
1533	26	2	23	3
1534	26	2	25	1
1535	28	2	26	2
1536	28	2	23	5
1537	26	2	25	1
1538	28	2	27	1
1539	28	2	23	5
1540	26	2	25	1
1541	26	2	20	6
1542	28	2	15	13
1543	26	2	11	15
1544	30	2	28	2
1545	30	2	13	17
1546	26	2	22	4
1547	28	2	27	1
1548	28	2	27	1
1549	26	2	25	1
1550	26	2	25	1
1551	26	2	26	0
1552	26	2	24	2
1553	26	2	22	4
1554	26	2	26	0
1555	28	2	26	2
1556	28	2	12	16
1557	28	2	27	1
1558	26	2	8	18
1559	26	2	15	11
1560	26	2	24	2
1561	30	2	26	4
1562	28	2	20	8
1563	28	2	28	0
1564	28	2	15	13
1565	26	2	18	8
1566	28	2	27	1
1567	24	2	23	1
1568	28	2	27	1
1569	26	2	11	15
1570	28	2	27	1
1571	28	2	28	0
1572	26	2	25	1
1573	26	2	1	25
1574	28	2	26	2
1575	26	2	24	2
1576	28	2	26	2
1577	26	2	25	1
1578	26	2	24	2
1579	26	2	25	1
1580	26	2	24	2
1581	28	2	27	1
1582	28	2	8	20
1583	28	2	27	1
1584	28	2	26	2
1585	26	2	4	22
1586	28	2	28	0
1587	28	2	25	3
1588	28	2	26	2
1589	28	2	27	1
1590	26	2	9	17
1591	28	2	18	10
1592	26	2	25	1
1593	28	2	28	0
1594	28	2	12	16
1595	28	2	28	0
1596	28	2	27	1
1597	28	2	28	0
1598	26	2	24	2
1599	28	2	27	1
1600	30	2	29	1
1601	26	2	25	1
1602	24	2	23	1
1603	26	2	26	0
1604	28	2	27	1
1605	28	2	27	1
1606	26	2	26	0
1607	28	2	25	3
1608	28	2	27	1
1609	26	2	26	0
1610	26	2	23	3
1611	28	2	27	1
1612	28	2	24	4
1613	26	2	26	0
1614	28	2	27	1
1615	26	2	26	0
1616	26	2	25	1
1617	28	2	9	19
1618	28	2	27	1
1619	28	2	24	4
1620	26	2	24	2
1621	28	2	13	15
1622	26	2	23	3
1623	26	2	25	1
1624	26	2	12	14
1625	26	2	24	2
1626	28	2	27	1
1627	28	2	28	0
1628	28	2	27	1
1629	26	2	25	1
1630	26	2	25	1
1631	26	2	20	6
1632	28	2	28	0
1633	30	2	29	1
1634	26	2	13	13
1635	28	2	26	2
1636	28	2	26	2
1637	26	2	24	2
1638	28	2	27	1
1639	26	2	25	1
1640	28	2	27	1
1641	28	2	27	1
1642	26	2	25	1
1643	28	2	27	1
1644	28	2	27	1
1645	26	2	26	0
1646	28	2	26	2
1647	26	2	25	1
1648	26	2	26	0
1649	26	2	25	1
1650	28	2	27	1
1651	28	2	13	15
1652	28	2	27	1
1653	24	2	10	14
1654	28	2	27	1
1655	26	2	26	0
1656	28	2	26	2
1657	26	2	6	20
1658	26	2	23	3
1659	26	2	18	8
1660	28	2	27	1
1661	28	2	11	17
1662	26	2	22	4
1663	28	2	26	2
1664	26	2	26	0
1665	26	2	26	0
1666	26	2	7	19
1667	26	2	24	2
1668	28	2	26	2
1669	28	2	26	2
1670	26	2	25	1
1671	26	2	5	21
1672	26	2	23	3
1673	28	2	25	3
1674	28	2	9	19
1675	26	2	26	0
1676	26	2	18	8
1677	28	2	27	1
1678	24	2	24	0
1679	26	2	10	16
1680	28	2	12	16
1681	26	2	10	16
1682	28	2	26	2
1683	26	2	25	1
1684	26	2	25	1
1685	28	2	28	0
1686	26	2	24	2
1687	26	2	25	1
1688	28	2	7	21
1689	26	2	25	1
1690	26	2	25	1
1691	26	2	24	2
1692	26	2	24	2
1693	28	2	26	2
1694	26	2	26	0
1695	26	2	26	0
1696	30	2	30	0
1697	30	2	28	2
1698	26	2	20	6
1699	26	2	25	1
1700	28	2	27	1
1701	28	2	14	14
1702	28	2	16	12
1703	26	2	24	2
1704	26	2	25	1
1705	28	2	26	2
1706	28	2	27	1
1707	28	2	27	1
1708	26	2	8	18
1709	28	2	25	3
1710	26	2	25	1
1711	26	2	22	4
1712	28	2	20	8
1713	26	2	26	0
1714	26	2	25	1
1715	28	2	25	3
1716	28	2	26	2
1717	28	2	26	2
1718	26	2	24	2
1719	26	2	25	1
1720	28	2	8	20
1721	28	2	8	20
1722	28	2	27	1
1723	28	2	8	20
1724	28	2	27	1
1725	26	2	18	8
1726	26	2	25	1
1727	26	2	26	0
1728	28	2	28	0
1729	28	2	28	0
1730	26	2	25	1
1731	26	2	26	0
1732	26	2	26	0
1733	26	2	26	0
1734	28	2	26	2
1735	26	2	3	23
1736	28	2	28	0
1737	26	2	25	1
1738	26	2	25	1
1739	28	2	14	14
1740	26	2	24	2
1741	28	2	27	1
1742	26	2	25	1
1743	26	2	17	9
1744	28	2	19	9
1745	28	2	21	7
1746	28	2	27	1
1747	28	2	25	3
1748	30	2	28	2
1749	26	2	26	0
1750	28	2	26	2
1751	30	2	10	20
1752	26	2	25	1
1753	30	2	26	4
1754	28	2	27	1
1755	28	2	9	19
1756	30	2	15	15
1757	28	2	25	3
1758	26	2	23	3
1759	28	2	26	2
1760	26	2	26	0
1761	26	2	26	0
1762	24	2	23	1
1763	26	2	25	1
1764	28	2	7	21
1765	26	2	25	1
1766	26	2	26	0
1767	28	2	28	0
1768	26	2	20	6
1769	28	2	19	9
1770	30	2	27	3
1771	26	2	25	1
1772	30	2	22	8
1773	26	2	16	10
1774	26	2	26	0
1775	26	2	11	15
1776	26	2	24	2
1777	28	2	25	3
1778	26	2	23	3
1779	26	2	25	1
1780	28	2	28	0
1781	28	2	27	1
1782	28	2	27	1
1783	28	2	27	1
1784	28	2	20	8
1785	26	2	23	3
1786	26	2	24	2
1787	28	2	26	2
1788	26	2	5	21
1789	28	2	27	1
1790	28	2	4	24
1791	26	2	25	1
1792	26	2	24	2
1793	28	2	27	1
1794	26	2	26	0
1795	26	2	24	2
1796	26	2	24	2
1797	26	2	25	1
1798	26	2	24	2
1799	26	2	25	1
1800	26	2	18	8
1801	24	2	10	14
1802	28	2	26	2
1803	28	2	27	1
1804	30	2	30	0
1805	26	2	26	0
1806	26	2	25	1
1807	26	2	15	11
1808	28	2	26	2
1809	28	2	28	0
1810	28	2	8	20
1811	26	2	25	1
1812	26	2	25	1
1813	28	2	26	2
1814	26	2	24	2
1815	28	2	27	1
1816	30	2	29	1
1817	26	2	26	0
1818	28	2	27	1
1819	26	2	22	4
1820	26	2	26	0
1821	28	2	9	19
1822	26	2	25	1
1823	28	2	18	10
1824	26	2	24	2
1825	28	2	22	6
1826	28	2	27	1
1827	28	2	27	1
1828	26	2	23	3
1829	26	2	26	0
1830	26	2	14	12
1831	30	2	28	2
1832	26	2	24	2
1833	26	2	17	9
1834	26	2	20	6
1835	28	2	27	1
1836	26	2	16	10
1837	26	2	21	5
1838	28	2	19	9
1839	26	2	24	2
1840	28	2	27	1
1841	26	2	24	2
1842	28	2	22	6
1843	26	2	24	2
1844	26	2	24	2
1845	28	2	26	2
1846	28	2	27	1
1847	28	2	26	2
1848	28	2	27	1
1849	28	2	27	1
1850	30	2	19	11
1851	26	2	12	14
1852	26	2	25	1
1853	30	2	30	0
1854	28	2	18	10
1855	28	2	28	0
1856	28	2	24	4
1857	28	2	24	4
1858	26	2	25	1
1859	28	2	26	2
1860	30	2	8	22
1861	28	2	13	15
1862	28	2	26	2
1863	28	2	27	1
1864	26	2	25	1
1865	28	2	27	1
1866	26	2	24	2
1867	26	2	25	1
1868	26	2	24	2
1869	26	2	25	1
1870	26	2	25	1
1871	26	2	26	0
1872	28	2	25	3
1873	24	2	23	1
1874	26	2	26	0
1875	26	2	10	16
1876	28	2	25	3
1877	30	2	30	0
1878	26	2	7	19
1879	28	2	19	9
1880	28	2	27	1
1881	26	2	25	1
1882	28	2	26	2
1883	28	2	27	1
1884	28	2	26	2
1885	26	2	25	1
1886	28	2	10	18
1887	28	2	26	2
1888	26	2	25	1
1889	28	2	27	1
1890	26	2	24	2
1891	28	2	12	16
1892	26	2	24	2
1893	26	2	25	1
1894	26	2	16	10
1895	28	2	27	1
1896	28	2	27	1
1897	26	2	10	16
1898	26	2	25	1
1899	28	2	27	1
1900	26	2	18	8
1901	26	2	25	1
1902	28	2	27	1
1903	26	2	25	1
1904	26	2	25	1
1905	26	2	9	17
1906	28	2	24	4
1907	28	2	5	23
1908	30	2	28	2
1909	26	2	10	16
1910	26	2	25	1
1911	26	2	21	5
1912	24	2	24	0
1913	26	2	25	1
1914	26	2	25	1
1915	26	2	16	10
1916	26	2	25	1
1917	26	2	8	18
1918	26	2	7	19
1919	28	2	8	20
1920	28	2	27	1
1921	28	2	23	5
1922	26	2	25	1
1923	26	2	26	0
1924	26	2	25	1
1925	28	2	26	2
1926	26	2	24	2
1927	28	2	27	1
1928	28	2	26	2
1929	26	2	25	1
1930	28	2	13	15
1931	26	2	25	1
1932	26	2	19	7
1933	28	2	20	8
1934	28	2	27	1
1935	26	2	25	1
1936	26	2	25	1
1937	26	2	18	8
1938	26	2	9	17
1939	28	2	27	1
1940	26	2	26	0
1941	26	2	20	6
1942	28	2	27	1
1943	26	2	19	7
1944	26	2	24	2
1945	26	2	15	11
1946	26	2	25	1
1947	26	2	25	1
1948	28	2	27	1
1949	28	2	26	2
1950	28	2	28	0
1951	28	2	26	2
1952	28	2	27	1
1953	28	2	27	1
1954	26	2	24	2
1955	28	2	11	17
1956	28	2	26	2
1957	26	2	25	1
1958	26	2	25	1
1959	26	2	25	1
1960	26	2	11	15
1961	26	2	23	3
1962	30	2	29	1
1963	26	2	24	2
1964	28	2	25	3
1965	26	2	24	2
1966	28	2	28	0
1967	28	2	10	18
1968	28	2	26	2
1969	28	2	27	1
1970	26	2	25	1
1971	26	2	26	0
1972	28	2	27	1
1973	28	2	27	1
1974	28	2	27	1
1975	28	2	27	1
1976	26	2	11	15
1977	26	2	25	1
1978	26	2	25	1
1979	28	2	27	1
1980	26	2	19	7
1981	26	2	7	19
1982	26	2	6	20
1983	30	2	15	15
1984	28	2	27	1
1985	28	2	14	14
1986	28	2	27	1
1987	26	2	26	0
1988	28	2	26	2
1989	28	2	27	1
1990	28	2	6	22
1991	26	2	8	18
1992	26	2	6	20
1993	26	2	25	1
1994	26	2	14	12
1995	28	2	27	1
1996	26	2	25	1
1997	26	2	24	2
1998	28	2	11	17
1999	26	2	25	1
2000	28	2	25	3
2001	28	2	19	9
2002	26	2	26	0
2003	28	2	27	1
2004	26	2	15	11
2005	28	2	14	14
2006	28	2	28	0
2007	26	2	25	1
2008	26	2	23	3
2009	26	2	25	1
2010	26	2	26	0
2011	26	2	25	1
2012	26	2	26	0
2013	28	2	12	16
2014	28	2	26	2
2015	28	2	26	2
2016	28	2	26	2
2017	26	2	25	1
2018	26	2	24	2
2019	28	2	26	2
2020	26	2	24	2
2021	28	2	27	1
2022	28	2	3	25
2023	28	2	26	2
2024	28	2	13	15
2025	26	2	25	1
2026	26	2	14	12
2027	28	2	19	9
2028	26	2	25	1
2029	28	2	17	11
2030	26	2	25	1
2031	26	2	24	2
2032	26	2	24	2
2033	26	2	25	1
2034	28	2	8	20
2035	26	2	8	18
2036	26	2	25	1
2037	30	2	29	1
2038	28	2	24	4
2039	26	2	24	2
2040	26	2	25	1
2041	28	2	26	2
2042	26	2	12	14
2043	28	2	25	3
2044	26	2	26	0
2045	26	2	22	4
2046	28	2	18	10
2047	28	2	28	0
2048	26	2	26	0
2049	28	2	25	3
2050	26	2	26	0
2051	30	2	27	3
2052	26	2	25	1
2053	26	2	9	17
2054	26	2	24	2
2055	26	2	24	2
2056	28	2	27	1
2057	28	2	27	1
2058	28	2	21	7
2059	26	2	25	1
2060	28	2	9	19
2061	30	2	30	0
2062	26	2	25	1
2063	28	2	27	1
2064	26	2	25	1
2065	28	2	27	1
2066	30	2	30	0
2067	24	2	22	2
2068	28	2	26	2
2069	30	2	29	1
2070	26	2	25	1
2071	26	2	15	11
2072	26	2	25	1
2073	28	2	9	19
2074	26	2	24	2
2075	28	2	28	0
2076	28	2	27	1
2077	28	2	27	1
2078	26	2	24	2
2079	30	2	17	13
2080	26	2	22	4
2081	26	2	23	3
2082	30	2	28	2
2083	26	2	20	6
2084	26	2	25	1
2085	26	2	25	1
2086	28	2	27	1
2087	28	2	8	20
2088	26	2	24	2
2089	26	2	17	9
2090	28	2	23	5
2091	26	2	25	1
2092	28	2	27	1
2093	26	2	24	2
2094	28	2	14	14
2095	28	2	13	15
2096	26	2	26	0
2097	26	2	25	1
2098	28	2	19	9
2099	26	2	6	20
2100	26	2	25	1
2101	28	2	26	2
2102	28	2	14	14
2103	26	2	26	0
2104	26	2	25	1
2105	28	2	27	1
2106	28	2	22	6
2107	30	2	29	1
2108	26	2	12	14
2109	28	2	26	2
2110	28	2	28	0
2111	26	2	11	15
2112	28	2	27	1
2113	26	2	24	2
2114	24	2	22	2
2115	26	2	26	0
2116	28	2	27	1
2117	26	2	25	1
2118	28	2	27	1
2119	26	2	25	1
2120	26	2	22	4
2121	28	2	27	1
2122	26	2	17	9
2123	24	2	23	1
2124	26	2	14	12
2125	28	2	28	0
2126	26	2	25	1
2127	26	2	26	0
2128	26	2	25	1
2129	26	2	25	1
2130	28	2	26	2
2131	28	2	27	1
2132	28	2	24	4
2133	26	2	24	2
2134	28	2	27	1
2135	28	2	27	1
2136	28	2	26	2
2137	24	2	23	1
2138	26	2	10	16
2139	26	2	8	18
2140	26	2	21	5
2141	28	2	27	1
2142	26	2	24	2
2143	30	2	8	22
2144	28	2	15	13
2145	28	2	28	0
2146	28	2	27	1
2147	28	2	19	9
2148	26	2	10	16
2149	28	2	27	1
2150	26	2	25	1
2151	28	2	15	13
2152	26	2	23	3
2153	28	2	28	0
2154	26	2	25	1
2155	28	2	27	1
2156	26	2	25	1
2157	26	2	25	1
2158	28	2	27	1
2159	28	2	8	20
2160	28	2	18	10
2161	28	2	25	3
2162	26	2	23	3
2163	28	2	26	2
2164	28	2	11	17
2165	30	2	26	4
2166	28	2	20	8
2167	28	2	27	1
2168	26	2	25	1
2169	26	2	25	1
2170	28	2	26	2
2171	28	2	24	4
2172	28	2	26	2
2173	26	2	24	2
2174	30	2	30	0
2175	26	2	25	1
2176	28	2	26	2
2177	26	2	26	0
2178	26	2	25	1
2179	24	2	22	2
2180	26	2	20	6
2181	28	2	7	21
2182	26	2	25	1
2183	28	2	25	3
2184	26	2	25	1
2185	28	2	26	2
2186	28	2	27	1
2187	28	2	27	1
2188	26	2	12	14
2189	28	2	22	6
2190	24	2	24	0
2191	26	2	24	2
2192	28	2	25	3
2193	28	2	11	17
2194	26	2	24	2
2195	28	2	27	1
2196	30	2	29	1
2197	28	2	24	4
2198	30	2	29	1
2199	26	2	25	1
2200	30	2	29	1
2201	26	2	26	0
2202	28	2	27	1
2203	26	2	9	17
2204	28	2	11	17
2205	26	2	18	8
2206	26	2	12	14
2207	28	2	22	6
2208	26	2	25	1
2209	26	2	25	1
2210	28	2	24	4
2211	26	2	25	1
2212	26	2	8	18
2213	26	2	23	3
2214	26	2	11	15
2215	28	2	27	1
2216	26	2	9	17
2217	28	2	10	18
2218	26	2	25	1
2219	26	2	16	10
2220	26	2	23	3
2221	26	2	25	1
2222	26	2	24	2
2223	26	2	23	3
2224	28	2	16	12
2225	26	2	14	12
2226	28	2	8	20
2227	26	2	26	0
2228	28	2	13	15
2229	28	2	27	1
2230	28	2	11	17
2231	28	2	14	14
2232	28	2	16	12
2233	26	2	10	16
2234	28	2	27	1
2235	28	2	16	12
2236	28	2	28	0
2237	28	2	27	1
2238	26	2	21	5
2239	26	2	23	3
2240	26	2	25	1
2241	26	2	20	6
2242	28	2	26	2
2243	28	2	28	0
2244	28	2	23	5
2245	28	2	22	6
2246	26	2	25	1
2247	26	2	9	17
2248	28	2	25	3
2249	28	2	26	2
2250	28	2	9	19
2251	26	2	26	0
2252	28	2	21	7
2253	30	2	19	11
2254	28	2	28	0
2255	26	2	8	18
2256	28	2	20	8
2257	26	2	24	2
2258	26	2	25	1
2259	26	2	24	2
2260	26	2	25	1
2261	26	2	26	0
2262	28	2	25	3
2263	28	2	28	0
2264	26	2	23	3
2265	28	2	27	1
2266	26	2	14	12
2267	26	2	25	1
2268	28	2	26	2
2269	28	2	3	25
2270	26	2	25	1
2271	28	2	26	2
2272	28	2	28	0
2273	28	2	27	1
2274	28	2	28	0
2275	28	2	26	2
2276	26	2	22	4
2277	28	2	11	17
2278	26	2	14	12
2279	26	2	23	3
2280	28	2	14	14
2281	28	2	22	6
2282	26	2	8	18
2283	28	2	27	1
2284	26	2	26	0
2285	26	2	25	1
2286	26	2	25	1
2287	28	2	27	1
2288	26	2	25	1
2289	28	2	27	1
2290	26	2	24	2
2291	26	2	25	1
2292	26	2	24	2
2293	28	2	25	3
2294	26	2	25	1
2295	26	2	24	2
2296	28	2	27	1
2297	28	2	10	18
2298	26	2	25	1
2299	30	2	15	15
2300	26	2	23	3
2301	26	2	18	8
2302	26	2	25	1
2303	30	2	28	2
2304	26	2	13	13
2305	28	2	15	13
2306	28	2	26	2
2307	26	2	11	15
2308	26	2	25	1
2309	26	2	24	2
2310	26	2	26	0
2311	26	2	26	0
2312	28	2	23	5
2313	26	2	24	2
2314	28	2	26	2
2315	26	2	23	3
2316	26	2	25	1
2317	28	2	27	1
2318	30	2	26	4
2319	30	2	29	1
2320	28	2	27	1
2321	28	2	27	1
2322	28	2	23	5
2323	26	2	26	0
2324	26	2	16	10
2325	28	2	14	14
2326	28	2	12	16
2327	26	2	25	1
2328	26	2	25	1
2329	28	2	26	2
2330	26	2	25	1
2331	26	2	25	1
2332	26	2	22	4
2333	30	2	29	1
2334	26	2	19	7
2335	26	2	13	13
2336	30	2	29	1
2337	26	2	12	14
2338	28	2	27	1
2339	26	2	22	4
2340	26	2	23	3
2341	30	2	15	15
2342	28	2	2	26
2343	26	2	22	4
2344	26	2	15	11
2345	26	2	15	11
2346	24	2	23	1
2347	26	2	25	1
2348	28	2	27	1
2349	26	2	26	0
2350	26	2	26	0
2351	28	2	26	2
2352	28	2	27	1
2353	26	2	25	1
2354	26	2	24	2
2355	28	2	17	11
2356	26	2	20	6
2357	30	2	10	20
2358	28	2	27	1
2359	28	2	27	1
2360	28	2	25	3
2361	26	2	6	20
2362	30	2	15	15
2363	28	2	19	9
2364	30	2	24	6
2365	26	2	25	1
2366	28	2	19	9
2367	26	2	26	0
2368	28	2	9	19
2369	28	2	19	9
2370	30	2	22	8
2371	26	2	14	12
2372	26	2	22	4
2373	30	2	19	11
2374	26	2	23	3
2375	28	2	27	1
2376	26	2	21	5
2377	26	2	26	0
2378	28	2	27	1
2379	28	2	27	1
2380	26	2	24	2
2381	28	2	14	14
2382	28	2	16	12
2383	30	2	16	14
2384	30	2	27	3
2385	26	2	11	15
2386	30	2	20	10
2387	30	2	12	18
2388	26	2	25	1
2389	28	2	25	3
2390	28	2	12	16
2391	28	2	27	1
2392	28	2	27	1
2393	28	2	20	8
2394	28	2	27	1
2395	28	2	26	2
2396	30	2	16	14
2397	28	2	18	10
2398	28	2	26	2
2399	26	2	25	1
2400	26	2	23	3
2401	30	2	4	26
2402	28	2	27	1
2403	26	2	26	0
2404	28	2	28	0
2405	26	2	15	11
2406	28	2	26	2
2407	30	2	12	18
2408	28	2	15	13
2409	30	2	16	14
2410	28	2	26	2
2411	30	2	21	9
2412	30	2	18	12
2413	28	2	27	1
2414	28	2	26	2
2415	28	2	19	9
2416	28	2	13	15
2417	26	2	17	9
2418	28	2	11	17
2419	26	2	19	7
2420	28	2	26	2
2421	26	2	24	2
2422	28	2	27	1
2423	26	2	25	1
2424	28	2	15	13
2425	28	2	25	3
2426	30	2	16	14
2427	26	2	25	1
2428	26	2	14	12
2429	28	2	21	7
2430	28	2	27	1
2431	28	2	17	11
2432	28	2	8	20
2433	28	2	13	15
2434	26	2	23	3
2435	30	2	14	16
2436	28	2	18	10
2437	26	2	24	2
2438	26	2	18	8
2439	28	2	17	11
2440	30	2	4	26
2441	30	2	29	1
2442	30	2	9	21
2443	28	2	15	13
2444	28	2	13	15
2445	28	2	12	16
2446	28	2	21	7
2447	30	2	19	11
2448	30	2	18	12
2449	26	2	19	7
2450	28	2	19	9
2451	28	2	24	4
2452	28	2	9	19
2453	26	2	24	2
2454	26	2	24	2
2455	28	2	20	8
2456	26	2	20	6
2457	26	2	6	20
2458	30	2	15	15
2459	28	2	24	4
2460	30	2	12	18
2461	26	2	24	2
2462	28	2	17	11
2463	28	2	27	1
2464	28	2	17	11
2465	28	2	27	1
2466	26	2	10	16
2467	28	2	5	23
2468	26	2	25	1
2469	28	2	27	1
