[loci]=2469

[populations]=2

[pop]=1
1	26	2	26	0
2	24	2	19	5
3	26	2	25	1
4	26	2	25	1
5	26	2	15	11
6	26	2	24	2
7	26	2	25	1
8	26	2	25	1
9	26	2	25	1
10	26	2	25	1
11	26	2	25	1
12	26	2	25	1
13	26	2	26	0
14	28	2	27	1
15	28	2	21	7
16	26	2	10	16
17	26	2	12	14
18	28	2	26	2
19	26	2	22	4
20	28	2	27	1
21	26	2	25	1
22	26	2	26	0
23	26	2	20	6
24	28	2	27	1
25	26	2	25	1
26	26	2	25	1
27	26	2	21	5
28	26	2	25	1
29	28	2	28	0
30	26	2	23	3
31	26	2	26	0
32	26	2	22	4
33	28	2	26	2
34	24	2	23	1
35	28	2	25	3
36	26	2	25	1
37	26	2	25	1
38	28	2	26	2
39	26	2	25	1
40	26	2	23	3
41	26	2	22	4
42	28	2	27	1
43	28	2	27	1
44	30	2	29	1
45	28	2	27	1
46	26	2	25	1
47	26	2	26	0
48	26	2	8	18
49	28	2	27	1
50	26	2	24	2
51	28	2	27	1
52	28	2	27	1
53	26	2	25	1
54	28	2	27	1
55	26	2	24	2
56	30	2	14	16
57	28	2	27	1
58	28	2	27	1
59	28	2	26	2
60	26	2	6	20
61	26	2	21	5
62	26	2	25	1
63	28	2	12	16
64	26	2	24	2
65	26	2	25	1
66	28	2	27	1
67	28	2	7	21
68	28	2	20	8
69	26	2	25	1
70	28	2	27	1
71	26	2	25	1
72	28	2	28	0
73	28	2	10	18
74	26	2	25	1
75	28	2	27	1
76	26	2	24	2
77	26	2	22	4
78	26	2	25	1
79	26	2	16	10
80	26	2	9	17
81	26	2	24	2
82	28	2	26	2
83	26	2	25	1
84	26	2	25	1
85	26	2	26	0
86	28	2	28	0
87	28	2	27	1
88	26	2	24	2
89	28	2	8	20
90	26	2	22	4
91	26	2	24	2
92	28	2	18	10
93	28	2	14	14
94	26	2	26	0
95	26	2	25	1
96	28	2	27	1
97	26	2	13	13
98	28	2	26	2
99	28	2	27	1
100	26	2	19	7
101	26	2	9	17
102	26	2	21	5
103	28	2	26	2
104	26	2	22	4
105	28	2	26	2
106	26	2	25	1
107	28	2	28	0
108	26	2	24	2
109	26	2	25	1
110	26	2	25	1
111	26	2	25	1
112	28	2	26	2
113	28	2	27	1
114	26	2	25	1
115	26	2	25	1
116	30	2	29	1
117	28	2	27	1
118	28	2	28	0
119	28	2	27	1
120	28	2	27	1
121	26	2	25	1
122	30	2	29	1
123	26	2	22	4
124	30	2	28	2
125	26	2	22	4
126	28	2	26	2
127	26	2	24	2
128	26	2	12	14
129	30	2	29	1
130	26	2	25	1
131	28	2	27	1
132	26	2	24	2
133	26	2	25	1
134	28	2	27	1
135	26	2	25	1
136	28	2	28	0
137	28	2	12	16
138	28	2	28	0
139	28	2	18	10
140	30	2	17	13
141	28	2	9	19
142	26	2	25	1
143	28	2	26	2
144	30	2	30	0
145	28	2	26	2
146	26	2	26	0
147	28	2	27	1
148	28	2	7	21
149	28	2	8	20
150	28	2	28	0
151	28	2	27	1
152	28	2	26	2
153	28	2	14	14
154	26	2	26	0
155	30	2	26	4
156	26	2	26	0
157	26	2	26	0
158	30	2	29	1
159	28	2	23	5
160	26	2	23	3
161	30	2	25	5
162	26	2	24	2
163	26	2	26	0
164	26	2	24	2
165	26	2	24	2
166	26	2	24	2
167	28	2	9	19
168	26	2	23	3
169	28	2	28	0
170	28	2	26	2
171	28	2	27	1
172	26	2	22	4
173	28	2	16	12
174	26	2	25	1
175	26	2	24	2
176	28	2	9	19
177	24	2	23	1
178	28	2	26	2
179	26	2	26	0
180	26	2	25	1
181	28	2	26	2
182	26	2	24	2
183	28	2	28	0
184	28	2	27	1
185	26	2	25	1
186	28	2	28	0
187	26	2	26	0
188	28	2	28	0
189	28	2	28	0
190	28	2	26	2
191	26	2	25	1
192	26	2	26	0
193	30	2	28	2
194	26	2	21	5
195	30	2	29	1
196	26	2	10	16
197	26	2	25	1
198	30	2	29	1
199	26	2	25	1
200	28	2	13	15
201	28	2	26	2
202	26	2	25	1
203	26	2	5	21
204	28	2	27	1
205	26	2	18	8
206	26	2	24	2
207	28	2	7	21
208	28	2	9	19
209	28	2	27	1
210	26	2	25	1
211	26	2	24	2
212	26	2	25	1
213	26	2	19	7
214	26	2	25	1
215	28	2	10	18
216	26	2	11	15
217	26	2	25	1
218	26	2	26	0
219	28	2	10	18
220	26	2	7	19
221	26	2	21	5
222	28	2	27	1
223	28	2	28	0
224	26	2	26	0
225	26	2	8	18
226	26	2	19	7
227	28	2	26	2
228	26	2	26	0
229	26	2	25	1
230	30	2	30	0
231	26	2	25	1
232	28	2	27	1
233	28	2	26	2
234	26	2	25	1
235	28	2	22	6
236	28	2	23	5
237	26	2	26	0
238	28	2	27	1
239	24	2	20	4
240	28	2	26	2
241	26	2	25	1
242	24	2	2	22
243	28	2	24	4
244	26	2	24	2
245	26	2	25	1
246	24	2	22	2
247	26	2	25	1
248	30	2	29	1
249	28	2	27	1
250	26	2	23	3
251	26	2	23	3
252	28	2	28	0
253	28	2	27	1
254	26	2	14	12
255	26	2	25	1
256	26	2	25	1
257	26	2	24	2
258	30	2	28	2
259	28	2	15	13
260	28	2	27	1
261	26	2	25	1
262	26	2	25	1
263	26	2	9	17
264	26	2	25	1
265	28	2	27	1
266	28	2	21	7
267	28	2	16	12
268	26	2	24	2
269	26	2	21	5
270	28	2	26	2
271	26	2	21	5
272	26	2	21	5
273	26	2	25	1
274	28	2	28	0
275	26	2	25	1
276	26	2	17	9
277	28	2	10	18
278	26	2	24	2
279	26	2	10	16
280	28	2	6	22
281	26	2	25	1
282	26	2	25	1
283	26	2	21	5
284	26	2	25	1
285	26	2	24	2
286	28	2	26	2
287	26	2	26	0
288	26	2	25	1
289	28	2	27	1
290	26	2	23	3
291	28	2	8	20
292	26	2	24	2
293	26	2	25	1
294	28	2	27	1
295	26	2	17	9
296	28	2	19	9
297	26	2	3	23
298	26	2	25	1
299	26	2	24	2
300	26	2	25	1
301	28	2	27	1
302	28	2	27	1
303	26	2	25	1
304	26	2	25	1
305	26	2	24	2
306	30	2	29	1
307	28	2	28	0
308	26	2	24	2
309	28	2	26	2
310	26	2	4	22
311	28	2	25	3
312	26	2	25	1
313	26	2	25	1
314	28	2	27	1
315	26	2	25	1
316	28	2	26	2
317	28	2	27	1
318	26	2	6	20
319	28	2	27	1
320	26	2	22	4
321	26	2	16	10
322	26	2	25	1
323	26	2	22	4
324	26	2	23	3
325	26	2	13	13
326	28	2	24	4
327	28	2	27	1
328	26	2	25	1
329	26	2	21	5
330	26	2	20	6
331	26	2	25	1
332	26	2	26	0
333	26	2	25	1
334	26	2	13	13
335	26	2	24	2
336	28	2	26	2
337	28	2	13	15
338	26	2	25	1
339	26	2	25	1
340	26	2	26	0
341	28	2	15	13
342	26	2	25	1
343	28	2	27	1
344	26	2	13	13
345	26	2	20	6
346	26	2	25	1
347	28	2	26	2
348	28	2	27	1
349	26	2	26	0
350	26	2	21	5
351	26	2	10	16
352	28	2	8	20
353	28	2	26	2
354	26	2	25	1
355	26	2	25	1
356	26	2	25	1
357	26	2	25	1
358	26	2	26	0
359	28	2	27	1
360	28	2	27	1
361	28	2	25	3
362	28	2	28	0
363	24	2	8	16
364	28	2	26	2
365	26	2	26	0
366	28	2	25	3
367	30	2	28	2
368	26	2	25	1
369	28	2	27	1
370	30	2	29	1
371	28	2	22	6
372	26	2	18	8
373	26	2	24	2
374	26	2	21	5
375	28	2	28	0
376	28	2	10	18
377	28	2	27	1
378	26	2	13	13
379	30	2	29	1
380	26	2	12	14
381	30	2	29	1
382	28	2	26	2
383	28	2	26	2
384	28	2	26	2
385	28	2	26	2
386	26	2	15	11
387	30	2	14	16
388	28	2	5	23
389	28	2	27	1
390	28	2	17	11
391	28	2	27	1
392	26	2	26	0
393	28	2	26	2
394	28	2	27	1
395	28	2	24	4
396	26	2	26	0
397	28	2	28	0
398	26	2	24	2
399	26	2	22	4
400	26	2	25	1
401	28	2	27	1
402	26	2	25	1
403	28	2	27	1
404	26	2	26	0
405	26	2	23	3
406	28	2	27	1
407	28	2	22	6
408	28	2	26	2
409	26	2	8	18
410	26	2	24	2
411	26	2	24	2
412	28	2	18	10
413	28	2	28	0
414	30	2	28	2
415	26	2	9	17
416	28	2	27	1
417	28	2	27	1
418	28	2	27	1
419	26	2	24	2
420	26	2	25	1
421	28	2	21	7
422	26	2	25	1
423	28	2	27	1
424	28	2	27	1
425	26	2	23	3
426	26	2	25	1
427	26	2	18	8
428	28	2	28	0
429	26	2	25	1
430	26	2	23	3
431	26	2	25	1
432	26	2	11	15
433	26	2	25	1
434	28	2	27	1
435	26	2	23	3
436	28	2	27	1
437	30	2	29	1
438	26	2	25	1
439	26	2	24	2
440	26	2	24	2
441	26	2	8	18
442	28	2	11	17
443	26	2	26	0
444	26	2	13	13
445	28	2	27	1
446	26	2	10	16
447	26	2	26	0
448	26	2	24	2
449	26	2	9	17
450	30	2	28	2
451	26	2	10	16
452	28	2	26	2
453	26	2	25	1
454	26	2	24	2
455	26	2	7	19
456	28	2	27	1
457	28	2	27	1
458	26	2	24	2
459	26	2	25	1
460	26	2	15	11
461	26	2	24	2
462	28	2	28	0
463	26	2	26	0
464	28	2	26	2
465	30	2	19	11
466	26	2	25	1
467	28	2	27	1
468	26	2	24	2
469	26	2	25	1
470	28	2	26	2
471	26	2	25	1
472	28	2	27	1
473	26	2	25	1
474	26	2	24	2
475	28	2	27	1
476	28	2	27	1
477	28	2	27	1
478	26	2	12	14
479	30	2	14	16
480	26	2	26	0
481	30	2	26	4
482	26	2	25	1
483	28	2	26	2
484	26	2	7	19
485	28	2	9	19
486	26	2	8	18
487	28	2	24	4
488	26	2	24	2
489	26	2	24	2
490	26	2	14	12
491	26	2	26	0
492	28	2	26	2
493	26	2	25	1
494	30	2	29	1
495	26	2	26	0
496	26	2	24	2
497	26	2	24	2
498	26	2	8	18
499	26	2	16	10
500	26	2	25	1
501	28	2	26	2
502	28	2	14	14
503	26	2	11	15
504	28	2	7	21
505	28	2	26	2
506	28	2	26	2
507	26	2	24	2
508	28	2	27	1
509	28	2	26	2
510	28	2	26	2
511	26	2	9	17
512	26	2	25	1
513	26	2	24	2
514	26	2	24	2
515	28	2	26	2
516	28	2	28	0
517	28	2	27	1
518	28	2	11	17
519	28	2	27	1
520	26	2	26	0
521	28	2	26	2
522	26	2	11	15
523	28	2	27	1
524	26	2	25	1
525	26	2	22	4
526	30	2	24	6
527	26	2	23	3
528	28	2	25	3
529	28	2	24	4
530	26	2	25	1
531	28	2	20	8
532	28	2	24	4
533	26	2	11	15
534	28	2	27	1
535	26	2	26	0
536	28	2	28	0
537	26	2	25	1
538	26	2	25	1
539	28	2	27	1
540	26	2	24	2
541	26	2	25	1
542	28	2	26	2
543	26	2	25	1
544	28	2	14	14
545	28	2	26	2
546	30	2	28	2
547	28	2	27	1
548	28	2	27	1
549	26	2	25	1
550	26	2	26	0
551	26	2	23	3
552	30	2	20	10
553	28	2	28	0
554	26	2	26	0
555	28	2	28	0
556	26	2	24	2
557	28	2	27	1
558	24	2	24	0
559	28	2	26	2
560	28	2	27	1
561	28	2	9	19
562	26	2	26	0
563	26	2	6	20
564	24	2	24	0
565	30	2	11	19
566	28	2	28	0
567	26	2	26	0
568	28	2	11	17
569	28	2	28	0
570	30	2	29	1
571	26	2	14	12
572	28	2	24	4
573	26	2	14	12
574	26	2	25	1
575	28	2	27	1
576	28	2	27	1
577	30	2	28	2
578	28	2	7	21
579	26	2	26	0
580	26	2	25	1
581	30	2	29	1
582	28	2	27	1
583	26	2	25	1
584	30	2	25	5
585	28	2	27	1
586	26	2	25	1
587	24	2	23	1
588	28	2	27	1
589	28	2	27	1
590	26	2	24	2
591	30	2	26	4
592	28	2	28	0
593	26	2	8	18
594	26	2	25	1
595	26	2	24	2
596	26	2	20	6
597	26	2	25	1
598	26	2	24	2
599	28	2	22	6
600	28	2	28	0
601	26	2	26	0
602	26	2	25	1
603	26	2	25	1
604	28	2	26	2
605	26	2	26	0
606	28	2	11	17
607	28	2	27	1
608	28	2	26	2
609	28	2	26	2
610	26	2	25	1
611	28	2	9	19
612	28	2	27	1
613	28	2	26	2
614	26	2	14	12
615	30	2	27	3
616	28	2	26	2
617	26	2	25	1
618	28	2	28	0
619	28	2	14	14
620	28	2	28	0
621	28	2	27	1
622	28	2	27	1
623	28	2	26	2
624	26	2	25	1
625	28	2	27	1
626	28	2	26	2
627	26	2	25	1
628	28	2	27	1
629	30	2	30	0
630	28	2	27	1
631	28	2	27	1
632	28	2	25	3
633	26	2	23	3
634	28	2	25	3
635	28	2	27	1
636	28	2	21	7
637	26	2	8	18
638	28	2	27	1
639	26	2	26	0
640	28	2	27	1
641	26	2	26	0
642	26	2	26	0
643	30	2	11	19
644	26	2	9	17
645	26	2	26	0
646	24	2	23	1
647	26	2	24	2
648	26	2	25	1
649	28	2	27	1
650	26	2	24	2
651	28	2	28	0
652	26	2	25	1
653	26	2	25	1
654	28	2	7	21
655	28	2	23	5
656	26	2	10	16
657	28	2	26	2
658	26	2	25	1
659	26	2	24	2
660	28	2	24	4
661	26	2	25	1
662	28	2	27	1
663	28	2	23	5
664	28	2	27	1
665	26	2	24	2
666	26	2	18	8
667	26	2	25	1
668	28	2	27	1
669	28	2	15	13
670	28	2	27	1
671	26	2	26	0
672	26	2	25	1
673	26	2	25	1
674	26	2	25	1
675	26	2	26	0
676	26	2	25	1
677	26	2	25	1
678	28	2	27	1
679	28	2	27	1
680	26	2	13	13
681	30	2	29	1
682	28	2	25	3
683	26	2	24	2
684	26	2	25	1
685	26	2	24	2
686	26	2	25	1
687	24	2	18	6
688	26	2	24	2
689	28	2	26	2
690	28	2	27	1
691	30	2	27	3
692	28	2	22	6
693	28	2	25	3
694	26	2	26	0
695	26	2	25	1
696	26	2	25	1
697	26	2	25	1
698	28	2	23	5
699	28	2	28	0
700	26	2	20	6
701	26	2	25	1
702	28	2	27	1
703	26	2	22	4
704	28	2	26	2
705	28	2	13	15
706	26	2	22	4
707	26	2	26	0
708	26	2	25	1
709	28	2	27	1
710	26	2	6	20
711	28	2	13	15
712	28	2	27	1
713	26	2	17	9
714	28	2	27	1
715	28	2	25	3
716	26	2	25	1
717	26	2	25	1
718	26	2	25	1
719	26	2	24	2
720	28	2	27	1
721	28	2	26	2
722	26	2	26	0
723	26	2	25	1
724	26	2	26	0
725	26	2	25	1
726	24	2	23	1
727	26	2	26	0
728	28	2	13	15
729	28	2	19	9
730	26	2	19	7
731	28	2	26	2
732	26	2	25	1
733	28	2	27	1
734	26	2	11	15
735	28	2	22	6
736	26	2	21	5
737	28	2	14	14
738	26	2	13	13
739	28	2	25	3
740	26	2	25	1
741	26	2	26	0
742	26	2	21	5
743	28	2	28	0
744	28	2	26	2
745	24	2	24	0
746	26	2	26	0
747	28	2	8	20
748	26	2	24	2
749	26	2	24	2
750	26	2	25	1
751	26	2	26	0
752	28	2	26	2
753	26	2	25	1
754	28	2	27	1
755	28	2	23	5
756	28	2	27	1
757	26	2	26	0
758	24	2	23	1
759	28	2	27	1
760	26	2	19	7
761	26	2	25	1
762	26	2	26	0
763	26	2	19	7
764	28	2	2	26
765	28	2	27	1
766	26	2	25	1
767	24	2	24	0
768	26	2	26	0
769	28	2	28	0
770	28	2	27	1
771	26	2	22	4
772	28	2	27	1
773	28	2	20	8
774	26	2	26	0
775	28	2	27	1
776	28	2	12	16
777	30	2	30	0
778	28	2	19	9
779	26	2	23	3
780	28	2	26	2
781	28	2	27	1
782	28	2	26	2
783	26	2	24	2
784	26	2	24	2
785	26	2	24	2
786	26	2	25	1
787	28	2	26	2
788	28	2	26	2
789	28	2	27	1
790	28	2	27	1
791	26	2	25	1
792	28	2	26	2
793	28	2	8	20
794	26	2	25	1
795	24	2	20	4
796	26	2	25	1
797	26	2	25	1
798	30	2	29	1
799	28	2	28	0
800	28	2	27	1
801	24	2	10	14
802	28	2	27	1
803	26	2	19	7
804	28	2	28	0
805	26	2	25	1
806	26	2	24	2
807	28	2	27	1
808	26	2	26	0
809	28	2	26	2
810	28	2	27	1
811	28	2	27	1
812	28	2	28	0
813	28	2	26	2
814	28	2	27	1
815	26	2	24	2
816	26	2	24	2
817	26	2	11	15
818	28	2	19	9
819	26	2	25	1
820	30	2	30	0
821	26	2	11	15
822	28	2	28	0
823	26	2	24	2
824	28	2	7	21
825	28	2	27	1
826	28	2	28	0
827	26	2	26	0
828	28	2	27	1
829	26	2	25	1
830	28	2	27	1
831	26	2	26	0
832	28	2	27	1
833	26	2	14	12
834	30	2	29	1
835	30	2	29	1
836	28	2	24	4
837	26	2	1	25
838	26	2	26	0
839	26	2	24	2
840	30	2	29	1
841	28	2	26	2
842	26	2	26	0
843	28	2	26	2
844	24	2	10	14
845	26	2	25	1
846	28	2	27	1
847	26	2	25	1
848	28	2	26	2
849	26	2	25	1
850	26	2	25	1
851	26	2	20	6
852	26	2	25	1
853	26	2	25	1
854	26	2	19	7
855	26	2	24	2
856	26	2	25	1
857	28	2	24	4
858	24	2	15	9
859	26	2	25	1
860	30	2	28	2
861	26	2	25	1
862	28	2	28	0
863	30	2	29	1
864	28	2	28	0
865	30	2	30	0
866	28	2	27	1
867	28	2	12	16
868	28	2	12	16
869	28	2	27	1
870	26	2	16	10
871	26	2	24	2
872	28	2	27	1
873	26	2	26	0
874	26	2	24	2
875	26	2	24	2
876	26	2	13	13
877	28	2	26	2
878	26	2	25	1
879	26	2	14	12
880	26	2	10	16
881	26	2	22	4
882	26	2	24	2
883	28	2	25	3
884	28	2	21	7
885	26	2	25	1
886	30	2	29	1
887	28	2	28	0
888	26	2	25	1
889	28	2	25	3
890	26	2	22	4
891	26	2	10	16
892	26	2	24	2
893	26	2	7	19
894	28	2	27	1
895	26	2	12	14
896	28	2	25	3
897	28	2	26	2
898	26	2	24	2
899	28	2	13	15
900	28	2	27	1
901	26	2	25	1
902	28	2	26	2
903	28	2	27	1
904	28	2	27	1
905	26	2	24	2
906	26	2	17	9
907	28	2	27	1
908	30	2	29	1
909	28	2	27	1
910	26	2	25	1
911	24	2	23	1
912	26	2	22	4
913	26	2	25	1
914	26	2	26	0
915	28	2	27	1
916	28	2	28	0
917	26	2	13	13
918	26	2	23	3
919	26	2	25	1
920	28	2	28	0
921	28	2	21	7
922	26	2	26	0
923	30	2	28	2
924	30	2	29	1
925	28	2	27	1
926	26	2	16	10
927	28	2	26	2
928	28	2	27	1
929	28	2	27	1
930	26	2	24	2
931	26	2	24	2
932	26	2	9	17
933	26	2	25	1
934	28	2	15	13
935	28	2	27	1
936	28	2	14	14
937	28	2	27	1
938	28	2	14	14
939	26	2	25	1
940	26	2	25	1
941	28	2	27	1
942	28	2	11	17
943	26	2	26	0
944	28	2	19	9
945	26	2	26	0
946	26	2	24	2
947	28	2	27	1
948	26	2	24	2
949	30	2	23	7
950	26	2	14	12
951	26	2	8	18
952	28	2	27	1
953	26	2	25	1
954	28	2	27	1
955	28	2	27	1
956	28	2	27	1
957	26	2	26	0
958	26	2	26	0
959	26	2	24	2
960	28	2	8	20
961	26	2	25	1
962	26	2	26	0
963	28	2	16	12
964	26	2	18	8
965	30	2	6	24
966	28	2	27	1
967	26	2	25	1
968	28	2	26	2
969	28	2	25	3
970	28	2	27	1
971	26	2	23	3
972	30	2	28	2
973	26	2	26	0
974	28	2	27	1
975	28	2	26	2
976	26	2	26	0
977	28	2	27	1
978	26	2	11	15
979	28	2	27	1
980	26	2	26	0
981	26	2	10	16
982	28	2	27	1
983	26	2	24	2
984	26	2	24	2
985	28	2	15	13
986	28	2	27	1
987	28	2	26	2
988	26	2	25	1
989	26	2	25	1
990	28	2	26	2
991	28	2	20	8
992	28	2	28	0
993	26	2	11	15
994	28	2	15	13
995	30	2	28	2
996	26	2	25	1
997	28	2	26	2
998	26	2	6	20
999	28	2	16	12
1000	26	2	11	15
1001	28	2	24	4
1002	28	2	12	16
1003	28	2	25	3
1004	26	2	25	1
1005	30	2	27	3
1006	28	2	27	1
1007	28	2	26	2
1008	28	2	26	2
1009	28	2	24	4
1010	26	2	15	11
1011	28	2	27	1
1012	28	2	27	1
1013	26	2	25	1
1014	30	2	30	0
1015	26	2	25	1
1016	26	2	9	17
1017	28	2	27	1
1018	28	2	28	0
1019	24	2	12	12
1020	28	2	27	1
1021	28	2	28	0
1022	28	2	26	2
1023	28	2	28	0
1024	26	2	21	5
1025	28	2	27	1
1026	28	2	28	0
1027	28	2	16	12
1028	26	2	8	18
1029	28	2	26	2
1030	28	2	25	3
1031	28	2	27	1
1032	28	2	26	2
1033	26	2	25	1
1034	30	2	28	2
1035	26	2	25	1
1036	26	2	8	18
1037	26	2	25	1
1038	28	2	27	1
1039	28	2	26	2
1040	26	2	25	1
1041	28	2	27	1
1042	26	2	13	13
1043	26	2	24	2
1044	28	2	27	1
1045	28	2	27	1
1046	30	2	30	0
1047	26	2	21	5
1048	28	2	25	3
1049	28	2	27	1
1050	28	2	26	2
1051	28	2	28	0
1052	26	2	25	1
1053	28	2	26	2
1054	28	2	6	22
1055	26	2	25	1
1056	26	2	25	1
1057	28	2	26	2
1058	26	2	11	15
1059	28	2	21	7
1060	26	2	25	1
1061	28	2	27	1
1062	28	2	19	9
1063	26	2	25	1
1064	28	2	28	0
1065	26	2	23	3
1066	28	2	28	0
1067	28	2	11	17
1068	26	2	25	1
1069	28	2	28	0
1070	26	2	25	1
1071	26	2	25	1
1072	28	2	25	3
1073	26	2	6	20
1074	26	2	22	4
1075	26	2	24	2
1076	28	2	28	0
1077	26	2	26	0
1078	28	2	21	7
1079	26	2	19	7
1080	26	2	24	2
1081	28	2	27	1
1082	26	2	26	0
1083	30	2	30	0
1084	28	2	27	1
1085	28	2	27	1
1086	26	2	25	1
1087	26	2	26	0
1088	28	2	26	2
1089	28	2	12	16
1090	28	2	27	1
1091	28	2	26	2
1092	26	2	25	1
1093	28	2	28	0
1094	28	2	27	1
1095	26	2	22	4
1096	28	2	28	0
1097	26	2	26	0
1098	26	2	25	1
1099	28	2	23	5
1100	26	2	4	22
1101	26	2	25	1
1102	28	2	28	0
1103	30	2	14	16
1104	26	2	18	8
1105	26	2	25	1
1106	28	2	26	2
1107	26	2	25	1
1108	26	2	25	1
1109	28	2	3	25
1110	26	2	23	3
1111	26	2	22	4
1112	28	2	27	1
1113	28	2	12	16
1114	28	2	27	1
1115	28	2	4	24
1116	26	2	24	2
1117	28	2	26	2
1118	26	2	8	18
1119	26	2	18	8
1120	28	2	26	2
1121	26	2	24	2
1122	30	2	28	2
1123	28	2	27	1
1124	28	2	27	1
1125	28	2	28	0
1126	26	2	24	2
1127	28	2	26	2
1128	28	2	22	6
1129	26	2	25	1
1130	26	2	25	1
1131	26	2	17	9
1132	26	2	26	0
1133	26	2	17	9
1134	26	2	25	1
1135	26	2	17	9
1136	28	2	27	1
1137	28	2	28	0
1138	28	2	16	12
1139	26	2	23	3
1140	28	2	28	0
1141	26	2	20	6
1142	26	2	25	1
1143	26	2	25	1
1144	26	2	24	2
1145	28	2	24	4
1146	28	2	27	1
1147	28	2	12	16
1148	28	2	26	2
1149	28	2	27	1
1150	28	2	3	25
1151	26	2	26	0
1152	26	2	21	5
1153	30	2	29	1
1154	26	2	25	1
1155	28	2	26	2
1156	28	2	27	1
1157	26	2	25	1
1158	26	2	24	2
1159	28	2	26	2
1160	28	2	26	2
1161	28	2	25	3
1162	26	2	25	1
1163	28	2	28	0
1164	26	2	25	1
1165	26	2	24	2
1166	28	2	15	13
1167	28	2	27	1
1168	26	2	23	3
1169	26	2	22	4
1170	28	2	27	1
1171	28	2	11	17
1172	28	2	26	2
1173	26	2	22	4
1174	26	2	17	9
1175	26	2	25	1
1176	26	2	25	1
1177	26	2	21	5
1178	28	2	27	1
1179	26	2	25	1
1180	26	2	20	6
1181	26	2	25	1
1182	28	2	11	17
1183	26	2	3	23
1184	26	2	25	1
1185	26	2	10	16
1186	28	2	27	1
1187	26	2	24	2
1188	28	2	28	0
1189	28	2	26	2
1190	28	2	14	14
1191	28	2	26	2
1192	24	2	23	1
1193	28	2	28	0
1194	26	2	25	1
1195	30	2	29	1
1196	30	2	29	1
1197	28	2	27	1
1198	28	2	27	1
1199	26	2	24	2
1200	30	2	29	1
1201	26	2	25	1
1202	28	2	25	3
1203	26	2	26	0
1204	26	2	9	17
1205	28	2	25	3
1206	26	2	25	1
1207	28	2	27	1
1208	28	2	22	6
1209	28	2	26	2
1210	28	2	27	1
1211	26	2	25	1
1212	28	2	16	12
1213	26	2	25	1
1214	26	2	25	1
1215	26	2	15	11
1216	26	2	25	1
1217	28	2	25	3
1218	28	2	26	2
1219	26	2	24	2
1220	26	2	25	1
1221	26	2	26	0
1222	28	2	27	1
1223	24	2	23	1
1224	26	2	26	0
1225	28	2	27	1
1226	26	2	24	2
1227	26	2	1	25
1228	26	2	24	2
1229	26	2	23	3
1230	28	2	8	20
1231	28	2	26	2
1232	28	2	27	1
1233	26	2	6	20
1234	26	2	25	1
1235	28	2	27	1
1236	26	2	26	0
1237	30	2	29	1
1238	28	2	18	10
1239	28	2	14	14
1240	30	2	28	2
1241	28	2	11	17
1242	28	2	18	10
1243	28	2	27	1
1244	28	2	27	1
1245	28	2	26	2
1246	26	2	25	1
1247	28	2	27	1
1248	26	2	25	1
1249	28	2	13	15
1250	26	2	14	12
1251	26	2	6	20
1252	28	2	26	2
1253	26	2	8	18
1254	26	2	26	0
1255	26	2	22	4
1256	26	2	25	1
1257	26	2	26	0
1258	26	2	21	5
1259	26	2	25	1
1260	26	2	25	1
1261	26	2	25	1
1262	28	2	26	2
1263	28	2	28	0
1264	28	2	16	12
1265	26	2	25	1
1266	26	2	25	1
1267	26	2	24	2
1268	26	2	25	1
1269	26	2	25	1
1270	26	2	25	1
1271	28	2	13	15
1272	26	2	15	11
1273	28	2	28	0
1274	24	2	21	3
1275	26	2	25	1
1276	28	2	27	1
1277	26	2	26	0
1278	28	2	27	1
1279	28	2	24	4
1280	28	2	14	14
1281	28	2	27	1
1282	28	2	9	19
1283	28	2	27	1
1284	28	2	26	2
1285	26	2	25	1
1286	28	2	27	1
1287	28	2	12	16
1288	26	2	25	1
1289	26	2	26	0
1290	28	2	27	1
1291	26	2	25	1
1292	28	2	26	2
1293	28	2	27	1
1294	26	2	25	1
1295	28	2	27	1
1296	26	2	24	2
1297	28	2	26	2
1298	28	2	21	7
1299	28	2	26	2
1300	28	2	25	3
1301	26	2	25	1
1302	26	2	25	1
1303	26	2	25	1
1304	26	2	25	1
1305	28	2	26	2
1306	28	2	28	0
1307	26	2	25	1
1308	28	2	28	0
1309	28	2	26	2
1310	28	2	28	0
1311	26	2	8	18
1312	26	2	25	1
1313	26	2	25	1
1314	26	2	25	1
1315	28	2	26	2
1316	26	2	25	1
1317	28	2	26	2
1318	26	2	26	0
1319	28	2	27	1
1320	26	2	8	18
1321	26	2	24	2
1322	28	2	14	14
1323	26	2	24	2
1324	24	2	17	7
1325	28	2	27	1
1326	26	2	9	17
1327	28	2	28	0
1328	28	2	27	1
1329	26	2	25	1
1330	28	2	27	1
1331	28	2	27	1
1332	28	2	27	1
1333	26	2	1	25
1334	26	2	25	1
1335	26	2	25	1
1336	28	2	26	2
1337	28	2	27	1
1338	26	2	24	2
1339	26	2	25	1
1340	26	2	11	15
1341	28	2	27	1
1342	28	2	27	1
1343	28	2	26	2
1344	30	2	10	20
1345	26	2	20	6
1346	28	2	25	3
1347	28	2	11	17
1348	30	2	29	1
1349	26	2	25	1
1350	28	2	27	1
1351	26	2	10	16
1352	28	2	23	5
1353	28	2	27	1
1354	26	2	19	7
1355	26	2	24	2
1356	26	2	22	4
1357	28	2	9	19
1358	28	2	24	4
1359	28	2	27	1
1360	26	2	24	2
1361	26	2	25	1
1362	28	2	26	2
1363	28	2	27	1
1364	28	2	28	0
1365	26	2	8	18
1366	28	2	15	13
1367	26	2	26	0
1368	28	2	27	1
1369	26	2	23	3
1370	28	2	26	2
1371	26	2	26	0
1372	26	2	26	0
1373	26	2	10	16
1374	28	2	26	2
1375	30	2	26	4
1376	26	2	24	2
1377	28	2	14	14
1378	26	2	25	1
1379	26	2	24	2
1380	26	2	26	0
1381	26	2	25	1
1382	26	2	25	1
1383	26	2	25	1
1384	26	2	25	1
1385	28	2	27	1
1386	28	2	27	1
1387	28	2	28	0
1388	28	2	24	4
1389	30	2	28	2
1390	28	2	14	14
1391	26	2	23	3
1392	26	2	24	2
1393	30	2	24	6
1394	30	2	29	1
1395	28	2	17	11
1396	28	2	27	1
1397	26	2	21	5
1398	28	2	27	1
1399	28	2	26	2
1400	26	2	24	2
1401	26	2	9	17
1402	28	2	27	1
1403	26	2	13	13
1404	28	2	27	1
1405	26	2	26	0
1406	26	2	20	6
1407	28	2	27	1
1408	30	2	26	4
1409	28	2	28	0
1410	26	2	16	10
1411	28	2	26	2
1412	28	2	27	1
1413	30	2	29	1
1414	26	2	25	1
1415	26	2	17	9
1416	28	2	14	14
1417	30	2	29	1
1418	28	2	27	1
1419	26	2	25	1
1420	28	2	27	1
1421	28	2	1	27
1422	28	2	27	1
1423	26	2	25	1
1424	28	2	27	1
1425	28	2	27	1
1426	28	2	10	18
1427	28	2	27	1
1428	28	2	26	2
1429	26	2	19	7
1430	28	2	27	1
1431	28	2	26	2
1432	26	2	24	2
1433	28	2	26	2
1434	30	2	29	1
1435	26	2	25	1
1436	26	2	25	1
1437	26	2	12	14
1438	28	2	15	13
1439	26	2	24	2
1440	28	2	14	14
1441	28	2	27	1
1442	28	2	26	2
1443	28	2	26	2
1444	26	2	2	24
1445	26	2	25	1
1446	30	2	30	0
1447	26	2	13	13
1448	26	2	12	14
1449	26	2	15	11
1450	26	2	25	1
1451	26	2	24	2
1452	28	2	9	19
1453	28	2	27	1
1454	26	2	11	15
1455	28	2	25	3
1456	28	2	26	2
1457	26	2	25	1
1458	26	2	11	15
1459	26	2	18	8
1460	26	2	25	1
1461	28	2	27	1
1462	28	2	27	1
1463	28	2	28	0
1464	28	2	28	0
1465	30	2	15	15
1466	28	2	26	2
1467	26	2	24	2
1468	26	2	25	1
1469	28	2	27	1
1470	28	2	27	1
1471	26	2	10	16
1472	26	2	25	1
1473	26	2	25	1
1474	26	2	13	13
1475	28	2	26	2
1476	28	2	27	1
1477	26	2	24	2
1478	28	2	28	0
1479	28	2	28	0
1480	28	2	27	1
1481	26	2	24	2
1482	28	2	26	2
1483	26	2	25	1
1484	26	2	26	0
1485	28	2	12	16
1486	26	2	26	0
1487	26	2	26	0
1488	26	2	19	7
1489	28	2	28	0
1490	26	2	25	1
1491	28	2	23	5
1492	28	2	27	1
1493	26	2	22	4
1494	26	2	25	1
1495	28	2	23	5
1496	28	2	27	1
1497	28	2	27	1
1498	26	2	16	10
1499	26	2	24	2
1500	26	2	25	1
1501	26	2	26	0
1502	28	2	27	1
1503	28	2	27	1
1504	26	2	25	1
1505	28	2	27	1
1506	26	2	25	1
1507	26	2	25	1
1508	28	2	25	3
1509	26	2	12	14
1510	28	2	27	1
1511	28	2	27	1
1512	30	2	9	21
1513	26	2	24	2
1514	26	2	25	1
1515	28	2	27	1
1516	28	2	28	0
1517	26	2	23	3
1518	26	2	24	2
1519	28	2	26	2
1520	26	2	25	1
1521	28	2	26	2
1522	30	2	30	0
1523	26	2	8	18
1524	26	2	26	0
1525	26	2	24	2
1526	24	2	10	14
1527	28	2	8	20
1528	28	2	26	2
1529	26	2	25	1
1530	26	2	25	1
1531	28	2	27	1
1532	26	2	25	1
1533	26	2	23	3
1534	26	2	25	1
1535	28	2	26	2
1536	28	2	23	5
1537	26	2	25	1
1538	28	2	27	1
1539	28	2	23	5
1540	26	2	25	1
1541	26	2	20	6
1542	28	2	15	13
1543	26	2	11	15
1544	30	2	28	2
1545	30	2	13	17
1546	26	2	22	4
1547	28	2	27	1
1548	28	2	27	1
1549	26	2	25	1
1550	26	2	25	1
1551	26	2	26	0
1552	26	2	24	2
1553	26	2	22	4
1554	26	2	26	0
1555	28	2	26	2
1556	28	2	12	16
1557	28	2	27	1
1558	26	2	8	18
1559	26	2	15	11
1560	26	2	24	2
1561	30	2	26	4
1562	28	2	20	8
1563	28	2	28	0
1564	28	2	15	13
1565	26	2	18	8
1566	28	2	27	1
1567	24	2	23	1
1568	28	2	27	1
1569	26	2	11	15
1570	28	2	27	1
1571	28	2	28	0
1572	26	2	25	1
1573	26	2	1	25
1574	28	2	26	2
1575	26	2	24	2
1576	28	2	26	2
1577	26	2	25	1
1578	26	2	24	2
1579	26	2	25	1
1580	26	2	24	2
1581	28	2	27	1
1582	28	2	8	20
1583	28	2	27	1
1584	28	2	26	2
1585	26	2	4	22
1586	28	2	28	0
1587	28	2	25	3
1588	28	2	26	2
1589	28	2	27	1
1590	26	2	9	17
1591	28	2	18	10
1592	26	2	25	1
1593	28	2	28	0
1594	28	2	12	16
1595	28	2	28	0
1596	28	2	27	1
1597	28	2	28	0
1598	26	2	24	2
1599	28	2	27	1
1600	30	2	29	1
1601	26	2	25	1
1602	24	2	23	1
1603	26	2	26	0
1604	28	2	27	1
1605	28	2	27	1
1606	26	2	26	0
1607	28	2	25	3
1608	28	2	27	1
1609	26	2	26	0
1610	26	2	23	3
1611	28	2	27	1
1612	28	2	24	4
1613	26	2	26	0
1614	28	2	27	1
1615	26	2	26	0
1616	26	2	25	1
1617	28	2	9	19
1618	28	2	27	1
1619	28	2	24	4
1620	26	2	24	2
1621	28	2	13	15
1622	26	2	23	3
1623	26	2	25	1
1624	26	2	12	14
1625	26	2	24	2
1626	28	2	27	1
1627	28	2	28	0
1628	28	2	27	1
1629	26	2	25	1
1630	26	2	25	1
1631	26	2	20	6
1632	28	2	28	0
1633	30	2	29	1
1634	26	2	13	13
1635	28	2	26	2
1636	28	2	26	2
1637	26	2	24	2
1638	28	2	27	1
1639	26	2	25	1
1640	28	2	27	1
1641	28	2	27	1
1642	26	2	25	1
1643	28	2	27	1
1644	28	2	27	1
1645	26	2	26	0
1646	28	2	26	2
1647	26	2	25	1
1648	26	2	26	0
1649	26	2	25	1
1650	28	2	27	1
1651	28	2	13	15
1652	28	2	27	1
1653	24	2	10	14
1654	28	2	27	1
1655	26	2	26	0
1656	28	2	26	2
1657	26	2	6	20
1658	26	2	23	3
1659	26	2	18	8
1660	28	2	27	1
1661	28	2	11	17
1662	26	2	22	4
1663	28	2	26	2
1664	26	2	26	0
1665	26	2	26	0
1666	26	2	7	19
1667	26	2	24	2
1668	28	2	26	2
1669	28	2	26	2
1670	26	2	25	1
1671	26	2	5	21
1672	26	2	23	3
1673	28	2	25	3
1674	28	2	9	19
1675	26	2	26	0
1676	26	2	18	8
1677	28	2	27	1
1678	24	2	24	0
1679	26	2	10	16
1680	28	2	12	16
1681	26	2	10	16
1682	28	2	26	2
1683	26	2	25	1
1684	26	2	25	1
1685	28	2	28	0
1686	26	2	24	2
1687	26	2	25	1
1688	28	2	7	21
1689	26	2	25	1
1690	26	2	25	1
1691	26	2	24	2
1692	26	2	24	2
1693	28	2	26	2
1694	26	2	26	0
1695	26	2	26	0
1696	30	2	30	0
1697	30	2	28	2
1698	26	2	20	6
1699	26	2	25	1
1700	28	2	27	1
1701	28	2	14	14
1702	28	2	16	12
1703	26	2	24	2
1704	26	2	25	1
1705	28	2	26	2
1706	28	2	27	1
1707	28	2	27	1
1708	26	2	8	18
1709	28	2	25	3
1710	26	2	25	1
1711	26	2	22	4
1712	28	2	20	8
1713	26	2	26	0
1714	26	2	25	1
1715	28	2	25	3
1716	28	2	26	2
1717	28	2	26	2
1718	26	2	24	2
1719	26	2	25	1
1720	28	2	8	20
1721	28	2	8	20
1722	28	2	27	1
1723	28	2	8	20
1724	28	2	27	1
1725	26	2	18	8
1726	26	2	25	1
1727	26	2	26	0
1728	28	2	28	0
1729	28	2	28	0
1730	26	2	25	1
1731	26	2	26	0
1732	26	2	26	0
1733	26	2	26	0
1734	28	2	26	2
1735	26	2	3	23
1736	28	2	28	0
1737	26	2	25	1
1738	26	2	25	1
1739	28	2	14	14
1740	26	2	24	2
1741	28	2	27	1
1742	26	2	25	1
1743	26	2	17	9
1744	28	2	19	9
1745	28	2	21	7
1746	28	2	27	1
1747	28	2	25	3
1748	30	2	28	2
1749	26	2	26	0
1750	28	2	26	2
1751	30	2	10	20
1752	26	2	25	1
1753	30	2	26	4
1754	28	2	27	1
1755	28	2	9	19
1756	30	2	15	15
1757	28	2	25	3
1758	26	2	23	3
1759	28	2	26	2
1760	26	2	26	0
1761	26	2	26	0
1762	24	2	23	1
1763	26	2	25	1
1764	28	2	7	21
1765	26	2	25	1
1766	26	2	26	0
1767	28	2	28	0
1768	26	2	20	6
1769	28	2	19	9
1770	30	2	27	3
1771	26	2	25	1
1772	30	2	22	8
1773	26	2	16	10
1774	26	2	26	0
1775	26	2	11	15
1776	26	2	24	2
1777	28	2	25	3
1778	26	2	23	3
1779	26	2	25	1
1780	28	2	28	0
1781	28	2	27	1
1782	28	2	27	1
1783	28	2	27	1
1784	28	2	20	8
1785	26	2	23	3
1786	26	2	24	2
1787	28	2	26	2
1788	26	2	5	21
1789	28	2	27	1
1790	28	2	4	24
1791	26	2	25	1
1792	26	2	24	2
1793	28	2	27	1
1794	26	2	26	0
1795	26	2	24	2
1796	26	2	24	2
1797	26	2	25	1
1798	26	2	24	2
1799	26	2	25	1
1800	26	2	18	8
1801	24	2	10	14
1802	28	2	26	2
1803	28	2	27	1
1804	30	2	30	0
1805	26	2	26	0
1806	26	2	25	1
1807	26	2	15	11
1808	28	2	26	2
1809	28	2	28	0
1810	28	2	8	20
1811	26	2	25	1
1812	26	2	25	1
1813	28	2	26	2
1814	26	2	24	2
1815	28	2	27	1
1816	30	2	29	1
1817	26	2	26	0
1818	28	2	27	1
1819	26	2	22	4
1820	26	2	26	0
1821	28	2	9	19
1822	26	2	25	1
1823	28	2	18	10
1824	26	2	24	2
1825	28	2	22	6
1826	28	2	27	1
1827	28	2	27	1
1828	26	2	23	3
1829	26	2	26	0
1830	26	2	14	12
1831	30	2	28	2
1832	26	2	24	2
1833	26	2	17	9
1834	26	2	20	6
1835	28	2	27	1
1836	26	2	16	10
1837	26	2	21	5
1838	28	2	19	9
1839	26	2	24	2
1840	28	2	27	1
1841	26	2	24	2
1842	28	2	22	6
1843	26	2	24	2
1844	26	2	24	2
1845	28	2	26	2
1846	28	2	27	1
1847	28	2	26	2
1848	28	2	27	1
1849	28	2	27	1
1850	30	2	19	11
1851	26	2	12	14
1852	26	2	25	1
1853	30	2	30	0
1854	28	2	18	10
1855	28	2	28	0
1856	28	2	24	4
1857	28	2	24	4
1858	26	2	25	1
1859	28	2	26	2
1860	30	2	8	22
1861	28	2	13	15
1862	28	2	26	2
1863	28	2	27	1
1864	26	2	25	1
1865	28	2	27	1
1866	26	2	24	2
1867	26	2	25	1
1868	26	2	24	2
1869	26	2	25	1
1870	26	2	25	1
1871	26	2	26	0
1872	28	2	25	3
1873	24	2	23	1
1874	26	2	26	0
1875	26	2	10	16
1876	28	2	25	3
1877	30	2	30	0
1878	26	2	7	19
1879	28	2	19	9
1880	28	2	27	1
1881	26	2	25	1
1882	28	2	26	2
1883	28	2	27	1
1884	28	2	26	2
1885	26	2	25	1
1886	28	2	10	18
1887	28	2	26	2
1888	26	2	25	1
1889	28	2	27	1
1890	26	2	24	2
1891	28	2	12	16
1892	26	2	24	2
1893	26	2	25	1
1894	26	2	16	10
1895	28	2	27	1
1896	28	2	27	1
1897	26	2	10	16
1898	26	2	25	1
1899	28	2	27	1
1900	26	2	18	8
1901	26	2	25	1
1902	28	2	27	1
1903	26	2	25	1
1904	26	2	25	1
1905	26	2	9	17
1906	28	2	24	4
1907	28	2	5	23
1908	30	2	28	2
1909	26	2	10	16
1910	26	2	25	1
1911	26	2	21	5
1912	24	2	24	0
1913	26	2	25	1
1914	26	2	25	1
1915	26	2	16	10
1916	26	2	25	1
1917	26	2	8	18
1918	26	2	7	19
1919	28	2	8	20
1920	28	2	27	1
1921	28	2	23	5
1922	26	2	25	1
1923	26	2	26	0
1924	26	2	25	1
1925	28	2	26	2
1926	26	2	24	2
1927	28	2	27	1
1928	28	2	26	2
1929	26	2	25	1
1930	28	2	13	15
1931	26	2	25	1
1932	26	2	19	7
1933	28	2	20	8
1934	28	2	27	1
1935	26	2	25	1
1936	26	2	25	1
1937	26	2	18	8
1938	26	2	9	17
1939	28	2	27	1
1940	26	2	26	0
1941	26	2	20	6
1942	28	2	27	1
1943	26	2	19	7
1944	26	2	24	2
1945	26	2	15	11
1946	26	2	25	1
1947	26	2	25	1
1948	28	2	27	1
1949	28	2	26	2
1950	28	2	28	0
1951	28	2	26	2
1952	28	2	27	1
1953	28	2	27	1
1954	26	2	24	2
1955	28	2	11	17
1956	28	2	26	2
1957	26	2	25	1
1958	26	2	25	1
1959	26	2	25	1
1960	26	2	11	15
1961	26	2	23	3
1962	30	2	29	1
1963	26	2	24	2
1964	28	2	25	3
1965	26	2	24	2
1966	28	2	28	0
1967	28	2	10	18
1968	28	2	26	2
1969	28	2	27	1
1970	26	2	25	1
1971	26	2	26	0
1972	28	2	27	1
1973	28	2	27	1
1974	28	2	27	1
1975	28	2	27	1
1976	26	2	11	15
1977	26	2	25	1
1978	26	2	25	1
1979	28	2	27	1
1980	26	2	19	7
1981	26	2	7	19
1982	26	2	6	20
1983	30	2	15	15
1984	28	2	27	1
1985	28	2	14	14
1986	28	2	27	1
1987	26	2	26	0
1988	28	2	26	2
1989	28	2	27	1
1990	28	2	6	22
1991	26	2	8	18
1992	26	2	6	20
1993	26	2	25	1
1994	26	2	14	12
1995	28	2	27	1
1996	26	2	25	1
1997	26	2	24	2
1998	28	2	11	17
1999	26	2	25	1
2000	28	2	25	3
2001	28	2	19	9
2002	26	2	26	0
2003	28	2	27	1
2004	26	2	15	11
2005	28	2	14	14
2006	28	2	28	0
2007	26	2	25	1
2008	26	2	23	3
2009	26	2	25	1
2010	26	2	26	0
2011	26	2	25	1
2012	26	2	26	0
2013	28	2	12	16
2014	28	2	26	2
2015	28	2	26	2
2016	28	2	26	2
2017	26	2	25	1
2018	26	2	24	2
2019	28	2	26	2
2020	26	2	24	2
2021	28	2	27	1
2022	28	2	3	25
2023	28	2	26	2
2024	28	2	13	15
2025	26	2	25	1
2026	26	2	14	12
2027	28	2	19	9
2028	26	2	25	1
2029	28	2	17	11
2030	26	2	25	1
2031	26	2	24	2
2032	26	2	24	2
2033	26	2	25	1
2034	28	2	8	20
2035	26	2	8	18
2036	26	2	25	1
2037	30	2	29	1
2038	28	2	24	4
2039	26	2	24	2
2040	26	2	25	1
2041	28	2	26	2
2042	26	2	12	14
2043	28	2	25	3
2044	26	2	26	0
2045	26	2	22	4
2046	28	2	18	10
2047	28	2	28	0
2048	26	2	26	0
2049	28	2	25	3
2050	26	2	26	0
2051	30	2	27	3
2052	26	2	25	1
2053	26	2	9	17
2054	26	2	24	2
2055	26	2	24	2
2056	28	2	27	1
2057	28	2	27	1
2058	28	2	21	7
2059	26	2	25	1
2060	28	2	9	19
2061	30	2	30	0
2062	26	2	25	1
2063	28	2	27	1
2064	26	2	25	1
2065	28	2	27	1
2066	30	2	30	0
2067	24	2	22	2
2068	28	2	26	2
2069	30	2	29	1
2070	26	2	25	1
2071	26	2	15	11
2072	26	2	25	1
2073	28	2	9	19
2074	26	2	24	2
2075	28	2	28	0
2076	28	2	27	1
2077	28	2	27	1
2078	26	2	24	2
2079	30	2	17	13
2080	26	2	22	4
2081	26	2	23	3
2082	30	2	28	2
2083	26	2	20	6
2084	26	2	25	1
2085	26	2	25	1
2086	28	2	27	1
2087	28	2	8	20
2088	26	2	24	2
2089	26	2	17	9
2090	28	2	23	5
2091	26	2	25	1
2092	28	2	27	1
2093	26	2	24	2
2094	28	2	14	14
2095	28	2	13	15
2096	26	2	26	0
2097	26	2	25	1
2098	28	2	19	9
2099	26	2	6	20
2100	26	2	25	1
2101	28	2	26	2
2102	28	2	14	14
2103	26	2	26	0
2104	26	2	25	1
2105	28	2	27	1
2106	28	2	22	6
2107	30	2	29	1
2108	26	2	12	14
2109	28	2	26	2
2110	28	2	28	0
2111	26	2	11	15
2112	28	2	27	1
2113	26	2	24	2
2114	24	2	22	2
2115	26	2	26	0
2116	28	2	27	1
2117	26	2	25	1
2118	28	2	27	1
2119	26	2	25	1
2120	26	2	22	4
2121	28	2	27	1
2122	26	2	17	9
2123	24	2	23	1
2124	26	2	14	12
2125	28	2	28	0
2126	26	2	25	1
2127	26	2	26	0
2128	26	2	25	1
2129	26	2	25	1
2130	28	2	26	2
2131	28	2	27	1
2132	28	2	24	4
2133	26	2	24	2
2134	28	2	27	1
2135	28	2	27	1
2136	28	2	26	2
2137	24	2	23	1
2138	26	2	10	16
2139	26	2	8	18
2140	26	2	21	5
2141	28	2	27	1
2142	26	2	24	2
2143	30	2	8	22
2144	28	2	15	13
2145	28	2	28	0
2146	28	2	27	1
2147	28	2	19	9
2148	26	2	10	16
2149	28	2	27	1
2150	26	2	25	1
2151	28	2	15	13
2152	26	2	23	3
2153	28	2	28	0
2154	26	2	25	1
2155	28	2	27	1
2156	26	2	25	1
2157	26	2	25	1
2158	28	2	27	1
2159	28	2	8	20
2160	28	2	18	10
2161	28	2	25	3
2162	26	2	23	3
2163	28	2	26	2
2164	28	2	11	17
2165	30	2	26	4
2166	28	2	20	8
2167	28	2	27	1
2168	26	2	25	1
2169	26	2	25	1
2170	28	2	26	2
2171	28	2	24	4
2172	28	2	26	2
2173	26	2	24	2
2174	30	2	30	0
2175	26	2	25	1
2176	28	2	26	2
2177	26	2	26	0
2178	26	2	25	1
2179	24	2	22	2
2180	26	2	20	6
2181	28	2	7	21
2182	26	2	25	1
2183	28	2	25	3
2184	26	2	25	1
2185	28	2	26	2
2186	28	2	27	1
2187	28	2	27	1
2188	26	2	12	14
2189	28	2	22	6
2190	24	2	24	0
2191	26	2	24	2
2192	28	2	25	3
2193	28	2	11	17
2194	26	2	24	2
2195	28	2	27	1
2196	30	2	29	1
2197	28	2	24	4
2198	30	2	29	1
2199	26	2	25	1
2200	30	2	29	1
2201	26	2	26	0
2202	28	2	27	1
2203	26	2	9	17
2204	28	2	11	17
2205	26	2	18	8
2206	26	2	12	14
2207	28	2	22	6
2208	26	2	25	1
2209	26	2	25	1
2210	28	2	24	4
2211	26	2	25	1
2212	26	2	8	18
2213	26	2	23	3
2214	26	2	11	15
2215	28	2	27	1
2216	26	2	9	17
2217	28	2	10	18
2218	26	2	25	1
2219	26	2	16	10
2220	26	2	23	3
2221	26	2	25	1
2222	26	2	24	2
2223	26	2	23	3
2224	28	2	16	12
2225	26	2	14	12
2226	28	2	8	20
2227	26	2	26	0
2228	28	2	13	15
2229	28	2	27	1
2230	28	2	11	17
2231	28	2	14	14
2232	28	2	16	12
2233	26	2	10	16
2234	28	2	27	1
2235	28	2	16	12
2236	28	2	28	0
2237	28	2	27	1
2238	26	2	21	5
2239	26	2	23	3
2240	26	2	25	1
2241	26	2	20	6
2242	28	2	26	2
2243	28	2	28	0
2244	28	2	23	5
2245	28	2	22	6
2246	26	2	25	1
2247	26	2	9	17
2248	28	2	25	3
2249	28	2	26	2
2250	28	2	9	19
2251	26	2	26	0
2252	28	2	21	7
2253	30	2	19	11
2254	28	2	28	0
2255	26	2	8	18
2256	28	2	20	8
2257	26	2	24	2
2258	26	2	25	1
2259	26	2	24	2
2260	26	2	25	1
2261	26	2	26	0
2262	28	2	25	3
2263	28	2	28	0
2264	26	2	23	3
2265	28	2	27	1
2266	26	2	14	12
2267	26	2	25	1
2268	28	2	26	2
2269	28	2	3	25
2270	26	2	25	1
2271	28	2	26	2
2272	28	2	28	0
2273	28	2	27	1
2274	28	2	28	0
2275	28	2	26	2
2276	26	2	22	4
2277	28	2	11	17
2278	26	2	14	12
2279	26	2	23	3
2280	28	2	14	14
2281	28	2	22	6
2282	26	2	8	18
2283	28	2	27	1
2284	26	2	26	0
2285	26	2	25	1
2286	26	2	25	1
2287	28	2	27	1
2288	26	2	25	1
2289	28	2	27	1
2290	26	2	24	2
2291	26	2	25	1
2292	26	2	24	2
2293	28	2	25	3
2294	26	2	25	1
2295	26	2	24	2
2296	28	2	27	1
2297	28	2	10	18
2298	26	2	25	1
2299	30	2	15	15
2300	26	2	23	3
2301	26	2	18	8
2302	26	2	25	1
2303	30	2	28	2
2304	26	2	13	13
2305	28	2	15	13
2306	28	2	26	2
2307	26	2	11	15
2308	26	2	25	1
2309	26	2	24	2
2310	26	2	26	0
2311	26	2	26	0
2312	28	2	23	5
2313	26	2	24	2
2314	28	2	26	2
2315	26	2	23	3
2316	26	2	25	1
2317	28	2	27	1
2318	30	2	26	4
2319	30	2	29	1
2320	28	2	27	1
2321	28	2	27	1
2322	28	2	23	5
2323	26	2	26	0
2324	26	2	16	10
2325	28	2	14	14
2326	28	2	12	16
2327	26	2	25	1
2328	26	2	25	1
2329	28	2	26	2
2330	26	2	25	1
2331	26	2	25	1
2332	26	2	22	4
2333	30	2	29	1
2334	26	2	19	7
2335	26	2	13	13
2336	30	2	29	1
2337	26	2	12	14
2338	28	2	27	1
2339	26	2	22	4
2340	26	2	23	3
2341	30	2	15	15
2342	28	2	2	26
2343	26	2	22	4
2344	26	2	15	11
2345	26	2	15	11
2346	24	2	23	1
2347	26	2	25	1
2348	28	2	27	1
2349	26	2	26	0
2350	26	2	26	0
2351	28	2	26	2
2352	28	2	27	1
2353	26	2	25	1
2354	26	2	24	2
2355	28	2	17	11
2356	26	2	20	6
2357	30	2	10	20
2358	28	2	27	1
2359	28	2	27	1
2360	28	2	25	3
2361	26	2	6	20
2362	30	2	15	15
2363	28	2	19	9
2364	30	2	24	6
2365	26	2	25	1
2366	28	2	19	9
2367	26	2	26	0
2368	28	2	9	19
2369	28	2	19	9
2370	30	2	22	8
2371	26	2	14	12
2372	26	2	22	4
2373	30	2	19	11
2374	26	2	23	3
2375	28	2	27	1
2376	26	2	21	5
2377	26	2	26	0
2378	28	2	27	1
2379	28	2	27	1
2380	26	2	24	2
2381	28	2	14	14
2382	28	2	16	12
2383	30	2	16	14
2384	30	2	27	3
2385	26	2	11	15
2386	30	2	20	10
2387	30	2	12	18
2388	26	2	25	1
2389	28	2	25	3
2390	28	2	12	16
2391	28	2	27	1
2392	28	2	27	1
2393	28	2	20	8
2394	28	2	27	1
2395	28	2	26	2
2396	30	2	16	14
2397	28	2	18	10
2398	28	2	26	2
2399	26	2	25	1
2400	26	2	23	3
2401	30	2	4	26
2402	28	2	27	1
2403	26	2	26	0
2404	28	2	28	0
2405	26	2	15	11
2406	28	2	26	2
2407	30	2	12	18
2408	28	2	15	13
2409	30	2	16	14
2410	28	2	26	2
2411	30	2	21	9
2412	30	2	18	12
2413	28	2	27	1
2414	28	2	26	2
2415	28	2	19	9
2416	28	2	13	15
2417	26	2	17	9
2418	28	2	11	17
2419	26	2	19	7
2420	28	2	26	2
2421	26	2	24	2
2422	28	2	27	1
2423	26	2	25	1
2424	28	2	15	13
2425	28	2	25	3
2426	30	2	16	14
2427	26	2	25	1
2428	26	2	14	12
2429	28	2	21	7
2430	28	2	27	1
2431	28	2	17	11
2432	28	2	8	20
2433	28	2	13	15
2434	26	2	23	3
2435	30	2	14	16
2436	28	2	18	10
2437	26	2	24	2
2438	26	2	18	8
2439	28	2	17	11
2440	30	2	4	26
2441	30	2	29	1
2442	30	2	9	21
2443	28	2	15	13
2444	28	2	13	15
2445	28	2	12	16
2446	28	2	21	7
2447	30	2	19	11
2448	30	2	18	12
2449	26	2	19	7
2450	28	2	19	9
2451	28	2	24	4
2452	28	2	9	19
2453	26	2	24	2
2454	26	2	24	2
2455	28	2	20	8
2456	26	2	20	6
2457	26	2	6	20
2458	30	2	15	15
2459	28	2	24	4
2460	30	2	12	18
2461	26	2	24	2
2462	28	2	17	11
2463	28	2	27	1
2464	28	2	17	11
2465	28	2	27	1
2466	26	2	10	16
2467	28	2	5	23
2468	26	2	25	1
2469	28	2	27	1

[pop]=2
1	16	2	14	2
2	16	2	16	0
3	16	2	16	0
4	16	2	16	0
5	16	2	11	5
6	16	2	12	4
7	16	2	16	0
8	16	2	16	0
9	16	2	16	0
10	16	2	16	0
11	16	2	16	0
12	16	2	16	0
13	16	2	15	1
14	16	2	16	0
15	14	2	0	14
16	16	2	0	16
17	16	2	0	16
18	14	2	14	0
19	16	2	16	0
20	14	2	14	0
21	16	2	16	0
22	16	2	15	1
23	16	2	16	0
24	16	2	16	0
25	16	2	16	0
26	16	2	16	0
27	16	2	16	0
28	14	2	14	0
29	14	2	13	1
30	16	2	16	0
31	16	2	15	1
32	16	2	16	0
33	14	2	14	0
34	16	2	16	0
35	16	2	16	0
36	16	2	16	0
37	16	2	15	1
38	14	2	14	0
39	16	2	16	0
40	16	2	16	0
41	16	2	16	0
42	14	2	14	0
43	14	2	14	0
44	12	2	12	0
45	14	2	14	0
46	16	2	16	0
47	16	2	15	1
48	16	2	0	16
49	14	2	14	0
50	16	2	16	0
51	14	2	14	0
52	16	2	16	0
53	16	2	16	0
54	14	2	14	0
55	16	2	16	0
56	12	2	0	12
57	14	2	14	0
58	14	2	14	0
59	14	2	14	0
60	16	2	0	16
61	16	2	16	0
62	16	2	16	0
63	14	2	0	14
64	16	2	16	0
65	16	2	16	0
66	14	2	14	0
67	14	2	0	14
68	16	2	16	0
69	16	2	16	0
70	14	2	14	0
71	16	2	16	0
72	16	2	15	1
73	14	2	0	14
74	16	2	16	0
75	14	2	14	0
76	16	2	16	0
77	16	2	16	0
78	16	2	16	0
79	14	2	1	13
80	16	2	1	15
81	16	2	16	0
82	14	2	14	0
83	16	2	16	0
84	16	2	16	0
85	16	2	15	1
86	14	2	13	1
87	16	2	16	0
88	16	2	16	0
89	14	2	0	14
90	16	2	16	0
91	16	2	16	0
92	16	2	1	15
93	14	2	14	0
94	16	2	15	1
95	16	2	16	0
96	14	2	14	0
97	16	2	1	15
98	14	2	14	0
99	14	2	14	0
100	16	2	16	0
101	16	2	1	15
102	16	2	16	0
103	14	2	14	0
104	16	2	16	0
105	14	2	14	0
106	16	2	16	0
107	14	2	12	2
108	16	2	16	0
109	16	2	16	0
110	16	2	16	0
111	16	2	16	0
112	14	2	14	0
113	14	2	14	0
114	16	2	16	0
115	16	2	16	0
116	14	2	14	0
117	14	2	14	0
118	14	2	12	2
119	14	2	14	0
120	14	2	14	0
121	16	2	16	0
122	14	2	14	0
123	16	2	16	0
124	12	2	12	0
125	16	2	16	0
126	16	2	16	0
127	16	2	16	0
128	16	2	1	15
129	16	2	16	0
130	16	2	16	0
131	16	2	16	0
132	16	2	16	0
133	16	2	16	0
134	16	2	16	0
135	16	2	16	0
136	14	2	13	1
137	14	2	0	14
138	16	2	15	1
139	14	2	0	14
140	14	2	12	2
141	14	2	0	14
142	16	2	15	1
143	16	2	16	0
144	14	2	13	1
145	14	2	13	1
146	16	2	15	1
147	14	2	14	0
148	14	2	0	14
149	14	2	1	13
150	14	2	13	1
151	14	2	14	0
152	14	2	14	0
153	16	2	0	16
154	16	2	15	1
155	14	2	14	0
156	16	2	10	6
157	16	2	15	1
158	12	2	12	0
159	14	2	14	0
160	16	2	16	0
161	14	2	0	14
162	16	2	16	0
163	16	2	15	1
164	16	2	16	0
165	16	2	16	0
166	16	2	16	0
167	14	2	0	14
168	16	2	16	0
169	16	2	13	3
170	16	2	16	0
171	14	2	14	0
172	16	2	16	0
173	14	2	14	0
174	16	2	16	0
175	14	2	14	0
176	14	2	0	14
177	16	2	16	0
178	14	2	13	1
179	16	2	14	2
180	16	2	16	0
181	14	2	14	0
182	14	2	14	0
183	14	2	13	1
184	14	2	14	0
185	16	2	16	0
186	14	2	13	1
187	16	2	15	1
188	14	2	13	1
189	14	2	13	1
190	14	2	14	0
191	16	2	16	0
192	14	2	11	3
193	14	2	13	1
194	16	2	16	0
195	14	2	14	0
196	16	2	0	16
197	16	2	16	0
198	12	2	12	0
199	16	2	16	0
200	14	2	0	14
201	16	2	16	0
202	16	2	16	0
203	16	2	0	16
204	14	2	14	0
205	16	2	13	3
206	16	2	16	0
207	14	2	1	13
208	14	2	0	14
209	14	2	14	0
210	16	2	16	0
211	16	2	16	0
212	16	2	16	0
213	16	2	16	0
214	16	2	16	0
215	14	2	0	14
216	16	2	0	16
217	14	2	14	0
218	16	2	15	1
219	14	2	0	14
220	16	2	0	16
221	16	2	15	1
222	14	2	14	0
223	16	2	15	1
224	16	2	15	1
225	16	2	0	16
226	16	2	0	16
227	14	2	14	0
228	16	2	15	1
229	16	2	16	0
230	14	2	13	1
231	16	2	16	0
232	16	2	16	0
233	14	2	14	0
234	16	2	16	0
235	14	2	7	7
236	14	2	14	0
237	16	2	15	1
238	14	2	14	0
239	16	2	16	0
240	14	2	14	0
241	16	2	16	0
242	16	2	0	16
243	14	2	14	0
244	16	2	16	0
245	16	2	16	0
246	16	2	16	0
247	16	2	16	0
248	14	2	14	0
249	14	2	14	0
250	16	2	16	0
251	16	2	16	0
252	14	2	12	2
253	14	2	14	0
254	16	2	0	16
255	16	2	16	0
256	16	2	16	0
257	16	2	16	0
258	14	2	14	0
259	16	2	8	8
260	14	2	13	1
261	16	2	16	0
262	16	2	16	0
263	16	2	0	16
264	16	2	16	0
265	14	2	14	0
266	14	2	14	0
267	14	2	14	0
268	16	2	16	0
269	16	2	16	0
270	14	2	14	0
271	16	2	16	0
272	16	2	16	0
273	16	2	16	0
274	16	2	15	1
275	16	2	16	0
276	16	2	0	16
277	14	2	0	14
278	16	2	7	9
279	16	2	0	16
280	14	2	0	14
281	16	2	16	0
282	16	2	16	0
283	16	2	13	3
284	16	2	16	0
285	16	2	16	0
286	16	2	16	0
287	16	2	15	1
288	16	2	16	0
289	14	2	14	0
290	16	2	16	0
291	14	2	1	13
292	14	2	14	0
293	16	2	16	0
294	14	2	14	0
295	16	2	16	0
296	14	2	7	7
297	16	2	0	16
298	16	2	16	0
299	16	2	16	0
300	16	2	16	0
301	14	2	14	0
302	14	2	14	0
303	16	2	16	0
304	16	2	16	0
305	16	2	16	0
306	14	2	14	0
307	14	2	13	1
308	16	2	1	15
309	14	2	14	0
310	16	2	0	16
311	14	2	14	0
312	16	2	16	0
313	16	2	16	0
314	14	2	14	0
315	16	2	16	0
316	16	2	16	0
317	14	2	14	0
318	16	2	0	16
319	14	2	14	0
320	16	2	16	0
321	16	2	14	2
322	16	2	16	0
323	16	2	16	0
324	16	2	16	0
325	16	2	0	16
326	14	2	14	0
327	14	2	14	0
328	16	2	16	0
329	16	2	16	0
330	16	2	16	0
331	16	2	15	1
332	16	2	15	1
333	16	2	16	0
334	16	2	0	16
335	16	2	16	0
336	14	2	14	0
337	14	2	0	14
338	16	2	16	0
339	16	2	16	0
340	16	2	15	1
341	14	2	14	0
342	16	2	16	0
343	14	2	14	0
344	16	2	8	8
345	16	2	16	0
346	16	2	16	0
347	14	2	14	0
348	16	2	16	0
349	16	2	13	3
350	16	2	16	0
351	16	2	1	15
352	16	2	0	16
353	16	2	16	0
354	16	2	16	0
355	16	2	14	2
356	16	2	15	1
357	16	2	16	0
358	16	2	15	1
359	14	2	12	2
360	16	2	15	1
361	16	2	16	0
362	14	2	13	1
363	16	2	0	16
364	16	2	16	0
365	16	2	15	1
366	14	2	14	0
367	14	2	14	0
368	16	2	15	1
369	14	2	14	0
370	14	2	14	0
371	14	2	14	0
372	16	2	0	16
373	16	2	16	0
374	16	2	15	1
375	14	2	12	2
376	14	2	0	14
377	14	2	14	0
378	16	2	1	15
379	14	2	14	0
380	16	2	0	16
381	14	2	14	0
382	14	2	14	0
383	14	2	14	0
384	14	2	14	0
385	16	2	16	0
386	16	2	1	15
387	12	2	1	11
388	16	2	0	16
389	14	2	14	0
390	14	2	1	13
391	14	2	14	0
392	16	2	15	1
393	14	2	14	0
394	14	2	14	0
395	14	2	14	0
396	16	2	15	1
397	14	2	13	1
398	16	2	16	0
399	16	2	16	0
400	16	2	16	0
401	16	2	16	0
402	16	2	16	0
403	16	2	15	1
404	16	2	15	1
405	16	2	16	0
406	16	2	16	0
407	14	2	14	0
408	14	2	14	0
409	16	2	1	15
410	16	2	16	0
411	16	2	16	0
412	14	2	13	1
413	16	2	11	5
414	12	2	12	0
415	16	2	0	16
416	14	2	14	0
417	16	2	16	0
418	14	2	14	0
419	16	2	16	0
420	16	2	14	2
421	14	2	1	13
422	16	2	16	0
423	14	2	14	0
424	14	2	14	0
425	16	2	16	0
426	16	2	16	0
427	16	2	0	16
428	14	2	12	2
429	16	2	15	1
430	16	2	16	0
431	16	2	16	0
432	16	2	0	16
433	16	2	16	0
434	14	2	14	0
435	16	2	16	0
436	14	2	14	0
437	14	2	14	0
438	16	2	16	0
439	16	2	16	0
440	16	2	16	0
441	16	2	0	16
442	14	2	0	14
443	16	2	15	1
444	16	2	8	8
445	14	2	14	0
446	16	2	14	2
447	16	2	15	1
448	16	2	16	0
449	16	2	1	15
450	12	2	12	0
451	16	2	1	15
452	16	2	16	0
453	16	2	16	0
454	14	2	14	0
455	16	2	0	16
456	14	2	14	0
457	16	2	16	0
458	16	2	16	0
459	16	2	16	0
460	16	2	0	16
461	16	2	16	0
462	16	2	15	1
463	16	2	15	1
464	14	2	14	0
465	16	2	0	16
466	16	2	16	0
467	16	2	16	0
468	16	2	16	0
469	16	2	16	0
470	16	2	16	0
471	16	2	16	0
472	16	2	16	0
473	16	2	16	0
474	14	2	14	0
475	14	2	14	0
476	14	2	13	1
477	14	2	14	0
478	16	2	0	16
479	14	2	0	14
480	16	2	14	2
481	14	2	14	0
482	16	2	16	0
483	14	2	14	0
484	16	2	1	15
485	14	2	0	14
486	16	2	0	16
487	16	2	16	0
488	16	2	16	0
489	14	2	14	0
490	16	2	8	8
491	16	2	15	1
492	16	2	16	0
493	16	2	16	0
494	12	2	12	0
495	16	2	15	1
496	16	2	16	0
497	16	2	16	0
498	16	2	0	16
499	16	2	0	16
500	16	2	16	0
501	16	2	16	0
502	14	2	14	0
503	16	2	0	16
504	14	2	0	14
505	14	2	14	0
506	14	2	14	0
507	16	2	16	0
508	14	2	14	0
509	14	2	14	0
510	14	2	14	0
511	16	2	0	16
512	16	2	16	0
513	16	2	16	0
514	16	2	16	0
515	14	2	14	0
516	16	2	15	1
517	16	2	16	0
518	16	2	0	16
519	16	2	16	0
520	16	2	14	2
521	16	2	16	0
522	16	2	0	16
523	16	2	16	0
524	16	2	16	0
525	16	2	16	0
526	12	2	12	0
527	16	2	0	16
528	16	2	16	0
529	14	2	14	0
530	16	2	16	0
531	14	2	14	0
532	14	2	14	0
533	16	2	0	16
534	14	2	14	0
535	16	2	15	1
536	14	2	13	1
537	16	2	16	0
538	16	2	16	0
539	14	2	14	0
540	16	2	16	0
541	16	2	16	0
542	14	2	14	0
543	16	2	16	0
544	14	2	0	14
545	14	2	14	0
546	16	2	16	0
547	16	2	16	0
548	14	2	14	0
549	16	2	16	0
550	16	2	8	8
551	16	2	16	0
552	14	2	13	1
553	16	2	15	1
554	16	2	15	1
555	14	2	13	1
556	16	2	16	0
557	16	2	16	0
558	16	2	15	1
559	14	2	14	0
560	14	2	14	0
561	14	2	0	14
562	16	2	15	1
563	16	2	0	16
564	16	2	15	1
565	12	2	2	10
566	14	2	13	1
567	14	2	13	1
568	14	2	1	13
569	16	2	15	1
570	12	2	12	0
571	16	2	16	0
572	16	2	16	0
573	14	2	0	14
574	16	2	16	0
575	14	2	14	0
576	14	2	14	0
577	14	2	14	0
578	14	2	10	4
579	16	2	15	1
580	16	2	16	0
581	14	2	14	0
582	14	2	14	0
583	16	2	16	0
584	14	2	14	0
585	14	2	14	0
586	16	2	16	0
587	16	2	16	0
588	16	2	16	0
589	14	2	14	0
590	16	2	16	0
591	14	2	14	0
592	14	2	13	1
593	16	2	0	16
594	16	2	16	0
595	16	2	16	0
596	16	2	16	0
597	16	2	16	0
598	16	2	16	0
599	14	2	14	0
600	14	2	12	2
601	16	2	12	4
602	16	2	16	0
603	16	2	15	1
604	14	2	14	0
605	16	2	14	2
606	14	2	0	14
607	14	2	14	0
608	14	2	14	0
609	14	2	14	0
610	16	2	16	0
611	14	2	0	14
612	14	2	14	0
613	14	2	14	0
614	16	2	0	16
615	12	2	12	0
616	14	2	14	0
617	16	2	16	0
618	14	2	13	1
619	14	2	0	14
620	14	2	13	1
621	14	2	14	0
622	14	2	14	0
623	14	2	14	0
624	16	2	16	0
625	14	2	14	0
626	14	2	14	0
627	16	2	16	0
628	14	2	13	1
629	14	2	13	1
630	16	2	16	0
631	14	2	14	0
632	14	2	14	0
633	16	2	16	0
634	14	2	14	0
635	14	2	14	0
636	16	2	16	0
637	16	2	0	16
638	14	2	14	0
639	16	2	15	1
640	14	2	14	0
641	16	2	15	1
642	16	2	15	1
643	14	2	0	14
644	16	2	0	16
645	16	2	15	1
646	16	2	16	0
647	16	2	16	0
648	16	2	16	0
649	14	2	14	0
650	16	2	16	0
651	16	2	14	2
652	16	2	16	0
653	16	2	16	0
654	14	2	0	14
655	14	2	14	0
656	16	2	0	16
657	14	2	14	0
658	16	2	16	0
659	16	2	15	1
660	16	2	16	0
661	16	2	15	1
662	16	2	16	0
663	16	2	16	0
664	14	2	14	0
665	16	2	16	0
666	16	2	16	0
667	16	2	16	0
668	14	2	14	0
669	14	2	14	0
670	14	2	13	1
671	16	2	15	1
672	16	2	16	0
673	16	2	16	0
674	16	2	15	1
675	16	2	15	1
676	16	2	16	0
677	16	2	16	0
678	14	2	14	0
679	16	2	16	0
680	16	2	0	16
681	12	2	11	1
682	14	2	14	0
683	16	2	16	0
684	16	2	16	0
685	16	2	16	0
686	16	2	16	0
687	16	2	13	3
688	14	2	14	0
689	14	2	14	0
690	16	2	16	0
691	14	2	12	2
692	14	2	14	0
693	14	2	13	1
694	16	2	15	1
695	16	2	16	0
696	16	2	16	0
697	16	2	16	0
698	14	2	14	0
699	14	2	13	1
700	14	2	14	0
701	16	2	16	0
702	14	2	14	0
703	16	2	16	0
704	14	2	14	0
705	14	2	0	14
706	16	2	16	0
707	16	2	15	1
708	16	2	16	0
709	14	2	14	0
710	16	2	0	16
711	14	2	0	14
712	16	2	16	0
713	16	2	0	16
714	14	2	14	0
715	14	2	14	0
716	16	2	16	0
717	16	2	16	0
718	16	2	15	1
719	16	2	16	0
720	14	2	14	0
721	14	2	14	0
722	16	2	15	1
723	16	2	16	0
724	16	2	15	1
725	16	2	16	0
726	16	2	16	0
727	16	2	14	2
728	14	2	0	14
729	16	2	0	16
730	16	2	16	0
731	14	2	14	0
732	16	2	16	0
733	14	2	14	0
734	16	2	11	5
735	16	2	15	1
736	16	2	16	0
737	14	2	0	14
738	16	2	0	16
739	14	2	14	0
740	16	2	16	0
741	16	2	15	1
742	16	2	16	0
743	14	2	13	1
744	14	2	14	0
745	16	2	12	4
746	16	2	15	1
747	14	2	0	14
748	16	2	16	0
749	16	2	16	0
750	16	2	16	0
751	16	2	12	4
752	14	2	14	0
753	16	2	16	0
754	16	2	16	0
755	16	2	16	0
756	14	2	14	0
757	16	2	15	1
758	16	2	16	0
759	14	2	14	0
760	16	2	16	0
761	16	2	16	0
762	16	2	15	1
763	16	2	16	0
764	16	2	0	16
765	14	2	14	0
766	16	2	16	0
767	16	2	15	1
768	16	2	14	2
769	16	2	15	1
770	14	2	14	0
771	16	2	16	0
772	14	2	14	0
773	14	2	1	13
774	16	2	15	1
775	14	2	14	0
776	16	2	0	16
777	16	2	15	1
778	14	2	14	0
779	16	2	16	0
780	14	2	14	0
781	14	2	14	0
782	14	2	14	0
783	16	2	16	0
784	16	2	16	0
785	16	2	16	0
786	16	2	16	0
787	14	2	14	0
788	14	2	14	0
789	14	2	14	0
790	14	2	14	0
791	16	2	16	0
792	14	2	14	0
793	16	2	0	16
794	16	2	16	0
795	16	2	16	0
796	16	2	16	0
797	16	2	16	0
798	16	2	16	0
799	14	2	13	1
800	14	2	14	0
801	16	2	1	15
802	14	2	14	0
803	16	2	15	1
804	14	2	13	1
805	16	2	16	0
806	16	2	16	0
807	14	2	14	0
808	16	2	15	1
809	14	2	14	0
810	14	2	14	0
811	14	2	14	0
812	14	2	13	1
813	16	2	16	0
814	14	2	14	0
815	16	2	15	1
816	16	2	16	0
817	16	2	0	16
818	14	2	14	0
819	16	2	16	0
820	16	2	15	1
821	16	2	0	16
822	16	2	15	1
823	16	2	16	0
824	14	2	0	14
825	14	2	14	0
826	14	2	13	1
827	14	2	13	1
828	14	2	14	0
829	16	2	16	0
830	14	2	14	0
831	16	2	13	3
832	14	2	14	0
833	16	2	0	16
834	16	2	16	0
835	14	2	14	0
836	14	2	14	0
837	16	2	0	16
838	14	2	13	1
839	16	2	16	0
840	12	2	12	0
841	14	2	14	0
842	16	2	15	1
843	14	2	14	0
844	16	2	0	16
845	16	2	16	0
846	14	2	14	0
847	16	2	16	0
848	14	2	14	0
849	16	2	16	0
850	16	2	16	0
851	16	2	16	0
852	16	2	14	2
853	16	2	16	0
854	16	2	16	0
855	16	2	16	0
856	16	2	16	0
857	14	2	0	14
858	16	2	8	8
859	16	2	16	0
860	14	2	14	0
861	16	2	16	0
862	16	2	15	1
863	14	2	13	1
864	14	2	13	1
865	12	2	11	1
866	14	2	14	0
867	14	2	0	14
868	14	2	0	14
869	14	2	14	0
870	16	2	0	16
871	16	2	16	0
872	14	2	14	0
873	16	2	15	1
874	16	2	16	0
875	16	2	0	16
876	16	2	0	16
877	14	2	14	0
878	16	2	16	0
879	16	2	0	16
880	16	2	1	15
881	16	2	16	0
882	16	2	16	0
883	14	2	14	0
884	14	2	14	0
885	16	2	16	0
886	12	2	12	0
887	16	2	15	1
888	16	2	16	0
889	16	2	16	0
890	16	2	0	16
891	16	2	1	15
892	16	2	15	1
893	16	2	0	16
894	14	2	14	0
895	16	2	0	16
896	14	2	14	0
897	14	2	14	0
898	16	2	16	0
899	16	2	0	16
900	14	2	14	0
901	16	2	16	0
902	16	2	16	0
903	14	2	14	0
904	14	2	14	0
905	16	2	16	0
906	16	2	9	7
907	14	2	14	0
908	14	2	14	0
909	16	2	16	0
910	16	2	16	0
911	16	2	16	0
912	16	2	16	0
913	16	2	16	0
914	16	2	14	2
915	14	2	14	0
916	16	2	15	1
917	16	2	16	0
918	16	2	16	0
919	16	2	16	0
920	16	2	15	1
921	14	2	14	0
922	16	2	15	1
923	16	2	16	0
924	14	2	14	0
925	14	2	14	0
926	16	2	16	0
927	14	2	14	0
928	14	2	14	0
929	16	2	16	0
930	16	2	16	0
931	14	2	14	0
932	16	2	0	16
933	14	2	14	0
934	14	2	14	0
935	16	2	16	0
936	14	2	0	14
937	16	2	16	0
938	14	2	0	14
939	16	2	16	0
940	16	2	16	0
941	14	2	14	0
942	14	2	0	14
943	16	2	15	1
944	14	2	14	0
945	16	2	15	1
946	16	2	16	0
947	14	2	14	0
948	16	2	16	0
949	12	2	1	11
950	14	2	0	14
951	16	2	0	16
952	16	2	16	0
953	16	2	16	0
954	14	2	14	0
955	16	2	16	0
956	14	2	14	0
957	16	2	15	1
958	16	2	15	1
959	16	2	16	0
960	14	2	0	14
961	16	2	16	0
962	16	2	15	1
963	14	2	14	0
964	16	2	0	16
965	14	2	0	14
966	14	2	14	0
967	14	2	14	0
968	14	2	14	0
969	14	2	14	0
970	16	2	16	0
971	16	2	13	3
972	16	2	16	0
973	16	2	15	1
974	14	2	14	0
975	14	2	14	0
976	16	2	15	1
977	14	2	14	0
978	16	2	0	16
979	16	2	16	0
980	16	2	15	1
981	16	2	0	16
982	14	2	14	0
983	16	2	16	0
984	16	2	16	0
985	16	2	8	8
986	16	2	16	0
987	14	2	14	0
988	16	2	16	0
989	16	2	16	0
990	14	2	14	0
991	14	2	0	14
992	14	2	13	1
993	16	2	1	15
994	14	2	0	14
995	12	2	12	0
996	16	2	16	0
997	14	2	14	0
998	16	2	0	16
999	16	2	0	16
1000	16	2	0	16
1001	14	2	14	0
1002	14	2	14	0
1003	14	2	14	0
1004	16	2	16	0
1005	14	2	14	0
1006	14	2	14	0
1007	16	2	16	0
1008	16	2	16	0
1009	16	2	16	0
1010	16	2	0	16
1011	16	2	16	0
1012	14	2	14	0
1013	16	2	16	0
1014	12	2	11	1
1015	16	2	16	0
1016	16	2	0	16
1017	14	2	14	0
1018	14	2	13	1
1019	16	2	0	16
1020	16	2	16	0
1021	14	2	13	1
1022	16	2	16	0
1023	16	2	15	1
1024	16	2	16	0
1025	14	2	14	0
1026	16	2	13	3
1027	16	2	8	8
1028	16	2	0	16
1029	14	2	14	0
1030	14	2	14	0
1031	14	2	13	1
1032	14	2	14	0
1033	16	2	16	0
1034	12	2	12	0
1035	16	2	16	0
1036	16	2	2	14
1037	16	2	16	0
1038	14	2	14	0
1039	14	2	14	0
1040	16	2	16	0
1041	16	2	16	0
1042	16	2	8	8
1043	16	2	16	0
1044	16	2	16	0
1045	16	2	16	0
1046	14	2	13	1
1047	16	2	16	0
1048	14	2	14	0
1049	14	2	14	0
1050	14	2	14	0
1051	14	2	11	3
1052	16	2	16	0
1053	14	2	14	0
1054	14	2	0	14
1055	16	2	16	0
1056	16	2	16	0
1057	14	2	14	0
1058	16	2	1	15
1059	16	2	16	0
1060	16	2	16	0
1061	14	2	14	0
1062	14	2	7	7
1063	16	2	16	0
1064	14	2	13	1
1065	16	2	16	0
1066	14	2	13	1
1067	14	2	2	12
1068	16	2	16	0
1069	14	2	13	1
1070	16	2	16	0
1071	16	2	16	0
1072	14	2	14	0
1073	16	2	0	16
1074	16	2	16	0
1075	16	2	16	0
1076	16	2	2	14
1077	16	2	14	2
1078	16	2	16	0
1079	16	2	2	14
1080	16	2	16	0
1081	14	2	14	0
1082	16	2	14	2
1083	12	2	11	1
1084	14	2	14	0
1085	14	2	14	0
1086	16	2	16	0
1087	16	2	15	1
1088	14	2	14	0
1089	14	2	1	13
1090	14	2	14	0
1091	16	2	16	0
1092	16	2	16	0
1093	14	2	13	1
1094	14	2	14	0
1095	16	2	16	0
1096	14	2	13	1
1097	16	2	15	1
1098	16	2	16	0
1099	16	2	11	5
1100	16	2	1	15
1101	16	2	16	0
1102	16	2	15	1
1103	16	2	7	9
1104	16	2	16	0
1105	16	2	16	0
1106	14	2	14	0
1107	16	2	16	0
1108	16	2	16	0
1109	14	2	0	14
1110	16	2	16	0
1111	16	2	15	1
1112	14	2	14	0
1113	16	2	0	16
1114	14	2	14	0
1115	16	2	8	8
1116	16	2	16	0
1117	16	2	16	0
1118	16	2	0	16
1119	16	2	8	8
1120	14	2	14	0
1121	16	2	16	0
1122	14	2	14	0
1123	14	2	14	0
1124	16	2	16	0
1125	16	2	15	1
1126	16	2	16	0
1127	14	2	14	0
1128	14	2	14	0
1129	16	2	16	0
1130	16	2	16	0
1131	16	2	16	0
1132	16	2	15	1
1133	16	2	16	0
1134	16	2	16	0
1135	16	2	16	0
1136	14	2	14	0
1137	14	2	12	2
1138	16	2	0	16
1139	16	2	16	0
1140	14	2	12	2
1141	16	2	16	0
1142	16	2	16	0
1143	16	2	16	0
1144	16	2	16	0
1145	16	2	16	0
1146	16	2	16	0
1147	16	2	0	16
1148	14	2	14	0
1149	14	2	14	0
1150	14	2	0	14
1151	16	2	15	1
1152	16	2	16	0
1153	14	2	14	0
1154	16	2	16	0
1155	14	2	14	0
1156	14	2	14	0
1157	16	2	16	0
1158	16	2	16	0
1159	14	2	14	0
1160	16	2	16	0
1161	14	2	14	0
1162	16	2	16	0
1163	14	2	13	1
1164	16	2	15	1
1165	16	2	16	0
1166	14	2	0	14
1167	14	2	13	1
1168	16	2	16	0
1169	16	2	0	16
1170	14	2	14	0
1171	14	2	0	14
1172	14	2	14	0
1173	16	2	0	16
1174	16	2	16	0
1175	16	2	16	0
1176	16	2	16	0
1177	16	2	16	0
1178	14	2	14	0
1179	16	2	16	0
1180	16	2	1	15
1181	16	2	16	0
1182	14	2	0	14
1183	16	2	8	8
1184	14	2	14	0
1185	16	2	0	16
1186	14	2	14	0
1187	16	2	16	0
1188	16	2	15	1
1189	14	2	14	0
1190	14	2	0	14
1191	14	2	14	0
1192	16	2	16	0
1193	14	2	13	1
1194	16	2	15	1
1195	14	2	13	1
1196	14	2	14	0
1197	14	2	14	0
1198	14	2	14	0
1199	16	2	16	0
1200	14	2	14	0
1201	16	2	16	0
1202	14	2	14	0
1203	16	2	15	1
1204	16	2	0	16
1205	14	2	14	0
1206	16	2	14	2
1207	16	2	16	0
1208	14	2	14	0
1209	14	2	14	0
1210	14	2	14	0
1211	16	2	16	0
1212	14	2	0	14
1213	16	2	16	0
1214	16	2	16	0
1215	16	2	16	0
1216	16	2	16	0
1217	14	2	14	0
1218	14	2	14	0
1219	16	2	16	0
1220	16	2	16	0
1221	16	2	15	1
1222	14	2	11	3
1223	16	2	16	0
1224	16	2	15	1
1225	14	2	13	1
1226	16	2	16	0
1227	16	2	0	16
1228	16	2	16	0
1229	16	2	16	0
1230	14	2	0	14
1231	14	2	14	0
1232	14	2	14	0
1233	16	2	0	16
1234	16	2	16	0
1235	16	2	16	0
1236	16	2	15	1
1237	12	2	12	0
1238	16	2	16	0
1239	16	2	8	8
1240	14	2	14	0
1241	16	2	0	16
1242	14	2	0	14
1243	16	2	16	0
1244	14	2	13	1
1245	14	2	14	0
1246	16	2	16	0
1247	14	2	14	0
1248	16	2	16	0
1249	14	2	0	14
1250	16	2	0	16
1251	16	2	0	16
1252	14	2	14	0
1253	16	2	0	16
1254	16	2	2	14
1255	16	2	16	0
1256	16	2	16	0
1257	16	2	15	1
1258	16	2	16	0
1259	16	2	15	1
1260	16	2	15	1
1261	16	2	16	0
1262	14	2	14	0
1263	14	2	13	1
1264	14	2	0	14
1265	16	2	16	0
1266	16	2	16	0
1267	16	2	16	0
1268	16	2	16	0
1269	16	2	16	0
1270	16	2	16	0
1271	14	2	1	13
1272	16	2	0	16
1273	16	2	14	2
1274	16	2	16	0
1275	16	2	16	0
1276	14	2	14	0
1277	16	2	15	1
1278	14	2	14	0
1279	14	2	14	0
1280	16	2	8	8
1281	16	2	16	0
1282	14	2	0	14
1283	14	2	14	0
1284	14	2	14	0
1285	16	2	16	0
1286	14	2	14	0
1287	14	2	0	14
1288	16	2	16	0
1289	16	2	15	1
1290	16	2	16	0
1291	16	2	16	0
1292	14	2	14	0
1293	14	2	14	0
1294	16	2	16	0
1295	14	2	13	1
1296	16	2	16	0
1297	14	2	14	0
1298	14	2	1	13
1299	14	2	14	0
1300	16	2	16	0
1301	16	2	16	0
1302	16	2	16	0
1303	16	2	16	0
1304	16	2	16	0
1305	14	2	14	0
1306	14	2	13	1
1307	16	2	16	0
1308	16	2	13	3
1309	14	2	14	0
1310	14	2	11	3
1311	16	2	0	16
1312	16	2	15	1
1313	16	2	16	0
1314	16	2	16	0
1315	14	2	14	0
1316	16	2	16	0
1317	14	2	14	0
1318	16	2	15	1
1319	14	2	14	0
1320	16	2	0	16
1321	16	2	16	0
1322	16	2	9	7
1323	16	2	16	0
1324	16	2	16	0
1325	14	2	14	0
1326	16	2	10	6
1327	14	2	13	1
1328	14	2	14	0
1329	16	2	16	0
1330	14	2	14	0
1331	16	2	16	0
1332	14	2	14	0
1333	16	2	0	16
1334	14	2	14	0
1335	16	2	16	0
1336	14	2	14	0
1337	14	2	14	0
1338	16	2	16	0
1339	16	2	16	0
1340	16	2	0	16
1341	14	2	14	0
1342	14	2	14	0
1343	16	2	15	1
1344	16	2	0	16
1345	16	2	16	0
1346	14	2	14	0
1347	14	2	0	14
1348	16	2	16	0
1349	16	2	16	0
1350	14	2	14	0
1351	16	2	5	11
1352	14	2	14	0
1353	14	2	14	0
1354	16	2	16	0
1355	16	2	16	0
1356	16	2	8	8
1357	14	2	0	14
1358	16	2	16	0
1359	16	2	16	0
1360	16	2	16	0
1361	16	2	16	0
1362	14	2	14	0
1363	14	2	14	0
1364	14	2	13	1
1365	14	2	0	14
1366	16	2	8	8
1367	16	2	15	1
1368	14	2	14	0
1369	16	2	0	16
1370	14	2	14	0
1371	16	2	15	1
1372	16	2	15	1
1373	16	2	0	16
1374	14	2	14	0
1375	14	2	14	0
1376	16	2	16	0
1377	14	2	0	14
1378	16	2	16	0
1379	16	2	16	0
1380	16	2	15	1
1381	16	2	16	0
1382	16	2	16	0
1383	16	2	14	2
1384	16	2	16	0
1385	14	2	14	0
1386	16	2	16	0
1387	14	2	13	1
1388	14	2	14	0
1389	14	2	14	0
1390	14	2	0	14
1391	16	2	16	0
1392	16	2	16	0
1393	14	2	14	0
1394	14	2	14	0
1395	14	2	14	0
1396	14	2	14	0
1397	16	2	16	0
1398	14	2	14	0
1399	14	2	14	0
1400	16	2	16	0
1401	16	2	0	16
1402	14	2	14	0
1403	16	2	8	8
1404	14	2	14	0
1405	16	2	15	1
1406	16	2	16	0
1407	14	2	14	0
1408	14	2	14	0
1409	16	2	15	1
1410	16	2	0	16
1411	14	2	14	0
1412	16	2	16	0
1413	14	2	14	0
1414	16	2	15	1
1415	16	2	15	1
1416	16	2	9	7
1417	12	2	12	0
1418	14	2	14	0
1419	16	2	16	0
1420	14	2	14	0
1421	14	2	0	14
1422	16	2	16	0
1423	14	2	14	0
1424	14	2	14	0
1425	14	2	14	0
1426	14	2	0	14
1427	14	2	14	0
1428	16	2	10	6
1429	16	2	16	0
1430	14	2	14	0
1431	14	2	14	0
1432	16	2	16	0
1433	14	2	14	0
1434	14	2	13	1
1435	16	2	16	0
1436	16	2	16	0
1437	16	2	0	16
1438	14	2	0	14
1439	16	2	16	0
1440	14	2	0	14
1441	16	2	16	0
1442	14	2	14	0
1443	14	2	14	0
1444	16	2	0	16
1445	16	2	16	0
1446	14	2	13	1
1447	16	2	0	16
1448	16	2	0	16
1449	16	2	0	16
1450	14	2	14	0
1451	16	2	16	0
1452	14	2	0	14
1453	16	2	16	0
1454	16	2	0	16
1455	14	2	14	0
1456	16	2	16	0
1457	16	2	16	0
1458	14	2	0	14
1459	16	2	16	0
1460	16	2	16	0
1461	14	2	14	0
1462	14	2	14	0
1463	14	2	13	1
1464	14	2	13	1
1465	14	2	14	0
1466	14	2	14	0
1467	16	2	16	0
1468	16	2	15	1
1469	14	2	14	0
1470	16	2	16	0
1471	16	2	0	16
1472	16	2	16	0
1473	16	2	16	0
1474	16	2	1	15
1475	16	2	16	0
1476	14	2	14	0
1477	16	2	16	0
1478	14	2	13	1
1479	14	2	13	1
1480	16	2	16	0
1481	16	2	16	0
1482	14	2	14	0
1483	16	2	16	0
1484	16	2	15	1
1485	14	2	1	13
1486	16	2	15	1
1487	16	2	14	2
1488	16	2	16	0
1489	14	2	12	2
1490	16	2	16	0
1491	14	2	14	0
1492	14	2	14	0
1493	16	2	11	5
1494	16	2	16	0
1495	14	2	2	12
1496	14	2	14	0
1497	14	2	14	0
1498	16	2	0	16
1499	16	2	16	0
1500	16	2	16	0
1501	16	2	13	3
1502	14	2	14	0
1503	16	2	16	0
1504	16	2	16	0
1505	16	2	16	0
1506	16	2	16	0
1507	16	2	16	0
1508	16	2	15	1
1509	16	2	0	16
1510	14	2	14	0
1511	14	2	14	0
1512	16	2	0	16
1513	16	2	16	0
1514	16	2	16	0
1515	14	2	13	1
1516	14	2	11	3
1517	16	2	16	0
1518	16	2	16	0
1519	14	2	14	0
1520	16	2	16	0
1521	14	2	14	0
1522	16	2	15	1
1523	16	2	0	16
1524	16	2	14	2
1525	16	2	16	0
1526	16	2	1	15
1527	14	2	2	12
1528	14	2	14	0
1529	16	2	16	0
1530	16	2	16	0
1531	16	2	16	0
1532	16	2	0	16
1533	16	2	16	0
1534	16	2	15	1
1535	16	2	16	0
1536	16	2	16	0
1537	16	2	16	0
1538	14	2	14	0
1539	14	2	1	13
1540	16	2	16	0
1541	16	2	16	0
1542	14	2	0	14
1543	16	2	0	16
1544	16	2	16	0
1545	14	2	0	14
1546	16	2	16	0
1547	14	2	14	0
1548	14	2	14	0
1549	16	2	16	0
1550	16	2	16	0
1551	16	2	15	1
1552	16	2	16	0
1553	16	2	16	0
1554	16	2	15	1
1555	14	2	14	0
1556	16	2	0	16
1557	16	2	15	1
1558	16	2	0	16
1559	16	2	9	7
1560	16	2	16	0
1561	14	2	14	0
1562	16	2	16	0
1563	14	2	13	1
1564	14	2	14	0
1565	16	2	16	0
1566	14	2	14	0
1567	16	2	15	1
1568	14	2	14	0
1569	16	2	0	16
1570	16	2	8	8
1571	14	2	13	1
1572	16	2	16	0
1573	16	2	0	16
1574	14	2	14	0
1575	16	2	16	0
1576	14	2	14	0
1577	16	2	16	0
1578	16	2	16	0
1579	16	2	16	0
1580	16	2	16	0
1581	14	2	14	0
1582	14	2	0	14
1583	14	2	14	0
1584	14	2	14	0
1585	16	2	0	16
1586	14	2	13	1
1587	14	2	14	0
1588	14	2	14	0
1589	14	2	14	0
1590	16	2	0	16
1591	14	2	0	14
1592	16	2	16	0
1593	14	2	13	1
1594	14	2	0	14
1595	16	2	15	1
1596	16	2	16	0
1597	14	2	13	1
1598	16	2	16	0
1599	14	2	14	0
1600	12	2	12	0
1601	16	2	16	0
1602	16	2	16	0
1603	16	2	15	1
1604	14	2	14	0
1605	14	2	14	0
1606	16	2	15	1
1607	14	2	14	0
1608	14	2	13	1
1609	16	2	15	1
1610	16	2	16	0
1611	14	2	14	0
1612	16	2	10	6
1613	16	2	15	1
1614	16	2	16	0
1615	16	2	15	1
1616	16	2	16	0
1617	16	2	0	16
1618	14	2	14	0
1619	14	2	14	0
1620	16	2	16	0
1621	16	2	0	16
1622	16	2	16	0
1623	16	2	16	0
1624	16	2	0	16
1625	16	2	16	0
1626	14	2	14	0
1627	14	2	13	1
1628	14	2	14	0
1629	16	2	16	0
1630	16	2	16	0
1631	16	2	16	0
1632	14	2	12	2
1633	14	2	14	0
1634	16	2	8	8
1635	14	2	14	0
1636	14	2	14	0
1637	16	2	15	1
1638	14	2	14	0
1639	16	2	16	0
1640	14	2	14	0
1641	14	2	14	0
1642	16	2	16	0
1643	14	2	14	0
1644	14	2	14	0
1645	16	2	9	7
1646	14	2	14	0
1647	16	2	16	0
1648	16	2	15	1
1649	16	2	16	0
1650	14	2	14	0
1651	14	2	7	7
1652	14	2	14	0
1653	16	2	0	16
1654	16	2	16	0
1655	16	2	15	1
1656	14	2	14	0
1657	16	2	2	14
1658	14	2	14	0
1659	16	2	14	2
1660	14	2	14	0
1661	14	2	0	14
1662	16	2	16	0
1663	14	2	14	0
1664	16	2	15	1
1665	16	2	15	1
1666	16	2	1	15
1667	16	2	16	0
1668	16	2	16	0
1669	14	2	14	0
1670	16	2	16	0
1671	16	2	0	16
1672	16	2	16	0
1673	14	2	14	0
1674	14	2	0	14
1675	16	2	15	1
1676	16	2	11	5
1677	14	2	14	0
1678	16	2	15	1
1679	16	2	0	16
1680	16	2	0	16
1681	16	2	0	16
1682	14	2	14	0
1683	16	2	16	0
1684	16	2	16	0
1685	14	2	13	1
1686	16	2	16	0
1687	16	2	15	1
1688	14	2	0	14
1689	16	2	15	1
1690	16	2	16	0
1691	16	2	15	1
1692	16	2	16	0
1693	14	2	14	0
1694	16	2	15	1
1695	16	2	15	1
1696	14	2	13	1
1697	14	2	14	0
1698	16	2	16	0
1699	16	2	16	0
1700	14	2	14	0
1701	16	2	4	12
1702	16	2	10	6
1703	16	2	16	0
1704	16	2	16	0
1705	16	2	16	0
1706	16	2	16	0
1707	14	2	14	0
1708	16	2	0	16
1709	14	2	14	0
1710	14	2	14	0
1711	16	2	16	0
1712	14	2	14	0
1713	14	2	13	1
1714	16	2	16	0
1715	14	2	14	0
1716	14	2	14	0
1717	14	2	14	0
1718	16	2	16	0
1719	16	2	16	0
1720	14	2	0	14
1721	14	2	0	14
1722	16	2	16	0
1723	14	2	0	14
1724	14	2	14	0
1725	16	2	16	0
1726	16	2	16	0
1727	16	2	15	1
1728	14	2	13	1
1729	16	2	15	1
1730	16	2	16	0
1731	16	2	13	3
1732	16	2	14	2
1733	16	2	15	1
1734	16	2	16	0
1735	16	2	0	16
1736	16	2	15	1
1737	16	2	16	0
1738	16	2	16	0
1739	16	2	16	0
1740	16	2	16	0
1741	14	2	14	0
1742	16	2	16	0
1743	16	2	1	15
1744	14	2	14	0
1745	14	2	14	0
1746	16	2	16	0
1747	14	2	14	0
1748	14	2	14	0
1749	16	2	14	2
1750	14	2	14	0
1751	14	2	0	14
1752	16	2	15	1
1753	12	2	12	0
1754	14	2	12	2
1755	14	2	0	14
1756	16	2	8	8
1757	14	2	14	0
1758	16	2	15	1
1759	16	2	16	0
1760	16	2	15	1
1761	16	2	14	2
1762	16	2	15	1
1763	16	2	16	0
1764	16	2	0	16
1765	16	2	16	0
1766	16	2	15	1
1767	14	2	13	1
1768	16	2	16	0
1769	14	2	14	0
1770	14	2	14	0
1771	14	2	14	0
1772	12	2	6	6
1773	16	2	16	0
1774	16	2	15	1
1775	16	2	0	16
1776	16	2	16	0
1777	14	2	13	1
1778	16	2	15	1
1779	16	2	16	0
1780	14	2	13	1
1781	14	2	14	0
1782	14	2	14	0
1783	14	2	14	0
1784	14	2	14	0
1785	16	2	16	0
1786	16	2	16	0
1787	16	2	16	0
1788	16	2	0	16
1789	14	2	14	0
1790	14	2	0	14
1791	16	2	16	0
1792	16	2	16	0
1793	14	2	14	0
1794	16	2	14	2
1795	16	2	16	0
1796	16	2	16	0
1797	16	2	16	0
1798	16	2	16	0
1799	16	2	16	0
1800	16	2	8	8
1801	16	2	0	16
1802	14	2	14	0
1803	14	2	14	0
1804	14	2	13	1
1805	16	2	15	1
1806	16	2	16	0
1807	16	2	0	16
1808	14	2	14	0
1809	14	2	13	1
1810	16	2	1	15
1811	16	2	16	0
1812	16	2	16	0
1813	16	2	15	1
1814	16	2	16	0
1815	14	2	14	0
1816	12	2	12	0
1817	16	2	15	1
1818	14	2	14	0
1819	16	2	16	0
1820	16	2	15	1
1821	14	2	0	14
1822	16	2	16	0
1823	14	2	1	13
1824	16	2	16	0
1825	14	2	14	0
1826	14	2	14	0
1827	16	2	16	0
1828	16	2	16	0
1829	16	2	15	1
1830	16	2	0	16
1831	14	2	14	0
1832	16	2	16	0
1833	16	2	16	0
1834	16	2	16	0
1835	14	2	14	0
1836	16	2	16	0
1837	16	2	16	0
1838	14	2	0	14
1839	16	2	16	0
1840	14	2	14	0
1841	16	2	16	0
1842	14	2	14	0
1843	16	2	16	0
1844	16	2	16	0
1845	16	2	16	0
1846	16	2	16	0
1847	16	2	16	0
1848	14	2	14	0
1849	14	2	14	0
1850	16	2	8	8
1851	16	2	0	16
1852	16	2	16	0
1853	14	2	13	1
1854	14	2	14	0
1855	14	2	12	2
1856	14	2	14	0
1857	16	2	16	0
1858	16	2	16	0
1859	14	2	14	0
1860	14	2	0	14
1861	14	2	0	14
1862	14	2	13	1
1863	14	2	13	1
1864	16	2	16	0
1865	14	2	14	0
1866	16	2	16	0
1867	16	2	16	0
1868	16	2	16	0
1869	16	2	16	0
1870	16	2	16	0
1871	16	2	15	1
1872	14	2	14	0
1873	16	2	15	1
1874	16	2	15	1
1875	16	2	0	16
1876	14	2	14	0
1877	12	2	11	1
1878	16	2	0	16
1879	14	2	14	0
1880	14	2	14	0
1881	16	2	16	0
1882	14	2	14	0
1883	14	2	14	0
1884	14	2	14	0
1885	16	2	16	0
1886	14	2	0	14
1887	14	2	14	0
1888	16	2	16	0
1889	14	2	14	0
1890	16	2	16	0
1891	14	2	2	12
1892	16	2	16	0
1893	16	2	16	0
1894	16	2	16	0
1895	14	2	14	0
1896	14	2	14	0
1897	16	2	0	16
1898	16	2	16	0
1899	14	2	14	0
1900	16	2	16	0
1901	16	2	16	0
1902	16	2	16	0
1903	16	2	16	0
1904	16	2	16	0
1905	16	2	0	16
1906	14	2	14	0
1907	14	2	0	14
1908	12	2	12	0
1909	16	2	0	16
1910	16	2	15	1
1911	16	2	16	0
1912	16	2	15	1
1913	16	2	16	0
1914	16	2	13	3
1915	16	2	1	15
1916	16	2	16	0
1917	16	2	0	16
1918	16	2	12	4
1919	14	2	0	14
1920	14	2	14	0
1921	14	2	3	11
1922	16	2	16	0
1923	16	2	15	1
1924	16	2	16	0
1925	14	2	14	0
1926	16	2	16	0
1927	14	2	14	0
1928	14	2	14	0
1929	16	2	16	0
1930	14	2	0	14
1931	16	2	16	0
1932	16	2	16	0
1933	14	2	1	13
1934	14	2	14	0
1935	16	2	16	0
1936	16	2	15	1
1937	16	2	0	16
1938	16	2	0	16
1939	14	2	14	0
1940	16	2	15	1
1941	16	2	16	0
1942	14	2	14	0
1943	16	2	5	11
1944	16	2	16	0
1945	16	2	0	16
1946	16	2	16	0
1947	16	2	16	0
1948	14	2	14	0
1949	14	2	14	0
1950	16	2	14	2
1951	14	2	14	0
1952	14	2	14	0
1953	14	2	14	0
1954	16	2	16	0
1955	14	2	0	14
1956	14	2	14	0
1957	16	2	16	0
1958	16	2	16	0
1959	16	2	16	0
1960	16	2	0	16
1961	16	2	16	0
1962	16	2	16	0
1963	16	2	16	0
1964	14	2	14	0
1965	16	2	15	1
1966	14	2	13	1
1967	14	2	0	14
1968	14	2	14	0
1969	14	2	14	0
1970	14	2	14	0
1971	16	2	15	1
1972	14	2	14	0
1973	14	2	14	0
1974	14	2	14	0
1975	14	2	14	0
1976	16	2	7	9
1977	16	2	16	0
1978	16	2	16	0
1979	14	2	14	0
1980	16	2	0	16
1981	16	2	0	16
1982	16	2	0	16
1983	16	2	16	0
1984	14	2	14	0
1985	14	2	0	14
1986	14	2	14	0
1987	16	2	15	1
1988	16	2	16	0
1989	14	2	14	0
1990	14	2	0	14
1991	16	2	0	16
1992	16	2	0	16
1993	16	2	16	0
1994	16	2	16	0
1995	14	2	14	0
1996	16	2	16	0
1997	16	2	16	0
1998	14	2	2	12
1999	16	2	16	0
2000	14	2	14	0
2001	14	2	0	14
2002	16	2	14	2
2003	14	2	14	0
2004	16	2	0	16
2005	14	2	7	7
2006	14	2	13	1
2007	16	2	15	1
2008	16	2	16	0
2009	16	2	16	0
2010	16	2	15	1
2011	16	2	16	0
2012	16	2	15	1
2013	14	2	0	14
2014	16	2	16	0
2015	14	2	14	0
2016	14	2	14	0
2017	14	2	14	0
2018	16	2	16	0
2019	14	2	14	0
2020	16	2	15	1
2021	14	2	14	0
2022	14	2	0	14
2023	14	2	14	0
2024	16	2	8	8
2025	16	2	16	0
2026	16	2	0	16
2027	14	2	0	14
2028	16	2	16	0
2029	14	2	0	14
2030	16	2	16	0
2031	16	2	16	0
2032	16	2	16	0
2033	16	2	16	0
2034	14	2	0	14
2035	16	2	0	16
2036	16	2	16	0
2037	14	2	14	0
2038	14	2	14	0
2039	16	2	15	1
2040	16	2	16	0
2041	14	2	14	0
2042	16	2	0	16
2043	16	2	16	0
2044	16	2	15	1
2045	16	2	3	13
2046	14	2	0	14
2047	14	2	13	1
2048	16	2	14	2
2049	14	2	14	0
2050	16	2	15	1
2051	14	2	13	1
2052	16	2	15	1
2053	16	2	0	16
2054	16	2	16	0
2055	16	2	16	0
2056	14	2	14	0
2057	14	2	14	0
2058	16	2	0	16
2059	16	2	16	0
2060	14	2	0	14
2061	14	2	13	1
2062	16	2	16	0
2063	14	2	14	0
2064	16	2	15	1
2065	14	2	14	0
2066	12	2	11	1
2067	16	2	16	0
2068	14	2	14	0
2069	14	2	14	0
2070	16	2	16	0
2071	16	2	16	0
2072	16	2	16	0
2073	16	2	0	16
2074	16	2	16	0
2075	14	2	13	1
2076	16	2	16	0
2077	14	2	14	0
2078	16	2	8	8
2079	12	2	12	0
2080	16	2	16	0
2081	16	2	16	0
2082	14	2	14	0
2083	16	2	16	0
2084	14	2	14	0
2085	16	2	16	0
2086	14	2	14	0
2087	14	2	0	14
2088	16	2	16	0
2089	16	2	16	0
2090	14	2	14	0
2091	16	2	16	0
2092	16	2	16	0
2093	16	2	16	0
2094	16	2	8	8
2095	16	2	7	9
2096	16	2	15	1
2097	16	2	14	2
2098	14	2	14	0
2099	16	2	1	15
2100	16	2	16	0
2101	14	2	14	0
2102	14	2	0	14
2103	16	2	15	1
2104	16	2	16	0
2105	14	2	14	0
2106	16	2	16	0
2107	14	2	14	0
2108	16	2	0	16
2109	14	2	14	0
2110	14	2	12	2
2111	16	2	0	16
2112	16	2	16	0
2113	16	2	16	0
2114	16	2	16	0
2115	16	2	15	1
2116	14	2	14	0
2117	16	2	14	2
2118	16	2	16	0
2119	16	2	16	0
2120	16	2	16	0
2121	14	2	14	0
2122	16	2	0	16
2123	16	2	16	0
2124	16	2	0	16
2125	14	2	0	14
2126	16	2	16	0
2127	16	2	15	1
2128	16	2	16	0
2129	16	2	16	0
2130	14	2	14	0
2131	16	2	16	0
2132	14	2	14	0
2133	16	2	16	0
2134	14	2	14	0
2135	14	2	13	1
2136	14	2	14	0
2137	16	2	16	0
2138	16	2	16	0
2139	14	2	0	14
2140	16	2	16	0
2141	16	2	16	0
2142	16	2	16	0
2143	12	2	0	12
2144	14	2	0	14
2145	14	2	13	1
2146	16	2	16	0
2147	14	2	13	1
2148	16	2	0	16
2149	14	2	14	0
2150	16	2	16	0
2151	14	2	0	14
2152	16	2	16	0
2153	14	2	13	1
2154	16	2	16	0
2155	14	2	14	0
2156	16	2	16	0
2157	16	2	16	0
2158	14	2	14	0
2159	14	2	0	14
2160	16	2	16	0
2161	14	2	14	0
2162	16	2	16	0
2163	14	2	14	0
2164	16	2	0	16
2165	10	2	10	0
2166	16	2	16	0
2167	14	2	14	0
2168	16	2	16	0
2169	16	2	16	0
2170	14	2	14	0
2171	16	2	15	1
2172	14	2	14	0
2173	16	2	16	0
2174	16	2	15	1
2175	16	2	16	0
2176	14	2	14	0
2177	16	2	15	1
2178	16	2	16	0
2179	16	2	15	1
2180	16	2	0	16
2181	14	2	0	14
2182	16	2	16	0
2183	14	2	14	0
2184	16	2	16	0
2185	14	2	14	0
2186	14	2	14	0
2187	16	2	16	0
2188	16	2	1	15
2189	14	2	14	0
2190	16	2	15	1
2191	16	2	16	0
2192	14	2	14	0
2193	14	2	0	14
2194	16	2	16	0
2195	14	2	14	0
2196	14	2	14	0
2197	14	2	14	0
2198	16	2	16	0
2199	16	2	16	0
2200	16	2	16	0
2201	16	2	15	1
2202	14	2	14	0
2203	16	2	0	16
2204	14	2	0	14
2205	16	2	8	8
2206	16	2	8	8
2207	16	2	15	1
2208	16	2	16	0
2209	16	2	16	0
2210	14	2	14	0
2211	16	2	16	0
2212	16	2	1	15
2213	16	2	16	0
2214	16	2	0	16
2215	16	2	16	0
2216	16	2	0	16
2217	16	2	0	16
2218	16	2	16	0
2219	16	2	0	16
2220	16	2	16	0
2221	16	2	16	0
2222	16	2	16	0
2223	16	2	16	0
2224	14	2	8	6
2225	16	2	0	16
2226	14	2	0	14
2227	16	2	15	1
2228	14	2	0	14
2229	16	2	16	0
2230	16	2	0	16
2231	14	2	0	14
2232	14	2	1	13
2233	16	2	0	16
2234	14	2	14	0
2235	14	2	0	14
2236	16	2	15	1
2237	14	2	14	0
2238	16	2	16	0
2239	16	2	16	0
2240	16	2	16	0
2241	16	2	16	0
2242	16	2	16	0
2243	14	2	13	1
2244	14	2	14	0
2245	16	2	16	0
2246	16	2	16	0
2247	16	2	1	15
2248	14	2	14	0
2249	14	2	14	0
2250	14	2	0	14
2251	16	2	15	1
2252	16	2	16	0
2253	12	2	0	12
2254	16	2	15	1
2255	16	2	0	16
2256	14	2	14	0
2257	16	2	16	0
2258	16	2	16	0
2259	16	2	16	0
2260	16	2	16	0
2261	16	2	15	1
2262	14	2	13	1
2263	14	2	13	1
2264	16	2	16	0
2265	14	2	14	0
2266	16	2	8	8
2267	16	2	16	0
2268	14	2	14	0
2269	14	2	0	14
2270	16	2	16	0
2271	14	2	14	0
2272	14	2	11	3
2273	14	2	13	1
2274	14	2	13	1
2275	14	2	14	0
2276	16	2	10	6
2277	16	2	0	16
2278	16	2	16	0
2279	16	2	16	0
2280	14	2	14	0
2281	14	2	0	14
2282	16	2	0	16
2283	14	2	14	0
2284	14	2	13	1
2285	16	2	16	0
2286	16	2	16	0
2287	14	2	14	0
2288	16	2	16	0
2289	16	2	16	0
2290	16	2	16	0
2291	16	2	16	0
2292	16	2	16	0
2293	14	2	14	0
2294	16	2	16	0
2295	16	2	16	0
2296	14	2	14	0
2297	16	2	0	16
2298	16	2	16	0
2299	16	2	9	7
2300	16	2	16	0
2301	16	2	16	0
2302	16	2	16	0
2303	14	2	14	0
2304	16	2	8	8
2305	16	2	8	8
2306	14	2	14	0
2307	16	2	0	16
2308	16	2	16	0
2309	16	2	16	0
2310	16	2	15	1
2311	16	2	14	2
2312	16	2	16	0
2313	16	2	16	0
2314	14	2	14	0
2315	16	2	16	0
2316	16	2	16	0
2317	14	2	13	1
2318	16	2	16	0
2319	14	2	14	0
2320	16	2	16	0
2321	16	2	16	0
2322	14	2	14	0
2323	16	2	15	1
2324	16	2	14	2
2325	16	2	0	16
2326	16	2	0	16
2327	16	2	16	0
2328	16	2	16	0
2329	14	2	14	0
2330	16	2	16	0
2331	16	2	16	0
2332	16	2	16	0
2333	12	2	12	0
2334	16	2	16	0
2335	16	2	6	10
2336	12	2	12	0
2337	16	2	16	0
2338	14	2	14	0
2339	16	2	16	0
2340	16	2	9	7
2341	12	2	12	0
2342	14	2	0	14
2343	16	2	16	0
2344	16	2	13	3
2345	16	2	8	8
2346	16	2	16	0
2347	16	2	16	0
2348	14	2	14	0
2349	16	2	15	1
2350	16	2	14	2
2351	14	2	14	0
2352	14	2	14	0
2353	16	2	16	0
2354	16	2	16	0
2355	14	2	0	14
2356	16	2	8	8
2357	14	2	0	14
2358	14	2	14	0
2359	14	2	14	0
2360	14	2	14	0
2361	16	2	0	16
2362	14	2	0	14
2363	14	2	14	0
2364	14	2	14	0
2365	16	2	16	0
2366	16	2	8	8
2367	16	2	15	1
2368	14	2	0	14
2369	16	2	8	8
2370	14	2	14	0
2371	16	2	8	8
2372	16	2	16	0
2373	12	2	0	12
2374	16	2	16	0
2375	14	2	14	0
2376	16	2	16	0
2377	16	2	14	2
2378	16	2	16	0
2379	16	2	16	0
2380	16	2	16	0
2381	14	2	9	5
2382	14	2	14	0
2383	14	2	14	0
2384	16	2	16	0
2385	16	2	8	8
2386	16	2	16	0
2387	12	2	11	1
2388	16	2	16	0
2389	16	2	16	0
2390	14	2	0	14
2391	14	2	14	0
2392	16	2	16	0
2393	16	2	8	8
2394	14	2	14	0
2395	14	2	14	0
2396	16	2	15	1
2397	16	2	6	10
2398	16	2	16	0
2399	16	2	16	0
2400	16	2	16	0
2401	14	2	0	14
2402	14	2	14	0
2403	16	2	15	1
2404	16	2	15	1
2405	16	2	8	8
2406	14	2	14	0
2407	16	2	7	9
2408	14	2	14	0
2409	16	2	16	0
2410	16	2	16	0
2411	14	2	14	0
2412	16	2	9	7
2413	14	2	14	0
2414	16	2	16	0
2415	14	2	6	8
2416	16	2	9	7
2417	16	2	8	8
2418	16	2	0	16
2419	16	2	9	7
2420	16	2	16	0
2421	14	2	14	0
2422	14	2	14	0
2423	16	2	16	0
2424	16	2	8	8
2425	16	2	16	0
2426	12	2	7	5
2427	16	2	16	0
2428	16	2	8	8
2429	16	2	8	8
2430	16	2	16	0
2431	16	2	10	6
2432	16	2	0	16
2433	16	2	8	8
2434	16	2	15	1
2435	14	2	0	14
2436	16	2	16	0
2437	16	2	16	0
2438	16	2	8	8
2439	14	2	10	4
2440	14	2	0	14
2441	16	2	16	0
2442	16	2	0	16
2443	14	2	7	7
2444	16	2	0	16
2445	16	2	0	16
2446	16	2	16	0
2447	16	2	10	6
2448	14	2	7	7
2449	16	2	8	8
2450	14	2	14	0
2451	14	2	12	2
2452	16	2	0	16
2453	16	2	16	0
2454	16	2	16	0
2455	14	2	7	7
2456	16	2	5	11
2457	16	2	0	16
2458	16	2	9	7
2459	16	2	16	0
2460	16	2	8	8
2461	16	2	16	0
2462	16	2	5	11
2463	16	2	16	0
2464	14	2	14	0
2465	16	2	15	1
2466	16	2	8	8
2467	16	2	0	16
2468	16	2	16	0
2469	16	2	16	0
