1	16	2	14	2
2	16	2	16	0
3	16	2	16	0
4	16	2	16	0
5	16	2	11	5
6	16	2	12	4
7	16	2	16	0
8	16	2	16	0
9	16	2	16	0
10	16	2	16	0
11	16	2	16	0
12	16	2	16	0
13	16	2	15	1
14	16	2	16	0
15	14	2	0	14
16	16	2	0	16
17	16	2	0	16
18	14	2	14	0
19	16	2	16	0
20	14	2	14	0
21	16	2	16	0
22	16	2	15	1
23	16	2	16	0
24	16	2	16	0
25	16	2	16	0
26	16	2	16	0
27	16	2	16	0
28	14	2	14	0
29	14	2	13	1
30	16	2	16	0
31	16	2	15	1
32	16	2	16	0
33	14	2	14	0
34	16	2	16	0
35	16	2	16	0
36	16	2	16	0
37	16	2	15	1
38	14	2	14	0
39	16	2	16	0
40	16	2	16	0
41	16	2	16	0
42	14	2	14	0
43	14	2	14	0
44	12	2	12	0
45	14	2	14	0
46	16	2	16	0
47	16	2	15	1
48	16	2	0	16
49	14	2	14	0
50	16	2	16	0
51	14	2	14	0
52	16	2	16	0
53	16	2	16	0
54	14	2	14	0
55	16	2	16	0
56	12	2	0	12
57	14	2	14	0
58	14	2	14	0
59	14	2	14	0
60	16	2	0	16
61	16	2	16	0
62	16	2	16	0
63	14	2	0	14
64	16	2	16	0
65	16	2	16	0
66	14	2	14	0
67	14	2	0	14
68	16	2	16	0
69	16	2	16	0
70	14	2	14	0
71	16	2	16	0
72	16	2	15	1
73	14	2	0	14
74	16	2	16	0
75	14	2	14	0
76	16	2	16	0
77	16	2	16	0
78	16	2	16	0
79	14	2	1	13
80	16	2	1	15
81	16	2	16	0
82	14	2	14	0
83	16	2	16	0
84	16	2	16	0
85	16	2	15	1
86	14	2	13	1
87	16	2	16	0
88	16	2	16	0
89	14	2	0	14
90	16	2	16	0
91	16	2	16	0
92	16	2	1	15
93	14	2	14	0
94	16	2	15	1
95	16	2	16	0
96	14	2	14	0
97	16	2	1	15
98	14	2	14	0
99	14	2	14	0
100	16	2	16	0
101	16	2	1	15
102	16	2	16	0
103	14	2	14	0
104	16	2	16	0
105	14	2	14	0
106	16	2	16	0
107	14	2	12	2
108	16	2	16	0
109	16	2	16	0
110	16	2	16	0
111	16	2	16	0
112	14	2	14	0
113	14	2	14	0
114	16	2	16	0
115	16	2	16	0
116	14	2	14	0
117	14	2	14	0
118	14	2	12	2
119	14	2	14	0
120	14	2	14	0
121	16	2	16	0
122	14	2	14	0
123	16	2	16	0
124	12	2	12	0
125	16	2	16	0
126	16	2	16	0
127	16	2	16	0
128	16	2	1	15
129	16	2	16	0
130	16	2	16	0
131	16	2	16	0
132	16	2	16	0
133	16	2	16	0
134	16	2	16	0
135	16	2	16	0
136	14	2	13	1
137	14	2	0	14
138	16	2	15	1
139	14	2	0	14
140	14	2	12	2
141	14	2	0	14
142	16	2	15	1
143	16	2	16	0
144	14	2	13	1
145	14	2	13	1
146	16	2	15	1
147	14	2	14	0
148	14	2	0	14
149	14	2	1	13
150	14	2	13	1
151	14	2	14	0
152	14	2	14	0
153	16	2	0	16
154	16	2	15	1
155	14	2	14	0
156	16	2	10	6
157	16	2	15	1
158	12	2	12	0
159	14	2	14	0
160	16	2	16	0
161	14	2	0	14
162	16	2	16	0
163	16	2	15	1
164	16	2	16	0
165	16	2	16	0
166	16	2	16	0
167	14	2	0	14
168	16	2	16	0
169	16	2	13	3
170	16	2	16	0
171	14	2	14	0
172	16	2	16	0
173	14	2	14	0
174	16	2	16	0
175	14	2	14	0
176	14	2	0	14
177	16	2	16	0
178	14	2	13	1
179	16	2	14	2
180	16	2	16	0
181	14	2	14	0
182	14	2	14	0
183	14	2	13	1
184	14	2	14	0
185	16	2	16	0
186	14	2	13	1
187	16	2	15	1
188	14	2	13	1
189	14	2	13	1
190	14	2	14	0
191	16	2	16	0
192	14	2	11	3
193	14	2	13	1
194	16	2	16	0
195	14	2	14	0
196	16	2	0	16
197	16	2	16	0
198	12	2	12	0
199	16	2	16	0
200	14	2	0	14
201	16	2	16	0
202	16	2	16	0
203	16	2	0	16
204	14	2	14	0
205	16	2	13	3
206	16	2	16	0
207	14	2	1	13
208	14	2	0	14
209	14	2	14	0
210	16	2	16	0
211	16	2	16	0
212	16	2	16	0
213	16	2	16	0
214	16	2	16	0
215	14	2	0	14
216	16	2	0	16
217	14	2	14	0
218	16	2	15	1
219	14	2	0	14
220	16	2	0	16
221	16	2	15	1
222	14	2	14	0
223	16	2	15	1
224	16	2	15	1
225	16	2	0	16
226	16	2	0	16
227	14	2	14	0
228	16	2	15	1
229	16	2	16	0
230	14	2	13	1
231	16	2	16	0
232	16	2	16	0
233	14	2	14	0
234	16	2	16	0
235	14	2	7	7
236	14	2	14	0
237	16	2	15	1
238	14	2	14	0
239	16	2	16	0
240	14	2	14	0
241	16	2	16	0
242	16	2	0	16
243	14	2	14	0
244	16	2	16	0
245	16	2	16	0
246	16	2	16	0
247	16	2	16	0
248	14	2	14	0
249	14	2	14	0
250	16	2	16	0
251	16	2	16	0
252	14	2	12	2
253	14	2	14	0
254	16	2	0	16
255	16	2	16	0
256	16	2	16	0
257	16	2	16	0
258	14	2	14	0
259	16	2	8	8
260	14	2	13	1
261	16	2	16	0
262	16	2	16	0
263	16	2	0	16
264	16	2	16	0
265	14	2	14	0
266	14	2	14	0
267	14	2	14	0
268	16	2	16	0
269	16	2	16	0
270	14	2	14	0
271	16	2	16	0
272	16	2	16	0
273	16	2	16	0
274	16	2	15	1
275	16	2	16	0
276	16	2	0	16
277	14	2	0	14
278	16	2	7	9
279	16	2	0	16
280	14	2	0	14
281	16	2	16	0
282	16	2	16	0
283	16	2	13	3
284	16	2	16	0
285	16	2	16	0
286	16	2	16	0
287	16	2	15	1
288	16	2	16	0
289	14	2	14	0
290	16	2	16	0
291	14	2	1	13
292	14	2	14	0
293	16	2	16	0
294	14	2	14	0
295	16	2	16	0
296	14	2	7	7
297	16	2	0	16
298	16	2	16	0
299	16	2	16	0
300	16	2	16	0
301	14	2	14	0
302	14	2	14	0
303	16	2	16	0
304	16	2	16	0
305	16	2	16	0
306	14	2	14	0
307	14	2	13	1
308	16	2	1	15
309	14	2	14	0
310	16	2	0	16
311	14	2	14	0
312	16	2	16	0
313	16	2	16	0
314	14	2	14	0
315	16	2	16	0
316	16	2	16	0
317	14	2	14	0
318	16	2	0	16
319	14	2	14	0
320	16	2	16	0
321	16	2	14	2
322	16	2	16	0
323	16	2	16	0
324	16	2	16	0
325	16	2	0	16
326	14	2	14	0
327	14	2	14	0
328	16	2	16	0
329	16	2	16	0
330	16	2	16	0
331	16	2	15	1
332	16	2	15	1
333	16	2	16	0
334	16	2	0	16
335	16	2	16	0
336	14	2	14	0
337	14	2	0	14
338	16	2	16	0
339	16	2	16	0
340	16	2	15	1
341	14	2	14	0
342	16	2	16	0
343	14	2	14	0
344	16	2	8	8
345	16	2	16	0
346	16	2	16	0
347	14	2	14	0
348	16	2	16	0
349	16	2	13	3
350	16	2	16	0
351	16	2	1	15
352	16	2	0	16
353	16	2	16	0
354	16	2	16	0
355	16	2	14	2
356	16	2	15	1
357	16	2	16	0
358	16	2	15	1
359	14	2	12	2
360	16	2	15	1
361	16	2	16	0
362	14	2	13	1
363	16	2	0	16
364	16	2	16	0
365	16	2	15	1
366	14	2	14	0
367	14	2	14	0
368	16	2	15	1
369	14	2	14	0
370	14	2	14	0
371	14	2	14	0
372	16	2	0	16
373	16	2	16	0
374	16	2	15	1
375	14	2	12	2
376	14	2	0	14
377	14	2	14	0
378	16	2	1	15
379	14	2	14	0
380	16	2	0	16
381	14	2	14	0
382	14	2	14	0
383	14	2	14	0
384	14	2	14	0
385	16	2	16	0
386	16	2	1	15
387	12	2	1	11
388	16	2	0	16
389	14	2	14	0
390	14	2	1	13
391	14	2	14	0
392	16	2	15	1
393	14	2	14	0
394	14	2	14	0
395	14	2	14	0
396	16	2	15	1
397	14	2	13	1
398	16	2	16	0
399	16	2	16	0
400	16	2	16	0
401	16	2	16	0
402	16	2	16	0
403	16	2	15	1
404	16	2	15	1
405	16	2	16	0
406	16	2	16	0
407	14	2	14	0
408	14	2	14	0
409	16	2	1	15
410	16	2	16	0
411	16	2	16	0
412	14	2	13	1
413	16	2	11	5
414	12	2	12	0
415	16	2	0	16
416	14	2	14	0
417	16	2	16	0
418	14	2	14	0
419	16	2	16	0
420	16	2	14	2
421	14	2	1	13
422	16	2	16	0
423	14	2	14	0
424	14	2	14	0
425	16	2	16	0
426	16	2	16	0
427	16	2	0	16
428	14	2	12	2
429	16	2	15	1
430	16	2	16	0
431	16	2	16	0
432	16	2	0	16
433	16	2	16	0
434	14	2	14	0
435	16	2	16	0
436	14	2	14	0
437	14	2	14	0
438	16	2	16	0
439	16	2	16	0
440	16	2	16	0
441	16	2	0	16
442	14	2	0	14
443	16	2	15	1
444	16	2	8	8
445	14	2	14	0
446	16	2	14	2
447	16	2	15	1
448	16	2	16	0
449	16	2	1	15
450	12	2	12	0
451	16	2	1	15
452	16	2	16	0
453	16	2	16	0
454	14	2	14	0
455	16	2	0	16
456	14	2	14	0
457	16	2	16	0
458	16	2	16	0
459	16	2	16	0
460	16	2	0	16
461	16	2	16	0
462	16	2	15	1
463	16	2	15	1
464	14	2	14	0
465	16	2	0	16
466	16	2	16	0
467	16	2	16	0
468	16	2	16	0
469	16	2	16	0
470	16	2	16	0
471	16	2	16	0
472	16	2	16	0
473	16	2	16	0
474	14	2	14	0
475	14	2	14	0
476	14	2	13	1
477	14	2	14	0
478	16	2	0	16
479	14	2	0	14
480	16	2	14	2
481	14	2	14	0
482	16	2	16	0
483	14	2	14	0
484	16	2	1	15
485	14	2	0	14
486	16	2	0	16
487	16	2	16	0
488	16	2	16	0
489	14	2	14	0
490	16	2	8	8
491	16	2	15	1
492	16	2	16	0
493	16	2	16	0
494	12	2	12	0
495	16	2	15	1
496	16	2	16	0
497	16	2	16	0
498	16	2	0	16
499	16	2	0	16
500	16	2	16	0
501	16	2	16	0
502	14	2	14	0
503	16	2	0	16
504	14	2	0	14
505	14	2	14	0
506	14	2	14	0
507	16	2	16	0
508	14	2	14	0
509	14	2	14	0
510	14	2	14	0
511	16	2	0	16
512	16	2	16	0
513	16	2	16	0
514	16	2	16	0
515	14	2	14	0
516	16	2	15	1
517	16	2	16	0
518	16	2	0	16
519	16	2	16	0
520	16	2	14	2
521	16	2	16	0
522	16	2	0	16
523	16	2	16	0
524	16	2	16	0
525	16	2	16	0
526	12	2	12	0
527	16	2	0	16
528	16	2	16	0
529	14	2	14	0
530	16	2	16	0
531	14	2	14	0
532	14	2	14	0
533	16	2	0	16
534	14	2	14	0
535	16	2	15	1
536	14	2	13	1
537	16	2	16	0
538	16	2	16	0
539	14	2	14	0
540	16	2	16	0
541	16	2	16	0
542	14	2	14	0
543	16	2	16	0
544	14	2	0	14
545	14	2	14	0
546	16	2	16	0
547	16	2	16	0
548	14	2	14	0
549	16	2	16	0
550	16	2	8	8
551	16	2	16	0
552	14	2	13	1
553	16	2	15	1
554	16	2	15	1
555	14	2	13	1
556	16	2	16	0
557	16	2	16	0
558	16	2	15	1
559	14	2	14	0
560	14	2	14	0
561	14	2	0	14
562	16	2	15	1
563	16	2	0	16
564	16	2	15	1
565	12	2	2	10
566	14	2	13	1
567	14	2	13	1
568	14	2	1	13
569	16	2	15	1
570	12	2	12	0
571	16	2	16	0
572	16	2	16	0
573	14	2	0	14
574	16	2	16	0
575	14	2	14	0
576	14	2	14	0
577	14	2	14	0
578	14	2	10	4
579	16	2	15	1
580	16	2	16	0
581	14	2	14	0
582	14	2	14	0
583	16	2	16	0
584	14	2	14	0
585	14	2	14	0
586	16	2	16	0
587	16	2	16	0
588	16	2	16	0
589	14	2	14	0
590	16	2	16	0
591	14	2	14	0
592	14	2	13	1
593	16	2	0	16
594	16	2	16	0
595	16	2	16	0
596	16	2	16	0
597	16	2	16	0
598	16	2	16	0
599	14	2	14	0
600	14	2	12	2
601	16	2	12	4
602	16	2	16	0
603	16	2	15	1
604	14	2	14	0
605	16	2	14	2
606	14	2	0	14
607	14	2	14	0
608	14	2	14	0
609	14	2	14	0
610	16	2	16	0
611	14	2	0	14
612	14	2	14	0
613	14	2	14	0
614	16	2	0	16
615	12	2	12	0
616	14	2	14	0
617	16	2	16	0
618	14	2	13	1
619	14	2	0	14
620	14	2	13	1
621	14	2	14	0
622	14	2	14	0
623	14	2	14	0
624	16	2	16	0
625	14	2	14	0
626	14	2	14	0
627	16	2	16	0
628	14	2	13	1
629	14	2	13	1
630	16	2	16	0
631	14	2	14	0
632	14	2	14	0
633	16	2	16	0
634	14	2	14	0
635	14	2	14	0
636	16	2	16	0
637	16	2	0	16
638	14	2	14	0
639	16	2	15	1
640	14	2	14	0
641	16	2	15	1
642	16	2	15	1
643	14	2	0	14
644	16	2	0	16
645	16	2	15	1
646	16	2	16	0
647	16	2	16	0
648	16	2	16	0
649	14	2	14	0
650	16	2	16	0
651	16	2	14	2
652	16	2	16	0
653	16	2	16	0
654	14	2	0	14
655	14	2	14	0
656	16	2	0	16
657	14	2	14	0
658	16	2	16	0
659	16	2	15	1
660	16	2	16	0
661	16	2	15	1
662	16	2	16	0
663	16	2	16	0
664	14	2	14	0
665	16	2	16	0
666	16	2	16	0
667	16	2	16	0
668	14	2	14	0
669	14	2	14	0
670	14	2	13	1
671	16	2	15	1
672	16	2	16	0
673	16	2	16	0
674	16	2	15	1
675	16	2	15	1
676	16	2	16	0
677	16	2	16	0
678	14	2	14	0
679	16	2	16	0
680	16	2	0	16
681	12	2	11	1
682	14	2	14	0
683	16	2	16	0
684	16	2	16	0
685	16	2	16	0
686	16	2	16	0
687	16	2	13	3
688	14	2	14	0
689	14	2	14	0
690	16	2	16	0
691	14	2	12	2
692	14	2	14	0
693	14	2	13	1
694	16	2	15	1
695	16	2	16	0
696	16	2	16	0
697	16	2	16	0
698	14	2	14	0
699	14	2	13	1
700	14	2	14	0
701	16	2	16	0
702	14	2	14	0
703	16	2	16	0
704	14	2	14	0
705	14	2	0	14
706	16	2	16	0
707	16	2	15	1
708	16	2	16	0
709	14	2	14	0
710	16	2	0	16
711	14	2	0	14
712	16	2	16	0
713	16	2	0	16
714	14	2	14	0
715	14	2	14	0
716	16	2	16	0
717	16	2	16	0
718	16	2	15	1
719	16	2	16	0
720	14	2	14	0
721	14	2	14	0
722	16	2	15	1
723	16	2	16	0
724	16	2	15	1
725	16	2	16	0
726	16	2	16	0
727	16	2	14	2
728	14	2	0	14
729	16	2	0	16
730	16	2	16	0
731	14	2	14	0
732	16	2	16	0
733	14	2	14	0
734	16	2	11	5
735	16	2	15	1
736	16	2	16	0
737	14	2	0	14
738	16	2	0	16
739	14	2	14	0
740	16	2	16	0
741	16	2	15	1
742	16	2	16	0
743	14	2	13	1
744	14	2	14	0
745	16	2	12	4
746	16	2	15	1
747	14	2	0	14
748	16	2	16	0
749	16	2	16	0
750	16	2	16	0
751	16	2	12	4
752	14	2	14	0
753	16	2	16	0
754	16	2	16	0
755	16	2	16	0
756	14	2	14	0
757	16	2	15	1
758	16	2	16	0
759	14	2	14	0
760	16	2	16	0
761	16	2	16	0
762	16	2	15	1
763	16	2	16	0
764	16	2	0	16
765	14	2	14	0
766	16	2	16	0
767	16	2	15	1
768	16	2	14	2
769	16	2	15	1
770	14	2	14	0
771	16	2	16	0
772	14	2	14	0
773	14	2	1	13
774	16	2	15	1
775	14	2	14	0
776	16	2	0	16
777	16	2	15	1
778	14	2	14	0
779	16	2	16	0
780	14	2	14	0
781	14	2	14	0
782	14	2	14	0
783	16	2	16	0
784	16	2	16	0
785	16	2	16	0
786	16	2	16	0
787	14	2	14	0
788	14	2	14	0
789	14	2	14	0
790	14	2	14	0
791	16	2	16	0
792	14	2	14	0
793	16	2	0	16
794	16	2	16	0
795	16	2	16	0
796	16	2	16	0
797	16	2	16	0
798	16	2	16	0
799	14	2	13	1
800	14	2	14	0
801	16	2	1	15
802	14	2	14	0
803	16	2	15	1
804	14	2	13	1
805	16	2	16	0
806	16	2	16	0
807	14	2	14	0
808	16	2	15	1
809	14	2	14	0
810	14	2	14	0
811	14	2	14	0
812	14	2	13	1
813	16	2	16	0
814	14	2	14	0
815	16	2	15	1
816	16	2	16	0
817	16	2	0	16
818	14	2	14	0
819	16	2	16	0
820	16	2	15	1
821	16	2	0	16
822	16	2	15	1
823	16	2	16	0
824	14	2	0	14
825	14	2	14	0
826	14	2	13	1
827	14	2	13	1
828	14	2	14	0
829	16	2	16	0
830	14	2	14	0
831	16	2	13	3
832	14	2	14	0
833	16	2	0	16
834	16	2	16	0
835	14	2	14	0
836	14	2	14	0
837	16	2	0	16
838	14	2	13	1
839	16	2	16	0
840	12	2	12	0
841	14	2	14	0
842	16	2	15	1
843	14	2	14	0
844	16	2	0	16
845	16	2	16	0
846	14	2	14	0
847	16	2	16	0
848	14	2	14	0
849	16	2	16	0
850	16	2	16	0
851	16	2	16	0
852	16	2	14	2
853	16	2	16	0
854	16	2	16	0
855	16	2	16	0
856	16	2	16	0
857	14	2	0	14
858	16	2	8	8
859	16	2	16	0
860	14	2	14	0
861	16	2	16	0
862	16	2	15	1
863	14	2	13	1
864	14	2	13	1
865	12	2	11	1
866	14	2	14	0
867	14	2	0	14
868	14	2	0	14
869	14	2	14	0
870	16	2	0	16
871	16	2	16	0
872	14	2	14	0
873	16	2	15	1
874	16	2	16	0
875	16	2	0	16
876	16	2	0	16
877	14	2	14	0
878	16	2	16	0
879	16	2	0	16
880	16	2	1	15
881	16	2	16	0
882	16	2	16	0
883	14	2	14	0
884	14	2	14	0
885	16	2	16	0
886	12	2	12	0
887	16	2	15	1
888	16	2	16	0
889	16	2	16	0
890	16	2	0	16
891	16	2	1	15
892	16	2	15	1
893	16	2	0	16
894	14	2	14	0
895	16	2	0	16
896	14	2	14	0
897	14	2	14	0
898	16	2	16	0
899	16	2	0	16
900	14	2	14	0
901	16	2	16	0
902	16	2	16	0
903	14	2	14	0
904	14	2	14	0
905	16	2	16	0
906	16	2	9	7
907	14	2	14	0
908	14	2	14	0
909	16	2	16	0
910	16	2	16	0
911	16	2	16	0
912	16	2	16	0
913	16	2	16	0
914	16	2	14	2
915	14	2	14	0
916	16	2	15	1
917	16	2	16	0
918	16	2	16	0
919	16	2	16	0
920	16	2	15	1
921	14	2	14	0
922	16	2	15	1
923	16	2	16	0
924	14	2	14	0
925	14	2	14	0
926	16	2	16	0
927	14	2	14	0
928	14	2	14	0
929	16	2	16	0
930	16	2	16	0
931	14	2	14	0
932	16	2	0	16
933	14	2	14	0
934	14	2	14	0
935	16	2	16	0
936	14	2	0	14
937	16	2	16	0
938	14	2	0	14
939	16	2	16	0
940	16	2	16	0
941	14	2	14	0
942	14	2	0	14
943	16	2	15	1
944	14	2	14	0
945	16	2	15	1
946	16	2	16	0
947	14	2	14	0
948	16	2	16	0
949	12	2	1	11
950	14	2	0	14
951	16	2	0	16
952	16	2	16	0
953	16	2	16	0
954	14	2	14	0
955	16	2	16	0
956	14	2	14	0
957	16	2	15	1
958	16	2	15	1
959	16	2	16	0
960	14	2	0	14
961	16	2	16	0
962	16	2	15	1
963	14	2	14	0
964	16	2	0	16
965	14	2	0	14
966	14	2	14	0
967	14	2	14	0
968	14	2	14	0
969	14	2	14	0
970	16	2	16	0
971	16	2	13	3
972	16	2	16	0
973	16	2	15	1
974	14	2	14	0
975	14	2	14	0
976	16	2	15	1
977	14	2	14	0
978	16	2	0	16
979	16	2	16	0
980	16	2	15	1
981	16	2	0	16
982	14	2	14	0
983	16	2	16	0
984	16	2	16	0
985	16	2	8	8
986	16	2	16	0
987	14	2	14	0
988	16	2	16	0
989	16	2	16	0
990	14	2	14	0
991	14	2	0	14
992	14	2	13	1
993	16	2	1	15
994	14	2	0	14
995	12	2	12	0
996	16	2	16	0
997	14	2	14	0
998	16	2	0	16
999	16	2	0	16
1000	16	2	0	16
1001	14	2	14	0
1002	14	2	14	0
1003	14	2	14	0
1004	16	2	16	0
1005	14	2	14	0
1006	14	2	14	0
1007	16	2	16	0
1008	16	2	16	0
1009	16	2	16	0
1010	16	2	0	16
1011	16	2	16	0
1012	14	2	14	0
1013	16	2	16	0
1014	12	2	11	1
1015	16	2	16	0
1016	16	2	0	16
1017	14	2	14	0
1018	14	2	13	1
1019	16	2	0	16
1020	16	2	16	0
1021	14	2	13	1
1022	16	2	16	0
1023	16	2	15	1
1024	16	2	16	0
1025	14	2	14	0
1026	16	2	13	3
1027	16	2	8	8
1028	16	2	0	16
1029	14	2	14	0
1030	14	2	14	0
1031	14	2	13	1
1032	14	2	14	0
1033	16	2	16	0
1034	12	2	12	0
1035	16	2	16	0
1036	16	2	2	14
1037	16	2	16	0
1038	14	2	14	0
1039	14	2	14	0
1040	16	2	16	0
1041	16	2	16	0
1042	16	2	8	8
1043	16	2	16	0
1044	16	2	16	0
1045	16	2	16	0
1046	14	2	13	1
1047	16	2	16	0
1048	14	2	14	0
1049	14	2	14	0
1050	14	2	14	0
1051	14	2	11	3
1052	16	2	16	0
1053	14	2	14	0
1054	14	2	0	14
1055	16	2	16	0
1056	16	2	16	0
1057	14	2	14	0
1058	16	2	1	15
1059	16	2	16	0
1060	16	2	16	0
1061	14	2	14	0
1062	14	2	7	7
1063	16	2	16	0
1064	14	2	13	1
1065	16	2	16	0
1066	14	2	13	1
1067	14	2	2	12
1068	16	2	16	0
1069	14	2	13	1
1070	16	2	16	0
1071	16	2	16	0
1072	14	2	14	0
1073	16	2	0	16
1074	16	2	16	0
1075	16	2	16	0
1076	16	2	2	14
1077	16	2	14	2
1078	16	2	16	0
1079	16	2	2	14
1080	16	2	16	0
1081	14	2	14	0
1082	16	2	14	2
1083	12	2	11	1
1084	14	2	14	0
1085	14	2	14	0
1086	16	2	16	0
1087	16	2	15	1
1088	14	2	14	0
1089	14	2	1	13
1090	14	2	14	0
1091	16	2	16	0
1092	16	2	16	0
1093	14	2	13	1
1094	14	2	14	0
1095	16	2	16	0
1096	14	2	13	1
1097	16	2	15	1
1098	16	2	16	0
1099	16	2	11	5
1100	16	2	1	15
1101	16	2	16	0
1102	16	2	15	1
1103	16	2	7	9
1104	16	2	16	0
1105	16	2	16	0
1106	14	2	14	0
1107	16	2	16	0
1108	16	2	16	0
1109	14	2	0	14
1110	16	2	16	0
1111	16	2	15	1
1112	14	2	14	0
1113	16	2	0	16
1114	14	2	14	0
1115	16	2	8	8
1116	16	2	16	0
1117	16	2	16	0
1118	16	2	0	16
1119	16	2	8	8
1120	14	2	14	0
1121	16	2	16	0
1122	14	2	14	0
1123	14	2	14	0
1124	16	2	16	0
1125	16	2	15	1
1126	16	2	16	0
1127	14	2	14	0
1128	14	2	14	0
1129	16	2	16	0
1130	16	2	16	0
1131	16	2	16	0
1132	16	2	15	1
1133	16	2	16	0
1134	16	2	16	0
1135	16	2	16	0
1136	14	2	14	0
1137	14	2	12	2
1138	16	2	0	16
1139	16	2	16	0
1140	14	2	12	2
1141	16	2	16	0
1142	16	2	16	0
1143	16	2	16	0
1144	16	2	16	0
1145	16	2	16	0
1146	16	2	16	0
1147	16	2	0	16
1148	14	2	14	0
1149	14	2	14	0
1150	14	2	0	14
1151	16	2	15	1
1152	16	2	16	0
1153	14	2	14	0
1154	16	2	16	0
1155	14	2	14	0
1156	14	2	14	0
1157	16	2	16	0
1158	16	2	16	0
1159	14	2	14	0
1160	16	2	16	0
1161	14	2	14	0
1162	16	2	16	0
1163	14	2	13	1
1164	16	2	15	1
1165	16	2	16	0
1166	14	2	0	14
1167	14	2	13	1
1168	16	2	16	0
1169	16	2	0	16
1170	14	2	14	0
1171	14	2	0	14
1172	14	2	14	0
1173	16	2	0	16
1174	16	2	16	0
1175	16	2	16	0
1176	16	2	16	0
1177	16	2	16	0
1178	14	2	14	0
1179	16	2	16	0
1180	16	2	1	15
1181	16	2	16	0
1182	14	2	0	14
1183	16	2	8	8
1184	14	2	14	0
1185	16	2	0	16
1186	14	2	14	0
1187	16	2	16	0
1188	16	2	15	1
1189	14	2	14	0
1190	14	2	0	14
1191	14	2	14	0
1192	16	2	16	0
1193	14	2	13	1
1194	16	2	15	1
1195	14	2	13	1
1196	14	2	14	0
1197	14	2	14	0
1198	14	2	14	0
1199	16	2	16	0
1200	14	2	14	0
1201	16	2	16	0
1202	14	2	14	0
1203	16	2	15	1
1204	16	2	0	16
1205	14	2	14	0
1206	16	2	14	2
1207	16	2	16	0
1208	14	2	14	0
1209	14	2	14	0
1210	14	2	14	0
1211	16	2	16	0
1212	14	2	0	14
1213	16	2	16	0
1214	16	2	16	0
1215	16	2	16	0
1216	16	2	16	0
1217	14	2	14	0
1218	14	2	14	0
1219	16	2	16	0
1220	16	2	16	0
1221	16	2	15	1
1222	14	2	11	3
1223	16	2	16	0
1224	16	2	15	1
1225	14	2	13	1
1226	16	2	16	0
1227	16	2	0	16
1228	16	2	16	0
1229	16	2	16	0
1230	14	2	0	14
1231	14	2	14	0
1232	14	2	14	0
1233	16	2	0	16
1234	16	2	16	0
1235	16	2	16	0
1236	16	2	15	1
1237	12	2	12	0
1238	16	2	16	0
1239	16	2	8	8
1240	14	2	14	0
1241	16	2	0	16
1242	14	2	0	14
1243	16	2	16	0
1244	14	2	13	1
1245	14	2	14	0
1246	16	2	16	0
1247	14	2	14	0
1248	16	2	16	0
1249	14	2	0	14
1250	16	2	0	16
1251	16	2	0	16
1252	14	2	14	0
1253	16	2	0	16
1254	16	2	2	14
1255	16	2	16	0
1256	16	2	16	0
1257	16	2	15	1
1258	16	2	16	0
1259	16	2	15	1
1260	16	2	15	1
1261	16	2	16	0
1262	14	2	14	0
1263	14	2	13	1
1264	14	2	0	14
1265	16	2	16	0
1266	16	2	16	0
1267	16	2	16	0
1268	16	2	16	0
1269	16	2	16	0
1270	16	2	16	0
1271	14	2	1	13
1272	16	2	0	16
1273	16	2	14	2
1274	16	2	16	0
1275	16	2	16	0
1276	14	2	14	0
1277	16	2	15	1
1278	14	2	14	0
1279	14	2	14	0
1280	16	2	8	8
1281	16	2	16	0
1282	14	2	0	14
1283	14	2	14	0
1284	14	2	14	0
1285	16	2	16	0
1286	14	2	14	0
1287	14	2	0	14
1288	16	2	16	0
1289	16	2	15	1
1290	16	2	16	0
1291	16	2	16	0
1292	14	2	14	0
1293	14	2	14	0
1294	16	2	16	0
1295	14	2	13	1
1296	16	2	16	0
1297	14	2	14	0
1298	14	2	1	13
1299	14	2	14	0
1300	16	2	16	0
1301	16	2	16	0
1302	16	2	16	0
1303	16	2	16	0
1304	16	2	16	0
1305	14	2	14	0
1306	14	2	13	1
1307	16	2	16	0
1308	16	2	13	3
1309	14	2	14	0
1310	14	2	11	3
1311	16	2	0	16
1312	16	2	15	1
1313	16	2	16	0
1314	16	2	16	0
1315	14	2	14	0
1316	16	2	16	0
1317	14	2	14	0
1318	16	2	15	1
1319	14	2	14	0
1320	16	2	0	16
1321	16	2	16	0
1322	16	2	9	7
1323	16	2	16	0
1324	16	2	16	0
1325	14	2	14	0
1326	16	2	10	6
1327	14	2	13	1
1328	14	2	14	0
1329	16	2	16	0
1330	14	2	14	0
1331	16	2	16	0
1332	14	2	14	0
1333	16	2	0	16
1334	14	2	14	0
1335	16	2	16	0
1336	14	2	14	0
1337	14	2	14	0
1338	16	2	16	0
1339	16	2	16	0
1340	16	2	0	16
1341	14	2	14	0
1342	14	2	14	0
1343	16	2	15	1
1344	16	2	0	16
1345	16	2	16	0
1346	14	2	14	0
1347	14	2	0	14
1348	16	2	16	0
1349	16	2	16	0
1350	14	2	14	0
1351	16	2	5	11
1352	14	2	14	0
1353	14	2	14	0
1354	16	2	16	0
1355	16	2	16	0
1356	16	2	8	8
1357	14	2	0	14
1358	16	2	16	0
1359	16	2	16	0
1360	16	2	16	0
1361	16	2	16	0
1362	14	2	14	0
1363	14	2	14	0
1364	14	2	13	1
1365	14	2	0	14
1366	16	2	8	8
1367	16	2	15	1
1368	14	2	14	0
1369	16	2	0	16
1370	14	2	14	0
1371	16	2	15	1
1372	16	2	15	1
1373	16	2	0	16
1374	14	2	14	0
1375	14	2	14	0
1376	16	2	16	0
1377	14	2	0	14
1378	16	2	16	0
1379	16	2	16	0
1380	16	2	15	1
1381	16	2	16	0
1382	16	2	16	0
1383	16	2	14	2
1384	16	2	16	0
1385	14	2	14	0
1386	16	2	16	0
1387	14	2	13	1
1388	14	2	14	0
1389	14	2	14	0
1390	14	2	0	14
1391	16	2	16	0
1392	16	2	16	0
1393	14	2	14	0
1394	14	2	14	0
1395	14	2	14	0
1396	14	2	14	0
1397	16	2	16	0
1398	14	2	14	0
1399	14	2	14	0
1400	16	2	16	0
1401	16	2	0	16
1402	14	2	14	0
1403	16	2	8	8
1404	14	2	14	0
1405	16	2	15	1
1406	16	2	16	0
1407	14	2	14	0
1408	14	2	14	0
1409	16	2	15	1
1410	16	2	0	16
1411	14	2	14	0
1412	16	2	16	0
1413	14	2	14	0
1414	16	2	15	1
1415	16	2	15	1
1416	16	2	9	7
1417	12	2	12	0
1418	14	2	14	0
1419	16	2	16	0
1420	14	2	14	0
1421	14	2	0	14
1422	16	2	16	0
1423	14	2	14	0
1424	14	2	14	0
1425	14	2	14	0
1426	14	2	0	14
1427	14	2	14	0
1428	16	2	10	6
1429	16	2	16	0
1430	14	2	14	0
1431	14	2	14	0
1432	16	2	16	0
1433	14	2	14	0
1434	14	2	13	1
1435	16	2	16	0
1436	16	2	16	0
1437	16	2	0	16
1438	14	2	0	14
1439	16	2	16	0
1440	14	2	0	14
1441	16	2	16	0
1442	14	2	14	0
1443	14	2	14	0
1444	16	2	0	16
1445	16	2	16	0
1446	14	2	13	1
1447	16	2	0	16
1448	16	2	0	16
1449	16	2	0	16
1450	14	2	14	0
1451	16	2	16	0
1452	14	2	0	14
1453	16	2	16	0
1454	16	2	0	16
1455	14	2	14	0
1456	16	2	16	0
1457	16	2	16	0
1458	14	2	0	14
1459	16	2	16	0
1460	16	2	16	0
1461	14	2	14	0
1462	14	2	14	0
1463	14	2	13	1
1464	14	2	13	1
1465	14	2	14	0
1466	14	2	14	0
1467	16	2	16	0
1468	16	2	15	1
1469	14	2	14	0
1470	16	2	16	0
1471	16	2	0	16
1472	16	2	16	0
1473	16	2	16	0
1474	16	2	1	15
1475	16	2	16	0
1476	14	2	14	0
1477	16	2	16	0
1478	14	2	13	1
1479	14	2	13	1
1480	16	2	16	0
1481	16	2	16	0
1482	14	2	14	0
1483	16	2	16	0
1484	16	2	15	1
1485	14	2	1	13
1486	16	2	15	1
1487	16	2	14	2
1488	16	2	16	0
1489	14	2	12	2
1490	16	2	16	0
1491	14	2	14	0
1492	14	2	14	0
1493	16	2	11	5
1494	16	2	16	0
1495	14	2	2	12
1496	14	2	14	0
1497	14	2	14	0
1498	16	2	0	16
1499	16	2	16	0
1500	16	2	16	0
1501	16	2	13	3
1502	14	2	14	0
1503	16	2	16	0
1504	16	2	16	0
1505	16	2	16	0
1506	16	2	16	0
1507	16	2	16	0
1508	16	2	15	1
1509	16	2	0	16
1510	14	2	14	0
1511	14	2	14	0
1512	16	2	0	16
1513	16	2	16	0
1514	16	2	16	0
1515	14	2	13	1
1516	14	2	11	3
1517	16	2	16	0
1518	16	2	16	0
1519	14	2	14	0
1520	16	2	16	0
1521	14	2	14	0
1522	16	2	15	1
1523	16	2	0	16
1524	16	2	14	2
1525	16	2	16	0
1526	16	2	1	15
1527	14	2	2	12
1528	14	2	14	0
1529	16	2	16	0
1530	16	2	16	0
1531	16	2	16	0
1532	16	2	0	16
1533	16	2	16	0
1534	16	2	15	1
1535	16	2	16	0
1536	16	2	16	0
1537	16	2	16	0
1538	14	2	14	0
1539	14	2	1	13
1540	16	2	16	0
1541	16	2	16	0
1542	14	2	0	14
1543	16	2	0	16
1544	16	2	16	0
1545	14	2	0	14
1546	16	2	16	0
1547	14	2	14	0
1548	14	2	14	0
1549	16	2	16	0
1550	16	2	16	0
1551	16	2	15	1
1552	16	2	16	0
1553	16	2	16	0
1554	16	2	15	1
1555	14	2	14	0
1556	16	2	0	16
1557	16	2	15	1
1558	16	2	0	16
1559	16	2	9	7
1560	16	2	16	0
1561	14	2	14	0
1562	16	2	16	0
1563	14	2	13	1
1564	14	2	14	0
1565	16	2	16	0
1566	14	2	14	0
1567	16	2	15	1
1568	14	2	14	0
1569	16	2	0	16
1570	16	2	8	8
1571	14	2	13	1
1572	16	2	16	0
1573	16	2	0	16
1574	14	2	14	0
1575	16	2	16	0
1576	14	2	14	0
1577	16	2	16	0
1578	16	2	16	0
1579	16	2	16	0
1580	16	2	16	0
1581	14	2	14	0
1582	14	2	0	14
1583	14	2	14	0
1584	14	2	14	0
1585	16	2	0	16
1586	14	2	13	1
1587	14	2	14	0
1588	14	2	14	0
1589	14	2	14	0
1590	16	2	0	16
1591	14	2	0	14
1592	16	2	16	0
1593	14	2	13	1
1594	14	2	0	14
1595	16	2	15	1
1596	16	2	16	0
1597	14	2	13	1
1598	16	2	16	0
1599	14	2	14	0
1600	12	2	12	0
1601	16	2	16	0
1602	16	2	16	0
1603	16	2	15	1
1604	14	2	14	0
1605	14	2	14	0
1606	16	2	15	1
1607	14	2	14	0
1608	14	2	13	1
1609	16	2	15	1
1610	16	2	16	0
1611	14	2	14	0
1612	16	2	10	6
1613	16	2	15	1
1614	16	2	16	0
1615	16	2	15	1
1616	16	2	16	0
1617	16	2	0	16
1618	14	2	14	0
1619	14	2	14	0
1620	16	2	16	0
1621	16	2	0	16
1622	16	2	16	0
1623	16	2	16	0
1624	16	2	0	16
1625	16	2	16	0
1626	14	2	14	0
1627	14	2	13	1
1628	14	2	14	0
1629	16	2	16	0
1630	16	2	16	0
1631	16	2	16	0
1632	14	2	12	2
1633	14	2	14	0
1634	16	2	8	8
1635	14	2	14	0
1636	14	2	14	0
1637	16	2	15	1
1638	14	2	14	0
1639	16	2	16	0
1640	14	2	14	0
1641	14	2	14	0
1642	16	2	16	0
1643	14	2	14	0
1644	14	2	14	0
1645	16	2	9	7
1646	14	2	14	0
1647	16	2	16	0
1648	16	2	15	1
1649	16	2	16	0
1650	14	2	14	0
1651	14	2	7	7
1652	14	2	14	0
1653	16	2	0	16
1654	16	2	16	0
1655	16	2	15	1
1656	14	2	14	0
1657	16	2	2	14
1658	14	2	14	0
1659	16	2	14	2
1660	14	2	14	0
1661	14	2	0	14
1662	16	2	16	0
1663	14	2	14	0
1664	16	2	15	1
1665	16	2	15	1
1666	16	2	1	15
1667	16	2	16	0
1668	16	2	16	0
1669	14	2	14	0
1670	16	2	16	0
1671	16	2	0	16
1672	16	2	16	0
1673	14	2	14	0
1674	14	2	0	14
1675	16	2	15	1
1676	16	2	11	5
1677	14	2	14	0
1678	16	2	15	1
1679	16	2	0	16
1680	16	2	0	16
1681	16	2	0	16
1682	14	2	14	0
1683	16	2	16	0
1684	16	2	16	0
1685	14	2	13	1
1686	16	2	16	0
1687	16	2	15	1
1688	14	2	0	14
1689	16	2	15	1
1690	16	2	16	0
1691	16	2	15	1
1692	16	2	16	0
1693	14	2	14	0
1694	16	2	15	1
1695	16	2	15	1
1696	14	2	13	1
1697	14	2	14	0
1698	16	2	16	0
1699	16	2	16	0
1700	14	2	14	0
1701	16	2	4	12
1702	16	2	10	6
1703	16	2	16	0
1704	16	2	16	0
1705	16	2	16	0
1706	16	2	16	0
1707	14	2	14	0
1708	16	2	0	16
1709	14	2	14	0
1710	14	2	14	0
1711	16	2	16	0
1712	14	2	14	0
1713	14	2	13	1
1714	16	2	16	0
1715	14	2	14	0
1716	14	2	14	0
1717	14	2	14	0
1718	16	2	16	0
1719	16	2	16	0
1720	14	2	0	14
1721	14	2	0	14
1722	16	2	16	0
1723	14	2	0	14
1724	14	2	14	0
1725	16	2	16	0
1726	16	2	16	0
1727	16	2	15	1
1728	14	2	13	1
1729	16	2	15	1
1730	16	2	16	0
1731	16	2	13	3
1732	16	2	14	2
1733	16	2	15	1
1734	16	2	16	0
1735	16	2	0	16
1736	16	2	15	1
1737	16	2	16	0
1738	16	2	16	0
1739	16	2	16	0
1740	16	2	16	0
1741	14	2	14	0
1742	16	2	16	0
1743	16	2	1	15
1744	14	2	14	0
1745	14	2	14	0
1746	16	2	16	0
1747	14	2	14	0
1748	14	2	14	0
1749	16	2	14	2
1750	14	2	14	0
1751	14	2	0	14
1752	16	2	15	1
1753	12	2	12	0
1754	14	2	12	2
1755	14	2	0	14
1756	16	2	8	8
1757	14	2	14	0
1758	16	2	15	1
1759	16	2	16	0
1760	16	2	15	1
1761	16	2	14	2
1762	16	2	15	1
1763	16	2	16	0
1764	16	2	0	16
1765	16	2	16	0
1766	16	2	15	1
1767	14	2	13	1
1768	16	2	16	0
1769	14	2	14	0
1770	14	2	14	0
1771	14	2	14	0
1772	12	2	6	6
1773	16	2	16	0
1774	16	2	15	1
1775	16	2	0	16
1776	16	2	16	0
1777	14	2	13	1
1778	16	2	15	1
1779	16	2	16	0
1780	14	2	13	1
1781	14	2	14	0
1782	14	2	14	0
1783	14	2	14	0
1784	14	2	14	0
1785	16	2	16	0
1786	16	2	16	0
1787	16	2	16	0
1788	16	2	0	16
1789	14	2	14	0
1790	14	2	0	14
1791	16	2	16	0
1792	16	2	16	0
1793	14	2	14	0
1794	16	2	14	2
1795	16	2	16	0
1796	16	2	16	0
1797	16	2	16	0
1798	16	2	16	0
1799	16	2	16	0
1800	16	2	8	8
1801	16	2	0	16
1802	14	2	14	0
1803	14	2	14	0
1804	14	2	13	1
1805	16	2	15	1
1806	16	2	16	0
1807	16	2	0	16
1808	14	2	14	0
1809	14	2	13	1
1810	16	2	1	15
1811	16	2	16	0
1812	16	2	16	0
1813	16	2	15	1
1814	16	2	16	0
1815	14	2	14	0
1816	12	2	12	0
1817	16	2	15	1
1818	14	2	14	0
1819	16	2	16	0
1820	16	2	15	1
1821	14	2	0	14
1822	16	2	16	0
1823	14	2	1	13
1824	16	2	16	0
1825	14	2	14	0
1826	14	2	14	0
1827	16	2	16	0
1828	16	2	16	0
1829	16	2	15	1
1830	16	2	0	16
1831	14	2	14	0
1832	16	2	16	0
1833	16	2	16	0
1834	16	2	16	0
1835	14	2	14	0
1836	16	2	16	0
1837	16	2	16	0
1838	14	2	0	14
1839	16	2	16	0
1840	14	2	14	0
1841	16	2	16	0
1842	14	2	14	0
1843	16	2	16	0
1844	16	2	16	0
1845	16	2	16	0
1846	16	2	16	0
1847	16	2	16	0
1848	14	2	14	0
1849	14	2	14	0
1850	16	2	8	8
1851	16	2	0	16
1852	16	2	16	0
1853	14	2	13	1
1854	14	2	14	0
1855	14	2	12	2
1856	14	2	14	0
1857	16	2	16	0
1858	16	2	16	0
1859	14	2	14	0
1860	14	2	0	14
1861	14	2	0	14
1862	14	2	13	1
1863	14	2	13	1
1864	16	2	16	0
1865	14	2	14	0
1866	16	2	16	0
1867	16	2	16	0
1868	16	2	16	0
1869	16	2	16	0
1870	16	2	16	0
1871	16	2	15	1
1872	14	2	14	0
1873	16	2	15	1
1874	16	2	15	1
1875	16	2	0	16
1876	14	2	14	0
1877	12	2	11	1
1878	16	2	0	16
1879	14	2	14	0
1880	14	2	14	0
1881	16	2	16	0
1882	14	2	14	0
1883	14	2	14	0
1884	14	2	14	0
1885	16	2	16	0
1886	14	2	0	14
1887	14	2	14	0
1888	16	2	16	0
1889	14	2	14	0
1890	16	2	16	0
1891	14	2	2	12
1892	16	2	16	0
1893	16	2	16	0
1894	16	2	16	0
1895	14	2	14	0
1896	14	2	14	0
1897	16	2	0	16
1898	16	2	16	0
1899	14	2	14	0
1900	16	2	16	0
1901	16	2	16	0
1902	16	2	16	0
1903	16	2	16	0
1904	16	2	16	0
1905	16	2	0	16
1906	14	2	14	0
1907	14	2	0	14
1908	12	2	12	0
1909	16	2	0	16
1910	16	2	15	1
1911	16	2	16	0
1912	16	2	15	1
1913	16	2	16	0
1914	16	2	13	3
1915	16	2	1	15
1916	16	2	16	0
1917	16	2	0	16
1918	16	2	12	4
1919	14	2	0	14
1920	14	2	14	0
1921	14	2	3	11
1922	16	2	16	0
1923	16	2	15	1
1924	16	2	16	0
1925	14	2	14	0
1926	16	2	16	0
1927	14	2	14	0
1928	14	2	14	0
1929	16	2	16	0
1930	14	2	0	14
1931	16	2	16	0
1932	16	2	16	0
1933	14	2	1	13
1934	14	2	14	0
1935	16	2	16	0
1936	16	2	15	1
1937	16	2	0	16
1938	16	2	0	16
1939	14	2	14	0
1940	16	2	15	1
1941	16	2	16	0
1942	14	2	14	0
1943	16	2	5	11
1944	16	2	16	0
1945	16	2	0	16
1946	16	2	16	0
1947	16	2	16	0
1948	14	2	14	0
1949	14	2	14	0
1950	16	2	14	2
1951	14	2	14	0
1952	14	2	14	0
1953	14	2	14	0
1954	16	2	16	0
1955	14	2	0	14
1956	14	2	14	0
1957	16	2	16	0
1958	16	2	16	0
1959	16	2	16	0
1960	16	2	0	16
1961	16	2	16	0
1962	16	2	16	0
1963	16	2	16	0
1964	14	2	14	0
1965	16	2	15	1
1966	14	2	13	1
1967	14	2	0	14
1968	14	2	14	0
1969	14	2	14	0
1970	14	2	14	0
1971	16	2	15	1
1972	14	2	14	0
1973	14	2	14	0
1974	14	2	14	0
1975	14	2	14	0
1976	16	2	7	9
1977	16	2	16	0
1978	16	2	16	0
1979	14	2	14	0
1980	16	2	0	16
1981	16	2	0	16
1982	16	2	0	16
1983	16	2	16	0
1984	14	2	14	0
1985	14	2	0	14
1986	14	2	14	0
1987	16	2	15	1
1988	16	2	16	0
1989	14	2	14	0
1990	14	2	0	14
1991	16	2	0	16
1992	16	2	0	16
1993	16	2	16	0
1994	16	2	16	0
1995	14	2	14	0
1996	16	2	16	0
1997	16	2	16	0
1998	14	2	2	12
1999	16	2	16	0
2000	14	2	14	0
2001	14	2	0	14
2002	16	2	14	2
2003	14	2	14	0
2004	16	2	0	16
2005	14	2	7	7
2006	14	2	13	1
2007	16	2	15	1
2008	16	2	16	0
2009	16	2	16	0
2010	16	2	15	1
2011	16	2	16	0
2012	16	2	15	1
2013	14	2	0	14
2014	16	2	16	0
2015	14	2	14	0
2016	14	2	14	0
2017	14	2	14	0
2018	16	2	16	0
2019	14	2	14	0
2020	16	2	15	1
2021	14	2	14	0
2022	14	2	0	14
2023	14	2	14	0
2024	16	2	8	8
2025	16	2	16	0
2026	16	2	0	16
2027	14	2	0	14
2028	16	2	16	0
2029	14	2	0	14
2030	16	2	16	0
2031	16	2	16	0
2032	16	2	16	0
2033	16	2	16	0
2034	14	2	0	14
2035	16	2	0	16
2036	16	2	16	0
2037	14	2	14	0
2038	14	2	14	0
2039	16	2	15	1
2040	16	2	16	0
2041	14	2	14	0
2042	16	2	0	16
2043	16	2	16	0
2044	16	2	15	1
2045	16	2	3	13
2046	14	2	0	14
2047	14	2	13	1
2048	16	2	14	2
2049	14	2	14	0
2050	16	2	15	1
2051	14	2	13	1
2052	16	2	15	1
2053	16	2	0	16
2054	16	2	16	0
2055	16	2	16	0
2056	14	2	14	0
2057	14	2	14	0
2058	16	2	0	16
2059	16	2	16	0
2060	14	2	0	14
2061	14	2	13	1
2062	16	2	16	0
2063	14	2	14	0
2064	16	2	15	1
2065	14	2	14	0
2066	12	2	11	1
2067	16	2	16	0
2068	14	2	14	0
2069	14	2	14	0
2070	16	2	16	0
2071	16	2	16	0
2072	16	2	16	0
2073	16	2	0	16
2074	16	2	16	0
2075	14	2	13	1
2076	16	2	16	0
2077	14	2	14	0
2078	16	2	8	8
2079	12	2	12	0
2080	16	2	16	0
2081	16	2	16	0
2082	14	2	14	0
2083	16	2	16	0
2084	14	2	14	0
2085	16	2	16	0
2086	14	2	14	0
2087	14	2	0	14
2088	16	2	16	0
2089	16	2	16	0
2090	14	2	14	0
2091	16	2	16	0
2092	16	2	16	0
2093	16	2	16	0
2094	16	2	8	8
2095	16	2	7	9
2096	16	2	15	1
2097	16	2	14	2
2098	14	2	14	0
2099	16	2	1	15
2100	16	2	16	0
2101	14	2	14	0
2102	14	2	0	14
2103	16	2	15	1
2104	16	2	16	0
2105	14	2	14	0
2106	16	2	16	0
2107	14	2	14	0
2108	16	2	0	16
2109	14	2	14	0
2110	14	2	12	2
2111	16	2	0	16
2112	16	2	16	0
2113	16	2	16	0
2114	16	2	16	0
2115	16	2	15	1
2116	14	2	14	0
2117	16	2	14	2
2118	16	2	16	0
2119	16	2	16	0
2120	16	2	16	0
2121	14	2	14	0
2122	16	2	0	16
2123	16	2	16	0
2124	16	2	0	16
2125	14	2	0	14
2126	16	2	16	0
2127	16	2	15	1
2128	16	2	16	0
2129	16	2	16	0
2130	14	2	14	0
2131	16	2	16	0
2132	14	2	14	0
2133	16	2	16	0
2134	14	2	14	0
2135	14	2	13	1
2136	14	2	14	0
2137	16	2	16	0
2138	16	2	16	0
2139	14	2	0	14
2140	16	2	16	0
2141	16	2	16	0
2142	16	2	16	0
2143	12	2	0	12
2144	14	2	0	14
2145	14	2	13	1
2146	16	2	16	0
2147	14	2	13	1
2148	16	2	0	16
2149	14	2	14	0
2150	16	2	16	0
2151	14	2	0	14
2152	16	2	16	0
2153	14	2	13	1
2154	16	2	16	0
2155	14	2	14	0
2156	16	2	16	0
2157	16	2	16	0
2158	14	2	14	0
2159	14	2	0	14
2160	16	2	16	0
2161	14	2	14	0
2162	16	2	16	0
2163	14	2	14	0
2164	16	2	0	16
2165	10	2	10	0
2166	16	2	16	0
2167	14	2	14	0
2168	16	2	16	0
2169	16	2	16	0
2170	14	2	14	0
2171	16	2	15	1
2172	14	2	14	0
2173	16	2	16	0
2174	16	2	15	1
2175	16	2	16	0
2176	14	2	14	0
2177	16	2	15	1
2178	16	2	16	0
2179	16	2	15	1
2180	16	2	0	16
2181	14	2	0	14
2182	16	2	16	0
2183	14	2	14	0
2184	16	2	16	0
2185	14	2	14	0
2186	14	2	14	0
2187	16	2	16	0
2188	16	2	1	15
2189	14	2	14	0
2190	16	2	15	1
2191	16	2	16	0
2192	14	2	14	0
2193	14	2	0	14
2194	16	2	16	0
2195	14	2	14	0
2196	14	2	14	0
2197	14	2	14	0
2198	16	2	16	0
2199	16	2	16	0
2200	16	2	16	0
2201	16	2	15	1
2202	14	2	14	0
2203	16	2	0	16
2204	14	2	0	14
2205	16	2	8	8
2206	16	2	8	8
2207	16	2	15	1
2208	16	2	16	0
2209	16	2	16	0
2210	14	2	14	0
2211	16	2	16	0
2212	16	2	1	15
2213	16	2	16	0
2214	16	2	0	16
2215	16	2	16	0
2216	16	2	0	16
2217	16	2	0	16
2218	16	2	16	0
2219	16	2	0	16
2220	16	2	16	0
2221	16	2	16	0
2222	16	2	16	0
2223	16	2	16	0
2224	14	2	8	6
2225	16	2	0	16
2226	14	2	0	14
2227	16	2	15	1
2228	14	2	0	14
2229	16	2	16	0
2230	16	2	0	16
2231	14	2	0	14
2232	14	2	1	13
2233	16	2	0	16
2234	14	2	14	0
2235	14	2	0	14
2236	16	2	15	1
2237	14	2	14	0
2238	16	2	16	0
2239	16	2	16	0
2240	16	2	16	0
2241	16	2	16	0
2242	16	2	16	0
2243	14	2	13	1
2244	14	2	14	0
2245	16	2	16	0
2246	16	2	16	0
2247	16	2	1	15
2248	14	2	14	0
2249	14	2	14	0
2250	14	2	0	14
2251	16	2	15	1
2252	16	2	16	0
2253	12	2	0	12
2254	16	2	15	1
2255	16	2	0	16
2256	14	2	14	0
2257	16	2	16	0
2258	16	2	16	0
2259	16	2	16	0
2260	16	2	16	0
2261	16	2	15	1
2262	14	2	13	1
2263	14	2	13	1
2264	16	2	16	0
2265	14	2	14	0
2266	16	2	8	8
2267	16	2	16	0
2268	14	2	14	0
2269	14	2	0	14
2270	16	2	16	0
2271	14	2	14	0
2272	14	2	11	3
2273	14	2	13	1
2274	14	2	13	1
2275	14	2	14	0
2276	16	2	10	6
2277	16	2	0	16
2278	16	2	16	0
2279	16	2	16	0
2280	14	2	14	0
2281	14	2	0	14
2282	16	2	0	16
2283	14	2	14	0
2284	14	2	13	1
2285	16	2	16	0
2286	16	2	16	0
2287	14	2	14	0
2288	16	2	16	0
2289	16	2	16	0
2290	16	2	16	0
2291	16	2	16	0
2292	16	2	16	0
2293	14	2	14	0
2294	16	2	16	0
2295	16	2	16	0
2296	14	2	14	0
2297	16	2	0	16
2298	16	2	16	0
2299	16	2	9	7
2300	16	2	16	0
2301	16	2	16	0
2302	16	2	16	0
2303	14	2	14	0
2304	16	2	8	8
2305	16	2	8	8
2306	14	2	14	0
2307	16	2	0	16
2308	16	2	16	0
2309	16	2	16	0
2310	16	2	15	1
2311	16	2	14	2
2312	16	2	16	0
2313	16	2	16	0
2314	14	2	14	0
2315	16	2	16	0
2316	16	2	16	0
2317	14	2	13	1
2318	16	2	16	0
2319	14	2	14	0
2320	16	2	16	0
2321	16	2	16	0
2322	14	2	14	0
2323	16	2	15	1
2324	16	2	14	2
2325	16	2	0	16
2326	16	2	0	16
2327	16	2	16	0
2328	16	2	16	0
2329	14	2	14	0
2330	16	2	16	0
2331	16	2	16	0
2332	16	2	16	0
2333	12	2	12	0
2334	16	2	16	0
2335	16	2	6	10
2336	12	2	12	0
2337	16	2	16	0
2338	14	2	14	0
2339	16	2	16	0
2340	16	2	9	7
2341	12	2	12	0
2342	14	2	0	14
2343	16	2	16	0
2344	16	2	13	3
2345	16	2	8	8
2346	16	2	16	0
2347	16	2	16	0
2348	14	2	14	0
2349	16	2	15	1
2350	16	2	14	2
2351	14	2	14	0
2352	14	2	14	0
2353	16	2	16	0
2354	16	2	16	0
2355	14	2	0	14
2356	16	2	8	8
2357	14	2	0	14
2358	14	2	14	0
2359	14	2	14	0
2360	14	2	14	0
2361	16	2	0	16
2362	14	2	0	14
2363	14	2	14	0
2364	14	2	14	0
2365	16	2	16	0
2366	16	2	8	8
2367	16	2	15	1
2368	14	2	0	14
2369	16	2	8	8
2370	14	2	14	0
2371	16	2	8	8
2372	16	2	16	0
2373	12	2	0	12
2374	16	2	16	0
2375	14	2	14	0
2376	16	2	16	0
2377	16	2	14	2
2378	16	2	16	0
2379	16	2	16	0
2380	16	2	16	0
2381	14	2	9	5
2382	14	2	14	0
2383	14	2	14	0
2384	16	2	16	0
2385	16	2	8	8
2386	16	2	16	0
2387	12	2	11	1
2388	16	2	16	0
2389	16	2	16	0
2390	14	2	0	14
2391	14	2	14	0
2392	16	2	16	0
2393	16	2	8	8
2394	14	2	14	0
2395	14	2	14	0
2396	16	2	15	1
2397	16	2	6	10
2398	16	2	16	0
2399	16	2	16	0
2400	16	2	16	0
2401	14	2	0	14
2402	14	2	14	0
2403	16	2	15	1
2404	16	2	15	1
2405	16	2	8	8
2406	14	2	14	0
2407	16	2	7	9
2408	14	2	14	0
2409	16	2	16	0
2410	16	2	16	0
2411	14	2	14	0
2412	16	2	9	7
2413	14	2	14	0
2414	16	2	16	0
2415	14	2	6	8
2416	16	2	9	7
2417	16	2	8	8
2418	16	2	0	16
2419	16	2	9	7
2420	16	2	16	0
2421	14	2	14	0
2422	14	2	14	0
2423	16	2	16	0
2424	16	2	8	8
2425	16	2	16	0
2426	12	2	7	5
2427	16	2	16	0
2428	16	2	8	8
2429	16	2	8	8
2430	16	2	16	0
2431	16	2	10	6
2432	16	2	0	16
2433	16	2	8	8
2434	16	2	15	1
2435	14	2	0	14
2436	16	2	16	0
2437	16	2	16	0
2438	16	2	8	8
2439	14	2	10	4
2440	14	2	0	14
2441	16	2	16	0
2442	16	2	0	16
2443	14	2	7	7
2444	16	2	0	16
2445	16	2	0	16
2446	16	2	16	0
2447	16	2	10	6
2448	14	2	7	7
2449	16	2	8	8
2450	14	2	14	0
2451	14	2	12	2
2452	16	2	0	16
2453	16	2	16	0
2454	16	2	16	0
2455	14	2	7	7
2456	16	2	5	11
2457	16	2	0	16
2458	16	2	9	7
2459	16	2	16	0
2460	16	2	8	8
2461	16	2	16	0
2462	16	2	5	11
2463	16	2	16	0
2464	14	2	14	0
2465	16	2	15	1
2466	16	2	8	8
2467	16	2	0	16
2468	16	2	16	0
2469	16	2	16	0
