NW_006803924.1	17429815	963	0.993769	0.00623053
NW_006803925.1	16010500	808	0.993812	0.00618812
NW_006803926.1	15122350	841	0.980975	0.019025
NW_006803927.1	14913330	805	0.990683	0.00931677
NW_006803928.1	13702985	686	1	0
NW_006803929.1	12956524	601	0.996672	0.00332779
NW_006803930.1	11971544	668	1	0
NW_006803935.1	11102409	453	0.984547	0.0154525
NW_006803931.1	11097759	621	0.987923	0.0120773
NW_006803932.1	10989404	634	1	0
NW_006803933.1	10948230	577	1	0
NW_006803937.1	10789300	516	1	0
NW_006803934.1	10562902	596	0.995805	0.00419463
NW_006803936.1	10558949	547	0.969835	0.0301645
NW_006803938.1	10322312	458	0.950873	0.0491266
NW_006803942.1	10305630	472	1	0
NW_006803939.1	10083227	536	1	0
NW_006803941.1	9862362	518	1	0
NW_006803940.1	9481570	554	0.972022	0.0279783
NW_006803945.1	9212618	406	0.988916	0.0110837
NW_006803943.1	9131536	471	0.973461	0.0265393
NW_006803944.1	9016915	454	1	0
NW_006803947.1	8999101	445	1	0
NW_006803949.1	8923204	385	0.963636	0.0363636
NW_006803950.1	8532063	462	1	0
NW_006803953.1	8517879	377	1	0
NW_006803951.1	8467515	446	0.982063	0.0179372
NW_006803952.1	8426713	60	1	0
NW_006803946.1	8387762	469	1	0
NW_006803948.1	8382565	500	1	0
NW_006803954.1	8129069	335	1	0
NW_006803960.1	7987419	345	0.956522	0.0434783
NW_006803955.1	7968758	387	0.984496	0.0155039
NW_006803958.1	7956577	390	1	0
NW_006803956.1	7734095	388	1	0
NW_006803957.1	7729394	388	1	0
NW_006803971.1	7433912	260	0.990385	0.00961538
NW_006803959.1	7429010	352	0.97017	0.0298295
NW_006803969.1	7231121	359	1	0
NW_006803977.1	7218056	266	1	0
NW_006803961.1	7159678	391	1	0
NW_006803966.1	7124368	355	1	0
NW_006803974.1	7059049	269	1	0
NW_006803970.1	7047778	334	1	0
NW_006803963.1	7040576	374	1	0
NW_006803962.1	7040410	421	1	0
NW_006803965.1	7019203	351	1	0
NW_006803964.1	6870668	395	1	0
NW_006803972.1	6824847	354	0.987288	0.0127119
NW_006803968.1	6757098	374	1	0
NW_006803973.1	6747110	339	1	0
NW_006803967.1	6735899	395	0.989873	0.0101266
NW_006803976.1	6642150	330	1	0
NW_006803980.1	6640810	274	0.983577	0.0164234
NW_006803975.1	6537636	279	1	0
NW_006803979.1	6513758	298	0.988255	0.011745
NW_006803988.1	6435606	55	0.909091	0.0909091
NW_006803981.1	6410400	266	1	0
NW_006803985.1	6363713	344	1	0
NW_006803982.1	6325068	291	1	0
NW_006803983.1	6281144	303	1	0
NW_006803986.1	6227545	317	0.981073	0.0189274
NW_006803994.1	6225493	242	1	0
NW_006803978.1	6218029	359	0.970752	0.0292479
NW_006804001.1	6201864	271	0.983395	0.0166052
NW_006803984.1	6168038	296	1	0
NW_006803987.1	5950936	307	1	0
NW_006804000.1	5933459	272	1	0
NW_006803998.1	5921455	283	1	0
NW_006803991.1	5866240	330	0.986364	0.0136364
NW_006804012.1	5828698	259	1	0
NW_006803992.1	5819575	269	1	0
NW_006803989.1	5771992	325	0.972308	0.0276923
NW_006803993.1	5737579	289	1	0
NW_006803999.1	5674860	307	1	0
NW_006803990.1	5657675	334	1	0
NW_006803995.1	5648626	299	0.976589	0.0234114
NW_006804009.1	5641997	298	0.978188	0.0218121
NW_006804005.1	5580821	329	1	0
NW_006803996.1	5578965	291	1	0
NW_006804003.1	5562966	294	1	0
NW_006804002.1	5517860	245	1	0
NW_006804006.1	5509936	287	1	0
NW_006804007.1	5482813	288	1	0
NW_006804025.1	5471478	197	1	0
NW_006804008.1	5444215	272	1	0
NW_006804004.1	5428602	271	1	0
NW_006804013.1	5404564	220	1	0
NW_006804015.1	5367877	315	0.98254	0.0174603
NW_006804024.1	5287603	266	1	0
NW_006804017.1	5279227	234	1	0
NW_006804039.1	5275028	223	1	0
NW_006804019.1	5274054	242	0.97314	0.0268595
NW_006804011.1	5170307	289	1	0
NW_006804016.1	5164150	297	0.969697	0.030303
NW_006804041.1	5146105	227	1	0
NW_006804022.1	5126920	230	0.980435	0.0195652
NW_006804010.1	5100269	278	1	0
NW_006804030.1	5094643	219	1	0
NW_006804020.1	5055325	256	0.966797	0.0332031
NW_006804018.1	5040847	249	1	0
NW_006804032.1	5028047	247	1	0
NW_006804044.1	4977944	222	1	0
NW_006804034.1	4966245	256	1	0
NW_006804026.1	4964831	242	1	0
NW_006804037.1	4937009	182	1	0
NW_006804031.1	4887329	235	0.970213	0.0297872
NW_006804021.1	4884892	287	1	0
NW_006804055.1	4873195	223	1	0
NW_006804068.1	4865127	177	1	0
NW_006804027.1	4853444	231	1	0
NW_006804038.1	4841617	240	1	0
NW_006804035.1	4827078	204	0.985294	0.0147059
NW_006804033.1	4795302	274	1	0
NW_006804028.1	4757838	245	1	0
NW_006804029.1	4740494	246	1	0
NW_006804040.1	4725648	249	1	0
NW_006804042.1	4714655	246	1	0
NW_006804050.1	4689754	206	0.927184	0.0728155
NW_006804036.1	4659551	236	1	0
NW_006804023.1	4655850	300	1	0
NW_006804054.1	4625766	207	0.985507	0.0144928
NW_006804060.1	4622734	269	0.996283	0.00371747
NW_006804046.1	4609931	256	1	0
NW_006804047.1	4579690	278	1	0
NW_006804045.1	4579337	224	1	0
NW_006804058.1	4574935	238	1	0
NW_006804067.1	4570646	182	1	0
NW_006804057.1	4568660	200	1	0
NW_006804069.1	4553495	222	1	0
NW_006804051.1	4520876	263	1	0
NW_006804049.1	4495082	255	1	0
NW_006804066.1	4494935	244	1	0
NW_006804043.1	4493349	225	1	0
NW_006804056.1	4474099	208	1	0
NW_006804085.1	4452468	150	0.986667	0.0133333
NW_006804065.1	4448310	223	1	0
NW_006804053.1	4430858	234	0.972222	0.0277778
NW_006804102.1	4411926	158	0.943038	0.056962
NW_006804061.1	4410206	231	1	0
NW_006804059.1	4389921	239	1	0
NW_006804064.1	4383229	248	1	0
NW_006804075.1	4334724	232	1	0
NW_006804071.1	4324897	208	1	0
NW_006804048.1	4315942	227	1	0
NW_006804078.1	4307415	199	1	0
NW_006804052.1	4282046	252	1	0
NW_006804080.1	4267478	193	1	0
NW_006804097.1	4196717	193	0.971503	0.0284974
NW_006804131.1	4173102	129	0.992248	0.00775194
NW_006804082.1	4163646	240	0.935417	0.0645833
NW_006804079.1	4155645	268	1	0
NW_006804083.1	4154498	239	1	0
NW_006804063.1	4147203	191	1	0
NW_006804073.1	4145987	236	1	0
NW_006804074.1	4132703	227	1	0
NW_006804084.1	4127105	217	0.970046	0.0299539
NW_006804089.1	4123509	203	1	0
NW_006804081.1	4112470	217	1	0
NW_006804115.1	4106614	140	1	0
NW_006804077.1	4102096	210	1	0
NW_006804103.1	4099472	157	1	0
NW_006804092.1	4097414	173	1	0
NW_006804076.1	4092782	193	1	0
NW_006804113.1	4090460	189	1	0
NW_006804108.1	4084084	200	1	0
NW_006804093.1	4056410	205	1	0
NW_006804105.1	4052667	204	1	0
NW_006804095.1	4048373	198	0.979798	0.020202
NW_006804096.1	4035765	243	1	0
NW_006804072.1	4002559	204	1	0
NW_006804109.1	3992674	182	1	0
NW_006804098.1	3970988	171	1	0
NW_006804087.1	3911846	216	0.962963	0.037037
NW_006804094.1	3891508	202	1	0
NW_006804070.1	3888690	226	1	0
NW_006804090.1	3867666	215	1	0
NW_006804086.1	3864798	192	1	0
NW_006804104.1	3862892	211	1	0
NW_006804101.1	3854897	202	1	0
NW_006804099.1	3846603	215	1	0
NW_006804091.1	3832394	240	1	0
NW_006804116.1	3825839	217	1	0
NW_006804120.1	3815976	203	1	0
NW_006804106.1	3811349	218	0.974771	0.0252294
NW_006804100.1	3806751	186	1	0
NW_006804129.1	3800751	182	1	0
NW_006804110.1	3796687	209	1	0
NW_006804128.1	3794563	152	1	0
NW_006804137.1	3787388	145	0.989655	0.0103448
NW_006804158.1	3778498	141	1	0
NW_006804122.1	3746410	209	1	0
NW_006804112.1	3744897	175	1	0
NW_006804088.1	3734931	216	1	0
NW_006804134.1	3728043	153	1	0
NW_006804125.1	3693519	183	1	0
NW_006804118.1	3676426	195	1	0
NW_006804119.1	3672755	193	1	0
NW_006804117.1	3652305	180	0.941667	0.0583333
NW_006804126.1	3645599	212	1	0
NW_006804111.1	3634003	205	1	0
NW_006804132.1	3628845	167	1	0
NW_006804141.1	3626303	142	1	0
NW_006804140.1	3604113	154	1	0
NW_006804163.1	3586785	141	1	0
NW_006804127.1	3582855	216	1	0
NW_006804107.1	3571822	172	1	0
NW_006804123.1	3549253	187	0.973262	0.026738
NW_006804124.1	3543476	199	1	0
NW_006804114.1	3542347	176	1	0
NW_006804138.1	3519579	182	0.997253	0.00274725
NW_006804143.1	3518986	183	1	0
NW_006804154.1	3515684	168	1	0
NW_006804139.1	3482710	176	1	0
NW_006804149.1	3478930	172	1	0
NW_006804146.1	3477811	171	0.935673	0.0643275
NW_006804136.1	3475749	183	1	0
NW_006804169.1	3467664	155	1	0
NW_006804164.1	3446605	164	0.95122	0.0487805
NW_006804133.1	3442183	165	1	0
NW_006804166.1	3439781	155	1	0
NW_006804171.1	3401873	183	1	0
NW_006804142.1	3396209	168	1	0
NW_006804151.1	3389995	179	1	0
NW_006804172.1	3388313	140	1	0
NW_006804168.1	3387797	145	1	0
NW_006804135.1	3344524	160	1	0
NW_006804190.1	3337377	171	1	0
NW_006804181.1	3321556	168	1	0
NW_006804152.1	3319147	179	1	0
NW_006804156.1	3316568	166	1	0
NW_006804207.1	3309238	121	1	0
NW_006804150.1	3306180	201	1	0
NW_006804145.1	3305530	186	1	0
NW_006804148.1	3304356	187	1	0
NW_006804130.1	3295478	178	1	0
NW_006804144.1	3288357	184	1	0
NW_006804159.1	3281934	194	1	0
NW_006804147.1	3271262	167	1	0
NW_006804161.1	3267260	176	1	0
NW_006804177.1	3264618	157	0.942675	0.0573248
NW_006804170.1	3261327	163	1	0
NW_006804174.1	3261265	120	1	0
NW_006804178.1	3259565	97	1	0
NW_006804214.1	3236689	179	1	0
NW_006804155.1	3226626	187	1	0
NW_006804192.1	3226106	141	1	0
NW_006804220.1	3208989	137	0.930657	0.0693431
NW_006804182.1	3186329	152	1	0
NW_006804153.1	3181650	195	1	0
NW_006804185.1	3178935	139	1	0
NW_006804175.1	3173816	190	0.981579	0.0184211
NW_006804160.1	3172597	171	0.865497	0.134503
NW_006804187.1	3171388	145	1	0
NW_006804180.1	3161904	134	1	0
NW_006804179.1	3161840	153	1	0
NW_006804215.1	3150544	132	1	0
NW_006804165.1	3142548	144	1	0
NW_006804191.1	3140844	116	1	0
NW_006804213.1	3137816	131	0.954198	0.0458015
NW_006804184.1	3133840	152	0.917763	0.0822368
NW_006804203.1	3132381	116	0.961207	0.0387931
NW_006804162.1	3128259	166	1	0
NW_006804201.1	3127307	132	1	0
NW_006804196.1	3065578	177	1	0
NW_006804183.1	3065335	129	1	0
NW_006804173.1	3058461	157	1	0
NW_006804176.1	3046469	178	0.985955	0.0140449
NW_006804208.1	3044022	167	0.958084	0.0419162
NW_006804197.1	3036830	197	1	0
NW_006804200.1	3029943	155	1	0
NW_006804186.1	3005731	171	1	0
NW_006804212.1	3005367	135	1	0
NW_006804218.1	2992542	143	0.954545	0.0454545
NW_006804194.1	2985492	149	1	0
NW_006804223.1	2976365	158	1	0
NW_006804195.1	2973536	174	1	0
NW_006804206.1	2971679	170	1	0
NW_006804189.1	2970403	145	0.948276	0.0517241
NW_006804193.1	2957070	162	1	0
NW_006804236.1	2947708	115	0.934783	0.0652174
NW_006804209.1	2937124	126	0.892857	0.107143
NW_006804230.1	2919515	108	1	0
NW_006804226.1	2910740	147	1	0
NW_006804238.1	2890720	117	1	0
NW_006804268.1	2876217	90	1	0
NW_006804219.1	2875553	134	1	0
NW_006804222.1	2859429	139	1	0
NW_006804210.1	2858093	101	1	0
NW_006804202.1	2854765	173	1	0
NW_006804233.1	2846714	130	1	0
NW_006804239.1	2843171	113	1	0
NW_006804221.1	2840559	158	1	0
NW_006804199.1	2836868	177	0.957627	0.0423729
NW_006804245.1	2833193	107	1	0
NW_006804229.1	2821960	124	1	0
NW_006804198.1	2815837	131	1	0
NW_006804235.1	2811732	125	0.964	0.036
NW_006804231.1	2802114	132	1	0
NW_006804204.1	2795342	144	1	0
NW_006804234.1	2783267	127	1	0
NW_006804265.1	2779349	140	1	0
NW_006804286.1	2766912	98	0.94898	0.0510204
NW_006804254.1	2757948	91	1	0
NW_006804217.1	2755950	152	1	0
NW_006804246.1	2751415	115	0.930435	0.0695652
NW_006804232.1	2730153	113	1	0
NW_006804228.1	2727943	141	1	0
NW_006804216.1	2716689	149	1	0
NW_006804263.1	2713550	135	1	0
NW_006804237.1	2712090	148	1	0
NW_006804244.1	2696603	119	1	0
NW_006804275.1	2675281	104	1	0
NW_006804258.1	2667251	115	1	0
NW_006804287.1	2647273	111	1	0
NW_006804243.1	2640592	128	0.886719	0.113281
NW_006804224.1	2640183	147	1	0
NW_006804259.1	2631845	116	0.978448	0.0215517
NW_006804278.1	2625232	158	1	0
NW_006804247.1	2624454	129	1	0
NW_006804280.1	2623652	112	1	0
NW_006804227.1	2616713	145	0.958621	0.0413793
NW_006804242.1	2615794	129	1	0
NW_006804250.1	2613624	129	1	0
NW_006804225.1	2607747	126	1	0
NW_006804274.1	2602372	117	1	0
NW_006804251.1	2595276	134	1	0
NW_006804267.1	2584769	115	1	0
NW_006804253.1	2583887	131	1	0
NW_006804241.1	2555784	135	1	0
NW_006804262.1	2552696	132	0.852273	0.147727
NW_006804255.1	2552673	110	1	0
NW_006804276.1	2544244	119	1	0
NW_006804249.1	2542336	142	1	0
NW_006804282.1	2533937	124	0.927419	0.0725806
NW_006804317.1	2530079	109	1	0
NW_006804240.1	2527398	145	1	0
NW_006804343.1	2517214	101	1	0
NW_006804281.1	2513853	110	0.931818	0.0681818
NW_006804283.1	2509227	117	1	0
NW_006804252.1	2501988	143	1	0
NW_006804293.1	2492875	102	1	0
NW_006804333.1	2485173	90	1	0
NW_006804323.1	2472714	89	1	0
NW_006804288.1	2472481	122	1	0
NW_006804261.1	2461381	132	0.924242	0.0757576
NW_006804248.1	2460278	145	1	0
NW_006804295.1	2457121	120	1	0
NW_006804319.1	2457091	121	1	0
NW_006804271.1	2454385	91	0.956044	0.043956
NW_006804277.1	2452911	105	1	0
NW_006804256.1	2449249	132	1	0
NW_006804260.1	2434499	125	1	0
NW_006804311.1	2427621	119	1	0
NW_006804279.1	2419616	135	1	0
NW_006804292.1	2413213	84	0.875	0.125
NW_006804294.1	2405173	106	1	0
NW_006804301.1	2401076	108	0.990741	0.00925926
NW_006804308.1	2385026	124	1	0
NW_006804310.1	2370406	99	1	0
NW_006804285.1	2366213	111	0.810811	0.189189
NW_006804330.1	2362305	107	1	0
NW_006804328.1	2355328	84	1	0
NW_006804300.1	2355257	104	1	0
NW_006804303.1	2352794	82	1	0
NW_006804269.1	2350953	119	0.970588	0.0294118
NW_006804306.1	2349400	77	1	0
NW_006804270.1	2345083	125	1	0
NW_006804307.1	2343365	85	1	0
NW_006804273.1	2340943	125	1	0
NW_006804316.1	2330509	102	1	0
NW_006804314.1	2320607	101	1	0
NW_006804257.1	2320307	132	1	0
NW_006804320.1	2310555	107	0.948598	0.0514019
NW_006804315.1	2303921	103	1	0
NW_006804272.1	2296957	123	1	0
NW_006804299.1	2290843	108	1	0
NW_006804284.1	2285863	120	1	0
NW_006804326.1	2280021	99	1	0
NW_006804312.1	2276017	116	1	0
NW_006804297.1	2270203	121	1	0
NW_006804321.1	2250318	105	1	0
NW_006804337.1	2244224	82	0.804878	0.195122
NW_006804298.1	2229203	126	1	0
NW_006804329.1	2223773	98	0.857143	0.142857
NW_006804327.1	2183755	121	0.929752	0.0702479
NW_006804352.1	2178968	120	1	0
NW_006804302.1	2177588	128	1	0
NW_006804325.1	2174813	100	1	0
NW_006804309.1	2171378	139	1	0
NW_006804290.1	2170598	119	1	0
NW_006804363.1	2165802	115	1	0
NW_006804324.1	2162370	142	1	0
NW_006804305.1	2157022	138	1	0
NW_006804313.1	2150611	87	1	0
NW_006804338.1	2134662	100	1	0
NW_006804318.1	2130165	110	1	0
NW_006804380.1	2129604	84	1	0
NW_006804322.1	2126882	109	1	0
NW_006804344.1	2125042	105	1	0
NW_006804296.1	2124865	113	1	0
NW_006804331.1	2117304	105	1	0
NW_006804304.1	2110238	133	1	0
NW_006804334.1	2100117	81	1	0
NW_006804347.1	2095745	83	1	0
NW_006804340.1	2091939	100	1	0
NW_006804342.1	2082361	124	1	0
NW_006804341.1	2079112	114	1	0
NW_006804357.1	2078600	69	1	0
NW_006804355.1	2066926	87	0.821839	0.178161
NW_006804375.1	2066264	98	1	0
NW_006804365.1	2055734	94	0.93617	0.0638298
NW_006804349.1	2053017	110	1	0
NW_006804332.1	2050159	131	1	0
NW_006804384.1	2046973	75	0.946667	0.0533333
NW_006804369.1	2046506	113	1	0
NW_006804348.1	2042364	89	1	0
NW_006804346.1	2041216	91	1	0
NW_006804335.1	2039319	140	1	0
NW_006804364.1	2030139	98	1	0
NW_006804358.1	2021503	92	0.76087	0.23913
NW_006804368.1	2018484	94	1	0
NW_006804382.1	2015852	86	1	0
NW_006804378.1	1996730	108	1	0
NW_006804385.1	1992156	74	1	0
NW_006804353.1	1990306	100	1	0
NW_006804336.1	1987155	116	1	0
NW_006804362.1	1983441	90	1	0
NW_006804399.1	1978113	98	1	0
NW_006804359.1	1974671	87	1	0
NW_006804400.1	1972684	76	0.881579	0.118421
NW_006804373.1	1971091	92	0.913043	0.0869565
NW_006804345.1	1968828	107	1	0
NW_006804387.1	1956152	101	1	0
NW_006804376.1	1954138	92	1	0
NW_006804450.1	1948865	59	1	0
NW_006804367.1	1947472	117	1	0
NW_006804408.1	1947008	100	0.97	0.03
NW_006804339.1	1945985	100	1	0
NW_006804456.1	1942299	50	1	0
NW_006804351.1	1935986	118	1	0
NW_006804398.1	1930287	82	1	0
NW_006804360.1	1929386	126	1	0
NW_006804420.1	1927250	69	1	0
NW_006804371.1	1927123	100	1	0
NW_006804383.1	1920915	102	1	0
NW_006804356.1	1920724	110	0.922727	0.0772727
NW_006804366.1	1915427	99	1	0
NW_006804402.1	1914484	77	1	0
NW_006804388.1	1911982	81	1	0
NW_006804413.1	1905817	82	1	0
NW_006804377.1	1897075	99	1	0
NW_006804437.1	1893716	69	1	0
NW_006804354.1	1893441	106	1	0
NW_006804407.1	1888356	77	1	0
NW_006804428.1	1871984	70	1	0
NW_006804379.1	1866031	121	1	0
NW_006804481.1	1852406	79	1	0
NW_006804374.1	1846650	97	1	0
NW_006804372.1	1823290	108	1	0
NW_006804412.1	1818937	83	1	0
NW_006804439.1	1816284	66	1	0
NW_006804393.1	1815431	82	0.957317	0.0426829
NW_006804430.1	1811819	69	1	0
NW_006804403.1	1811377	94	1	0
NW_006804462.1	1798033	51	0.784314	0.215686
NW_006804391.1	1796374	99	1	0
NW_006804415.1	1794874	86	1	0
NW_006804389.1	1793484	92	1	0
NW_006804441.1	1787047	85	1	0
NW_006804423.1	1783259	86	0.918605	0.0813953
NW_006804478.1	1782725	51	1	0
NW_006804431.1	1782304	100	1	0
NW_006804405.1	1773018	97	1	0
NW_006804421.1	1772498	78	1	0
NW_006804381.1	1769047	108	1	0
NW_006804417.1	1765871	99	1	0
NW_006804409.1	1759943	96	0.9375	0.0625
NW_006804386.1	1759938	91	1	0
NW_006804449.1	1757820	73	1	0
NW_006804394.1	1756758	87	1	0
NW_006804424.1	1755529	88	1	0
NW_006804416.1	1753640	89	1	0
NW_006804419.1	1750455	98	1	0
NW_006804464.1	1749426	72	1	0
NW_006804445.1	1738461	81	1	0
NW_006804455.1	1735258	94	1	0
NW_006804396.1	1730907	80	1	0
NW_006804438.1	1727584	71	1	0
NW_006804434.1	1720091	88	1	0
NW_006804426.1	1718272	84	1	0
NW_006804451.1	1711785	82	1	0
NW_006804446.1	1708744	70	1	0
NW_006804468.1	1707536	67	0.955224	0.0447761
NW_006804470.1	1705473	65	1	0
NW_006804523.1	1705411	61	1	0
NW_006804427.1	1692080	83	1	0
NW_006804429.1	1692058	81	1	0
NW_006804447.1	1689290	83	1	0
NW_006804477.1	1686116	88	1	0
NW_006804432.1	1677338	68	1	0
NW_006804542.1	1674955	60	1	0
NW_006804458.1	1666285	72	1	0
NW_006804461.1	1665627	92	1	0
NW_006804460.1	1665055	66	1	0
NW_006804410.1	1664670	99	1	0
NW_006804493.1	1660213	53	1	0
NW_006804494.1	1654313	51	1	0
NW_006804485.1	1654020	96	1	0
NW_006804436.1	1647453	91	0.906593	0.0934066
NW_006804443.1	1641246	62	1	0
NW_006804474.1	1639005	57	1	0
NW_006804476.1	1628132	78	1	0
NW_006804452.1	1625462	70	1	0
NW_006804435.1	1624990	95	1	0
NW_006804422.1	1623939	82	0.969512	0.0304878
NW_006804510.1	1623729	51	1	0
NW_006804472.1	1619575	70	1	0
NW_006804490.1	1619276	55	1	0
NW_006804465.1	1615708	67	1	0
NW_006804546.1	1607952	61	0.745902	0.254098
NW_006804457.1	1606273	78	1	0
NW_006804459.1	1605302	79	1	0
NW_006804489.1	1605110	53	1	0
NW_006804442.1	1602396	54	1	0
NW_006804425.1	1599012	88	1	0
NW_006804473.1	1596736	100	1	0
NW_006804479.1	1594741	81	1	0
NW_006804433.1	1593535	98	1	0
NW_006804448.1	1586369	96	1	0
NW_006804486.1	1584452	83	1	0
NW_006804509.1	1583489	79	1	0
NW_006804480.1	1576051	64	1	0
NW_006804444.1	1575187	88	1	0
NW_006804414.1	1571046	87	1	0
NW_006804453.1	1564353	76	1	0
NW_006804502.1	1558231	67	1	0
NW_006804491.1	1558046	78	1	0
NW_006804500.1	1549897	87	1	0
NW_006804454.1	1544090	69	1	0
NW_006804483.1	1543455	54	0.962963	0.037037
NW_006804466.1	1542023	89	1	0
NW_006804467.1	1534773	66	1	0
NW_006804475.1	1533843	105	1	0
NW_006804513.1	1521977	88	1	0
NW_006804463.1	1521647	68	0.852941	0.147059
NW_006804516.1	1518171	64	1	0
NW_006804482.1	1511819	83	1	0
NW_006804532.1	1511513	50	1	0
NW_006804527.1	1508316	84	1	0
NW_006804520.1	1507299	72	1	0
NW_006804499.1	1506213	89	1	0
NW_006804498.1	1498269	92	1	0
NW_006804492.1	1494793	83	0.891566	0.108434
NW_006804567.1	1493162	60	1	0
NW_006804540.1	1487769	50	0.88	0.12
NW_006804524.1	1484227	63	1	0
NW_006804495.1	1483867	63	0.880952	0.119048
NW_006804471.1	1469414	59	0.949153	0.0508475
NW_006804501.1	1461024	60	1	0
NW_006804484.1	1458748	68	1	0
NW_006804497.1	1453327	88	0.875	0.125
NW_006804564.1	1453005	52	1	0
NW_006804507.1	1452768	68	1	0
NW_006804541.1	1448723	56	1	0
NW_006804534.1	1441900	67	0.902985	0.0970149
NW_006804565.1	1438033	50	1	0
NW_006804533.1	1434692	63	1	0
NW_006804581.1	1425504	64	1	0
NW_006804528.1	1423599	67	0.88806	0.11194
NW_006804530.1	1417431	60	0.866667	0.133333
NW_006804566.1	1410232	66	1	0
NW_006804585.1	1401002	66	1	0
NW_006804531.1	1396534	81	1	0
NW_006804514.1	1394801	67	1	0
NW_006804553.1	1388828	61	1	0
NW_006804579.1	1386386	58	1	0
NW_006804582.1	1382829	65	1	0
NW_006804558.1	1382696	54	0.814815	0.185185
NW_006804505.1	1379560	77	1	0
NW_006804518.1	1379540	74	1	0
NW_006804568.1	1376178	60	1	0
NW_006804538.1	1375637	66	1	0
NW_006804547.1	1375302	73	1	0
NW_006804535.1	1372399	66	1	0
NW_006804573.1	1370792	64	1	0
NW_006804591.1	1368259	62	1	0
NW_006804511.1	1364259	80	1	0
NW_006804575.1	1363665	79	0.848101	0.151899
NW_006804544.1	1362272	55	1	0
NW_006804536.1	1355641	70	1	0
NW_006804515.1	1347323	56	1	0
NW_006804519.1	1347268	87	1	0
NW_006804550.1	1341390	82	1	0
NW_006804508.1	1339073	72	1	0
NW_006804506.1	1338786	85	1	0
NW_006804592.1	1327209	84	1	0
NW_006804551.1	1326595	87	1	0
NW_006804580.1	1317333	65	1	0
NW_006804561.1	1309264	81	1	0
NW_006804557.1	1305986	53	1	0
NW_006804577.1	1304702	71	1	0
NW_006804559.1	1303003	65	1	0
NW_006804521.1	1301714	68	1	0
NW_006804562.1	1295950	56	1	0
NW_006804594.1	1295576	50	1	0
NW_006804608.1	1294680	87	1	0
NW_006804549.1	1292172	68	1	0
NW_006804539.1	1292093	63	1	0
NW_006804583.1	1287968	58	1	0
NW_006804601.1	1284421	74	1	0
NW_006804589.1	1283699	67	1	0
NW_006804556.1	1281719	68	1	0
NW_006804620.1	1280388	53	1	0
NW_006804576.1	1274387	66	0.787879	0.212121
NW_006804597.1	1272783	65	1	0
NW_006804537.1	1265050	83	1	0
NW_006804605.1	1261189	66	0.969697	0.030303
NW_006804628.1	1260856	51	1	0
NW_006804571.1	1257920	69	1	0
NW_006804587.1	1255117	57	1	0
NW_006804560.1	1252500	94	1	0
NW_006804638.1	1246706	73	0.780822	0.219178
NW_006804545.1	1245595	77	1	0
NW_006804604.1	1241369	60	1	0
NW_006804574.1	1237877	72	1	0
NW_006804610.1	1226971	78	1	0
NW_006804637.1	1224734	52	1	0
NW_006804606.1	1213381	51	1	0
NW_006804634.1	1210682	62	1	0
NW_006804618.1	1207266	76	1	0
NW_006804647.1	1204194	60	1	0
NW_006804590.1	1201408	53	1	0
NW_006804635.1	1197252	66	1	0
NW_006804555.1	1191634	72	1	0
NW_006804623.1	1183038	69	0.985507	0.0144928
NW_006804631.1	1182622	62	1	0
NW_006804584.1	1174274	60	1	0
NW_006804630.1	1165219	64	1	0
NW_006804642.1	1164840	64	1	0
NW_006804633.1	1162748	66	1	0
NW_006804603.1	1160273	73	1	0
NW_006804611.1	1148694	62	1	0
NW_006804673.1	1145811	50	1	0
NW_006804602.1	1141827	63	1	0
NW_006804629.1	1129609	69	1	0
NW_006804586.1	1128606	68	1	0
NW_006804627.1	1125293	63	0.825397	0.174603
NW_006804619.1	1124525	63	0.571429	0.428571
NW_006804671.1	1124474	61	1	0
NW_006804613.1	1121523	59	1	0
NW_006804640.1	1119728	63	1	0
NW_006804653.1	1105283	57	1	0
NW_006804651.1	1099254	51	1	0
NW_006804708.1	1093088	50	1	0
NW_006804661.1	1090934	69	1	0
NW_006804707.1	1075403	76	1	0
NW_006804670.1	1072060	67	1	0
NW_006804624.1	1070522	58	1	0
NW_006804691.1	1070197	62	1	0
NW_006804667.1	1066845	57	1	0
NW_006804675.1	1056250	53	1	0
NW_006804617.1	1045566	56	1	0
NW_006804669.1	1044320	59	1	0
NW_006804706.1	1043113	66	1	0
NW_006804696.1	1038420	57	1	0
NW_006804690.1	1031934	72	1	0
NW_006804643.1	1028969	56	1	0
NW_006804731.1	1028153	58	1	0
NW_006804650.1	1014829	68	1	0
NW_006804632.1	1004729	50	1	0
NW_006804657.1	1004008	51	1	0
NW_006804656.1	1002483	51	1	0
NW_006804689.1	1001992	50	0.91	0.09
NW_006804721.1	996652	53	0.981132	0.0188679
NW_006804715.1	990263	50	1	0
NW_006804660.1	975666	65	1	0
NW_006804709.1	974106	58	0.931034	0.0689655
NW_006804687.1	972458	55	1	0
NW_006804693.1	923742	53	1	0
NW_006804719.1	921399	64	1	0
NW_006804729.1	919243	60	1	0
NW_006804730.1	917372	56	1	0
NW_006804745.1	914885	50	1	0
NW_006804768.1	878105	55	1	0
NW_006804733.1	869154	57	1	0
NW_006804826.1	842902	54	1	0
NW_006804823.1	791237	55	1	0
