Coverage	Frequency	Reads
1	881486	881486
2	336115	1553716
3	133946	1955554
4	56614	2182010
5	27344	2318730
6	16043	2414988
7	11123	2492849
8	8495	2560809
9	7134	2625015
10	6196	2686975
11	5711	2749796
12	5100	2810996
13	4790	2873266
14	4503	2936308
15	4150	2998558
16	3991	3062414
17	3705	3125399
18	3517	3188705
19	3225	3249980
20	3167	3313320
21	2948	3375228
22	2909	3439226
23	2737	3502177
24	2580	3564097
25	2512	3626897
26	2360	3688257
27	2237	3748656
28	2163	3809220
29	2118	3870642
30	1998	3930582
31	1949	3991001
32	1895	4051641
33	1712	4108137
34	1643	4163999
35	1552	4218319
36	1401	4268755
37	1314	4317373
38	1318	4367457
39	1207	4414530
40	1029	4455690
41	1093	4500503
42	961	4540865
43	990	4583435
44	900	4623035
45	862	4661825
46	801	4698671
47	744	4733639
48	734	4768871
49	668	4801603
50	672	4835203
51	642	4867945
52	614	4899873
53	524	4927645
54	510	4955185
55	526	4984115
56	490	5011555
57	447	5037034
58	476	5064642
59	423	5089599
60	447	5116419
61	403	5141002
62	377	5164376
63	404	5189828
64	409	5216004
65	397	5241809
66	375	5266559
67	399	5293292
68	348	5316956
69	364	5342072
70	346	5366292
71	344	5390716
72	369	5417284
73	326	5441082
74	373	5468684
75	334	5493734
76	370	5521854
77	347	5548573
78	375	5577823
79	367	5606816
80	337	5633776
81	368	5663584
82	398	5696220
83	385	5728175
84	397	5761523
85	373	5793228
86	408	5828316
87	371	5860593
88	396	5895441
89	388	5929973
90	412	5967053
91	445	6007548
92	435	6047568
93	445	6088953
94	445	6130783
95	417	6170398
96	439	6212542
97	431	6254349
98	399	6293451
99	444	6337407
100	459	6383307
101	419	6425626
102	452	6471730
103	483	6521479
104	488	6572231
105	490	6623681
106	482	6674773
107	485	6726668
108	486	6779156
109	490	6832566
110	501	6887676
111	503	6943509
112	497	6999173
113	534	7059515
114	520	7118795
115	546	7181585
116	550	7245385
117	530	7307395
118	577	7375481
119	550	7440931
120	602	7513171
121	527	7576938
122	526	7641110
123	546	7708268
124	584	7780684
125	601	7855809
126	623	7934307
127	600	8010507
128	597	8086923
129	617	8166516
130	681	8255046
131	617	8335873
132	638	8420089
133	645	8505874
134	646	8592438
135	630	8677488
136	683	8770376
137	668	8861892
138	651	8951730
139	693	9048057
140	642	9137937
141	701	9236778
142	689	9334616
143	708	9435860
144	713	9538532
145	679	9636987
146	760	9747947
147	747	9857756
148	732	9966092
149	722	10073670
150	772	10189470
151	711	10296831
152	784	10415999
153	755	10531514
154	792	10653482
155	795	10776707
156	766	10896203
157	768	11016779
158	862	11152975
159	834	11285581
160	767	11408301
161	804	11537745
162	813	11669451
163	832	11805067
164	833	11941679
165	804	12074339
166	888	12221747
167	811	12357184
168	885	12505864
169	911	12659823
170	856	12805343
171	856	12951719
172	847	13097403
173	912	13255179
174	914	13414215
175	951	13580640
176	895	13738160
177	892	13896044
178	925	14060694
179	971	14234503
180	938	14403343
181	909	14567872
182	983	14746778
183	949	14920445
184	894	15084941
185	938	15258471
186	1024	15448935
187	994	15634813
188	1025	15827513
189	986	16013867
190	982	16200447
191	1060	16402907
192	1034	16601435
193	1008	16795979
194	1073	17004141
195	1049	17208696
196	1056	17415672
197	1065	17625477
198	1050	17833377
199	1119	18056058
200	1056	18267258
201	1088	18485946
202	1071	18702288
203	1083	18922137
204	1119	19150413
205	1149	19385958
206	1126	19617914
207	1119	19849547
208	1148	20088331
209	1157	20330144
210	1132	20567864
211	1084	20796588
212	1172	21045052
213	1188	21298096
214	1204	21555752
215	1180	21809452
216	1157	22059364
217	1243	22329095
218	1182	22586771
219	1177	22844534
220	1249	23119314
221	1225	23390039
222	1154	23646227
223	1171	23907360
224	1189	24173696
225	1212	24446396
226	1269	24733190
227	1289	25025793
228	1209	25301445
229	1271	25592504
230	1320	25896104
231	1279	26191553
232	1283	26489209
233	1267	26784420
234	1341	27098214
235	1306	27405124
236	1316	27715700
237	1283	28019771
238	1348	28340595
239	1320	28656075
240	1320	28972875
241	1258	29276053
242	1364	29606141
243	1357	29935892
244	1424	30283348
245	1359	30616303
246	1338	30945451
247	1312	31269515
248	1354	31605307
249	1277	31923280
250	1307	32250030
251	1396	32600426
252	1413	32956502
253	1398	33310196
254	1381	33660970
255	1405	34019245
256	1350	34364845
257	1436	34733897
258	1442	35105933
259	1429	35476044
260	1397	35839264
261	1377	36198661
262	1428	36572797
263	1453	36954936
264	1428	37331928
265	1419	37707963
266	1434	38089407
267	1508	38492043
268	1487	38890559
269	1485	39290024
270	1501	39695294
271	1473	40094477
272	1483	40497853
273	1479	40901620
274	1518	41317552
275	1513	41733627
276	1471	42139623
277	1506	42556785
278	1572	42993801
279	1407	43386354
280	1434	43787874
281	1493	44207407
282	1539	44641405
283	1498	45065339
284	1529	45499575
285	1568	45946455
286	1552	46390327
287	1516	46825419
288	1518	47262603
289	1504	47697259
290	1563	48150529
291	1581	48610600
292	1654	49093568
293	1536	49543616
294	1573	50006078
295	1627	50486043
296	1593	50957571
297	1603	51433662
298	1585	51905992
299	1590	52381402
300	1595	52859902
301	1588	53337890
302	1657	53838304
303	1589	54319771
304	1646	54820155
305	1613	55312120
306	1575	55794070
307	1568	56275446
308	1558	56755310
309	1578	57242912
310	1595	57737362
311	1603	58235895
312	1650	58750695
313	1632	59261511
314	1602	59764539
315	1703	60300984
316	1674	60829968
317	1685	61364113
318	1650	61888813
319	1600	62399213
320	1674	62934893
321	1681	63474494
322	1658	64008370
323	1696	64556178
324	1710	65110218
325	1701	65663043
326	1694	66215287
327	1634	66749605
328	1684	67301957
329	1675	67853032
330	1659	68400502
331	1729	68972801
332	1732	69547825
333	1617	70086286
334	1719	70660432
335	1653	71214187
336	1668	71774635
337	1790	72377865
338	1644	72933537
339	1668	73498989
340	1631	74053529
341	1711	74636980
342	1733	75229666
343	1722	75820312
344	1729	76415088
345	1742	77016078
346	1688	77600126
347	1725	78198701
348	1729	78800393
349	1731	79404512
350	1709	80002662
351	1691	80596203
352	1674	81185451
353	1680	81778491
354	1724	82388787
355	1767	83016072
356	1630	83596352
357	1756	84223244
358	1746	84848312
359	1827	85504205
360	1723	86124485
361	1684	86732409
362	1726	87357221
363	1754	87993923
364	1753	88632015
365	1718	89259085
366	1751	89899951
367	1669	90512474
368	1673	91128138
369	1692	91752486
370	1750	92399986
371	1771	93057027
372	1727	93699471
373	1668	94321635
374	1798	94994087
375	1747	95649212
376	1687	96283524
377	1680	96916884
378	1666	97546632
379	1699	98190553
380	1751	98855933
381	1737	99517730
382	1733	100179736
383	1673	100820495
384	1693	101470607
385	1703	102126262
386	1715	102788252
387	1707	103448861
388	1671	104097209
389	1865	104822694
390	1721	105493884
391	1730	106170314
392	1690	106832794
393	1669	107488711
394	1738	108173483
395	1751	108865128
396	1674	109528032
397	1713	110208093
398	1687	110879519
399	1700	111557819
400	1700	112237819
401	1730	112931549
402	1673	113604095
403	1759	114312972
404	1740	115015932
405	1662	115689042
406	1708	116382490
407	1718	117081716
408	1645	117752876
409	1685	118442041
410	1658	119121821
411	1762	119846003
412	1694	120543931
413	1700	121246031
414	1657	121932029
415	1665	122623004
416	1591	123284860
417	1658	123976246
418	1654	124667618
419	1702	125380756
420	1613	126058216
421	1610	126736026
422	1619	127419244
423	1697	128137075
424	1617	128822683
425	1641	129520108
426	1600	130201708
427	1641	130902415
428	1576	131576943
429	1646	132283077
430	1655	132994727
431	1679	133718376
432	1627	134421240
433	1553	135093689
434	1545	135764219
435	1609	136464134
436	1642	137180046
437	1577	137869195
438	1615	138576565
439	1572	139266673
440	1647	139991353
441	1613	140702686
442	1588	141404582
443	1620	142122242
444	1569	142818878
445	1555	143510853
446	1514	144186097
447	1571	144888334
448	1518	145568398
449	1504	146243694
450	1521	146928144
451	1582	147641626
452	1529	148332734
453	1453	148990943
454	1515	149678753
455	1514	150367623
456	1515	151058463
457	1491	151739850
458	1491	152422728
459	1458	153091950
460	1474	153769990
461	1489	154456419
462	1480	155140179
463	1497	155833290
464	1531	156543674
465	1502	157242104
466	1502	157942036
467	1448	158618252
468	1468	159305276
469	1444	159982512
470	1362	160622652
471	1437	161299479
472	1449	161983407
473	1409	162649864
474	1447	163335742
475	1353	163978417
476	1481	164683373
477	1408	165354989
478	1325	165988339
479	1389	166653670
480	1367	167309830
481	1354	167961104
482	1342	168607948
483	1354	169261930
484	1338	169909522
485	1334	170556512
486	1349	171212126
487	1273	171832077
488	1330	172481117
489	1322	173127575
490	1318	173773395
491	1266	174395001
492	1303	175036077
493	1304	175678949
494	1286	176314233
495	1285	176950308
496	1320	177605028
497	1299	178250631
498	1274	178885083
499	1248	179507835
500	1197	180106335
501	1266	180740601
502	1227	181356555
503	1270	181995365
504	1247	182623853
505	1249	183254598
506	1227	183875460
507	1189	184478283
508	1176	185075691
509	1213	185693108
510	1160	186284708
511	1131	186862649
512	1165	187459129
513	1121	188034202
514	1165	188633012
515	1189	189245347
516	1119	189822751
517	1168	190426607
518	1090	190991227
519	1153	191589634
520	1165	192195434
521	1116	192776870
522	1104	193353158
523	1112	193934734
524	1098	194510086
525	1112	195093886
526	1103	195674064
527	1028	196215820
528	1043	196766524
529	1044	197318800
530	1012	197855160
531	1013	198393063
532	987	198918147
533	992	199446883
534	991	199976077
535	1079	200553342
536	1021	201100598
537	991	201632765
538	960	202149245
539	1008	202692557
540	968	203215277
541	933	203720030
542	978	204250106
543	991	204788219
544	963	205312091
545	956	205833111
546	939	206345805
547	1032	206910309
548	933	207421593
549	965	207951378
550	908	208450778
551	913	208953841
552	924	209463889
553	917	209970990
554	869	210452416
555	899	210951361
556	897	211450093
557	838	211916859
558	890	212413479
559	837	212881362
560	855	213360162
561	836	213829158
562	856	214310230
563	789	214754437
564	806	215209021
565	761	215638986
566	799	216091220
567	811	216551057
568	761	216983305
569	782	217428263
570	761	217862033
571	798	218317691
572	785	218766711
573	749	219195888
574	754	219628684
575	739	220053609
576	773	220498857
577	721	220914874
578	747	221346640
579	717	221761783
580	706	222171263
581	725	222592488
582	724	223013856
583	674	223406798
584	658	223791070
585	674	224185360
586	660	224572120
587	633	224943691
588	709	225360583
589	645	225740488
590	650	226123988
591	640	226502228
592	634	226877556
593	688	227285540
594	582	227631248
595	574	227972778
596	605	228333358
597	581	228680215
598	630	229056955
599	577	229402578
600	585	229753578
601	575	230099153
602	558	230435069
603	563	230774558
604	526	231092262
605	605	231458287
606	586	231813403
607	537	232139362
608	493	232439106
609	535	232764921
610	513	233077851
611	546	233411457
612	503	233719293
613	498	234024567
614	506	234335251
615	491	234637216
616	487	234937208
617	471	235227815
618	494	235533107
619	490	235836417
620	477	236132157
621	478	236428995
622	407	236682149
623	445	236959384
624	417	237219592
625	448	237499592
626	401	237750618
627	422	238015212
628	418	238277716
629	446	238558250
630	455	238844900
631	403	239099193
632	382	239340617
633	372	239576093
634	397	239827791
635	397	240079886
636	338	240294854
637	400	240549654
638	379	240791456
639	376	241031720
640	360	241262120
641	380	241505700
642	364	241739388
643	349	241963795
644	341	242183399
645	335	242399474
646	343	242621052
647	356	242851384
648	347	243076240
649	307	243275483
650	320	243483483
651	291	243672924
652	303	243870480
653	300	244066380
654	336	244286124
655	288	244474764
656	309	244677468
657	260	244848288
658	287	245037134
659	271	245215723
660	273	245395903
661	291	245588254
662	270	245766994
663	253	245934733
664	255	246104053
665	226	246254343
666	239	246413517
667	235	246570262
668	235	246727242
669	256	246898506
670	232	247053946
671	241	247215657
672	240	247376937
673	234	247534419
674	207	247673937
675	198	247807587
676	231	247963743
677	212	248107267
678	228	248261851
679	225	248414626
680	196	248547906
681	209	248690235
682	200	248826635
683	202	248964601
684	180	249087721
685	198	249223351
686	179	249346145
687	195	249480110
688	180	249603950
689	200	249741750
690	177	249863880
691	195	249998625
692	174	250119033
693	161	250230606
694	157	250339564
695	178	250463274
696	162	250576026
697	161	250688243
698	158	250798527
699	154	250906173
700	166	251022373
701	131	251114204
702	174	251236352
703	161	251349535
704	158	251460767
705	138	251558057
706	149	251663251
707	126	251752333
708	134	251847205
709	133	251941502
710	141	252041612
711	148	252146840
712	127	252237264
713	117	252320685
714	102	252393513
715	126	252483603
716	122	252570955
717	122	252658429
718	122	252746025
719	94	252813611
720	113	252894971
721	105	252970676
722	105	253046486
723	87	253109387
724	105	253185407
725	109	253264432
726	86	253326868
727	116	253411200
728	101	253484728
729	103	253559815
730	101	253633545
731	88	253697873
732	88	253762289
733	82	253822395
734	72	253875243
735	90	253941393
736	98	254013521
737	79	254071744
738	71	254124142
739	80	254183262
740	72	254236542
741	74	254291376
742	87	254355930
743	78	254413884
744	89	254480100
745	72	254533740
746	82	254594912
747	67	254644961
748	79	254704053
749	62	254750491
750	63	254797741
751	67	254848058
752	61	254893930
753	65	254942875
754	54	254983591
755	66	255033421
756	62	255080293
757	65	255129498
758	66	255179526
759	47	255215199
760	60	255260799
761	40	255291239
762	52	255330863
763	62	255378169
764	51	255417133
765	52	255456913
766	46	255492149
767	58	255536635
768	51	255575803
769	48	255612715
770	57	255656605
771	45	255691300
772	45	255726040
773	38	255755414
774	49	255793340
775	46	255828990
776	47	255865462
777	50	255904312
778	47	255940878
779	43	255974375
780	43	256007915
781	27	256029002
782	35	256056372
783	32	256081428
784	39	256112004
785	29	256134769
786	37	256163851
787	27	256185100
788	37	256214256
789	42	256247394
790	41	256279784
791	43	256313797
792	33	256339933
793	22	256357379
794	29	256380405
795	27	256401870
796	20	256417790
797	16	256430542
798	29	256453684
799	30	256477654
800	30	256501654
801	30	256525684
802	18	256540120
803	26	256560998
804	20	256577078
805	31	256602033
806	20	256618153
807	24	256637521
808	28	256660145
809	18	256674707
810	26	256695767
811	28	256718475
812	15	256730655
813	23	256749354
814	17	256763192
815	31	256788457
816	14	256799881
817	22	256817855
818	22	256835851
819	26	256857145
820	17	256871085
821	15	256883400
822	14	256894908
823	16	256908076
824	18	256922908
825	12	256932808
826	22	256950980
827	23	256970001
828	15	256982421
829	13	256993198
830	20	257009798
831	8	257016446
832	9	257023934
833	24	257043926
834	12	257053934
835	8	257060614
836	20	257077334
837	14	257089052
838	20	257105812
839	15	257118397
840	10	257126797
841	15	257139412
842	17	257153726
843	9	257161313
844	20	257178193
845	8	257184953
846	15	257197643
847	15	257210348
848	7	257216284
849	11	257225623
850	11	257234973
851	14	257246887
852	10	257255407
853	13	257266496
854	12	257276744
855	12	257287004
856	12	257297276
857	11	257306703
858	10	257315283
859	8	257322155
860	6	257327315
861	7	257333342
862	10	257341962
863	5	257346277
864	5	257350597
865	9	257358382
866	9	257366176
867	15	257379181
868	11	257388729
869	9	257396550
870	10	257405250
871	6	257410476
872	9	257418324
873	11	257427927
874	13	257439289
875	7	257445414
876	8	257452422
877	7	257458561
878	6	257463829
879	3	257466466
880	8	257473506
881	6	257478792
882	4	257482320
883	5	257486735
884	4	257490271
885	7	257496466
886	7	257502668
887	3	257505329
888	9	257513321
889	9	257521322
890	6	257526662
891	6	257532008
892	5	257536468
893	10	257545398
894	6	257550762
895	5	257555237
896	4	257558821
897	8	257565997
898	7	257572283
899	9	257580374
900	8	257587574
901	7	257593881
902	8	257601097
903	7	257607418
904	4	257611034
905	11	257620989
906	3	257623707
907	5	257628242
908	4	257631874
909	7	257638237
910	7	257644607
911	2	257646429
912	1	257647341
913	4	257650993
914	7	257657391
915	3	257660136
916	5	257664716
917	4	257668384
918	7	257674810
919	7	257681243
920	1	257682163
921	3	257684926
922	5	257689536
923	4	257693228
924	4	257696924
925	3	257699699
926	6	257705255
927	3	257708036
928	7	257714532
929	2	257716390
930	1	257717320
931	4	257721044
932	1	257721976
933	1	257722909
934	4	257726645
935	4	257730385
936	6	257736001
937	3	257738812
938	4	257742564
939	2	257744442
940	3	257747262
941	1	257748203
942	2	257750087
943	2	257751973
944	7	257758581
945	2	257760471
946	6	257766147
947	2	257768041
948	3	257770885
949	2	257772783
950	8	257780383
951	2	257782285
952	3	257785141
953	2	257787047
954	2	257788955
955	3	257791820
956	3	257794688
958	4	257798520
960	2	257800440
961	4	257804284
962	3	257807170
963	6	257812948
964	2	257814876
965	3	257817771
966	4	257821635
967	5	257826470
968	4	257830342
969	2	257832280
970	1	257833250
971	3	257836163
972	2	257838107
973	4	257841999
974	3	257844921
975	4	257848821
976	4	257852725
977	2	257854679
978	4	257858591
979	1	257859570
980	1	257860550
981	2	257862512
982	3	257865458
983	1	257866441
984	1	257867425
985	1	257868410
986	2	257870382
987	2	257872356
988	1	257873344
989	4	257877300
990	3	257880270
991	1	257881261
992	2	257883245
993	1	257884238
996	1	257885234
997	1	257886231
998	2	257888227
999	1	257889226
1000	2	257891226
1001	2	257893228
1002	3	257896234
1003	5	257901249
1004	4	257905265
1005	5	257910290
1006	3	257913308
1007	2	257915322
1008	2	257917338
1009	3	257920365
1010	4	257924405
1011	3	257927438
1012	4	257931486
1013	1	257932499
1014	3	257935541
1015	5	257940616
1016	1	257941632
1017	2	257943666
1018	1	257944684
1019	3	257947741
1020	1	257948761
1021	6	257954887
1022	3	257957953
1023	3	257961022
1024	1	257962046
1025	4	257966146
1026	5	257971276
1027	5	257976411
1030	2	257978471
1031	2	257980533
1032	1	257981565
1033	2	257983631
1034	3	257986733
1035	2	257988803
1036	1	257989839
1037	4	257993987
1038	2	257996063
1040	2	257998143
1041	4	258002307
1042	4	258006475
1043	3	258009604
1044	2	258011692
1045	3	258014827
1048	3	258017971
1049	1	258019020
1050	3	258022170
1052	1	258023222
1053	1	258024275
1054	1	258025329
1055	1	258026384
1056	3	258029552
1057	1	258030609
1058	2	258032725
1061	1	258033786
1063	1	258034849
1064	2	258036977
1065	3	258040172
1066	1	258041238
1067	2	258043372
1068	2	258045508
1069	1	258046577
1071	4	258050861
1072	1	258051933
1073	3	258055152
1074	5	258060522
1075	2	258062672
1076	1	258063748
1077	1	258064825
1078	1	258065903
1079	1	258066982
1080	1	258068062
1082	3	258071308
1083	1	258072391
1084	1	258073475
1085	2	258075645
1086	4	258079989
1088	1	258081077
1089	1	258082166
1091	2	258084348
1092	2	258086532
1093	1	258087625
1094	3	258090907
1095	1	258092002
1097	1	258093099
1098	2	258095295
1099	1	258096394
1100	3	258099694
1102	2	258101898
1104	2	258104106
1105	4	258108526
1106	2	258110738
1107	3	258114059
1108	2	258116275
1109	1	258117384
1110	2	258119604
1112	1	258120716
1114	4	258125172
1115	1	258126287
1116	3	258129635
1117	2	258131869
1119	3	258135226
1121	3	258138589
1122	2	258140833
1123	1	258141956
1126	1	258143082
1128	3	258146466
1129	1	258147595
1130	1	258148725
1131	2	258150987
1132	2	258153251
1133	3	258156650
1135	3	258160055
1136	1	258161191
1138	3	258164605
1139	1	258165744
1140	1	258166884
1142	3	258170310
1143	3	258173739
1144	2	258176027
1145	2	258178317
1146	2	258180609
1147	2	258182903
1148	1	258184051
1149	1	258185200
1151	1	258186351
1153	2	258188657
1154	2	258190965
1155	2	258193275
1158	2	258195591
1159	3	258199068
1160	2	258201388
1161	2	258203710
1162	3	258207196
1163	3	258210685
1165	1	258211850
1168	1	258213018
1169	1	258214187
1170	3	258217697
1171	1	258218868
1172	2	258221212
1173	5	258227077
1174	2	258229425
1175	1	258230600
1176	1	258231776
1178	1	258232954
1179	3	258236491
1180	1	258237671
1181	2	258240033
1182	5	258245943
1183	2	258248309
1184	1	258249493
1186	1	258250679
1188	3	258254243
1189	3	258257810
1190	2	258260190
1191	1	258261381
1192	2	258263765
1193	3	258267344
1194	1	258268538
1195	1	258269733
1197	2	258272127
1198	1	258273325
1199	2	258275723
1200	4	258280523
1201	2	258282925
1202	1	258284127
1204	1	258285331
1205	2	258287741
1208	1	258288949
1209	2	258291367
1210	2	258293787
1212	1	258294999
1213	1	258296212
1214	1	258297426
1216	1	258298642
1217	1	258299859
1218	1	258301077
1219	4	258305953
1220	2	258308393
1221	1	258309614
1222	1	258310836
1223	2	258313282
1224	1	258314506
1226	1	258315732
1227	1	258316959
1228	2	258319415
1230	1	258320645
1231	3	258324338
1233	1	258325571
1234	1	258326805
1236	3	258330513
1238	2	258332989
1239	1	258334228
1240	1	258335468
1242	1	258336710
1243	1	258337953
1245	1	258339198
1246	1	258340444
1247	1	258341691
1248	1	258342939
1249	1	258344188
1250	1	258345438
1251	2	258347940
1252	1	258349192
1253	2	258351698
1255	1	258352953
1256	3	258356721
1257	1	258357978
1258	2	258360494
1259	1	258361753
1261	1	258363014
1262	1	258364276
1264	2	258366804
1265	1	258368069
1266	1	258369335
1267	1	258370602
1268	2	258373138
1271	2	258375680
1273	3	258379499
1274	1	258380773
1276	2	258383325
1279	1	258384604
1281	4	258389728
1282	1	258391010
1284	1	258392294
1286	2	258394866
1287	2	258397440
1288	3	258401304
1289	4	258406460
1290	2	258409040
1291	1	258410331
1293	3	258414210
1294	1	258415504
1295	3	258419389
1296	1	258420685
1300	2	258423285
1302	1	258424587
1304	3	258428499
1305	1	258429804
1306	3	258433722
1309	3	258437649
1313	1	258438962
1314	1	258440276
1315	1	258441591
1316	1	258442907
1317	1	258444224
1318	1	258445542
1319	1	258446861
1320	1	258448181
1321	2	258450823
1324	1	258452147
1325	2	258454797
1327	1	258456124
1328	2	258458780
1330	1	258460110
1331	2	258462772
1332	1	258464104
1336	1	258465440
1337	2	258468114
1338	1	258469452
1340	1	258470792
1342	1	258472134
1343	2	258474820
1346	1	258476166
1347	1	258477513
1348	1	258478861
1349	2	258481559
1351	2	258484261
1353	1	258485614
1357	1	258486971
1359	1	258488330
1361	1	258489691
1369	1	258491060
1370	1	258492430
1371	1	258493801
1372	1	258495173
1373	1	258496546
1375	2	258499296
1376	1	258500672
1378	1	258502050
1379	2	258504808
1382	2	258507572
1383	1	258508955
1384	1	258510339
1385	1	258511724
1388	1	258513112
1391	1	258514503
1398	1	258515901
1403	1	258517304
1404	1	258518708
1406	2	258521520
1407	1	258522927
1408	1	258524335
1409	1	258525744
1410	3	258529974
1411	1	258531385
1412	3	258535621
1413	1	258537034
1414	1	258538448
1417	2	258541282
1418	1	258542700
1420	2	258545540
1422	1	258546962
1423	1	258548385
1425	2	258551235
1428	3	258555519
1429	1	258556948
1430	1	258558378
1431	1	258559809
1432	1	258561241
1437	2	258564115
1438	1	258565553
1439	2	258568431
1440	2	258571311
1442	1	258572753
1443	1	258574196
1448	1	258575644
1449	1	258577093
1452	1	258578545
1455	1	258580000
1459	1	258581459
1460	1	258582919
1461	1	258584380
1462	1	258585842
1464	1	258587306
1465	1	258588771
1467	1	258590238
1468	1	258591706
1470	1	258593176
1472	1	258594648
1475	1	258596123
1476	1	258597599
1481	1	258599080
1483	2	258602046
1484	1	258603530
1486	1	258605016
1487	3	258609477
1488	2	258612453
1489	1	258613942
1490	1	258615432
1492	1	258616924
1493	1	258618417
1494	1	258619911
1495	1	258621406
1496	1	258622902
1498	1	258624400
1499	1	258625899
1500	1	258627399
1507	2	258630413
1511	2	258633435
1513	2	258636461
1515	3	258641006
1518	1	258642524
1520	1	258644044
1521	1	258645565
1526	1	258647091
1528	1	258648619
1531	2	258651681
1533	1	258653214
1535	1	258654749
1540	1	258656289
1541	2	258659371
1544	1	258660915
1545	1	258662460
1546	2	258665552
1557	1	258667109
1558	1	258668667
1559	1	258670226
1560	1	258671786
1561	1	258673347
1562	1	258674909
1564	3	258679601
1566	1	258681167
1568	1	258682735
1569	1	258684304
1572	1	258685876
1574	1	258687450
1581	1	258689031
1585	1	258690616
1586	1	258692202
1587	1	258693789
1589	1	258695378
1590	1	258696968
1591	1	258698559
1592	1	258700151
1594	2	258703339
1597	3	258708130
1598	2	258711326
1601	1	258712927
1603	1	258714530
1604	1	258716134
1606	2	258719346
1609	2	258722564
1611	1	258724175
1612	1	258725787
1614	1	258727401
1615	2	258730631
1625	2	258733881
1638	2	258737157
1639	1	258738796
1640	1	258740436
1641	2	258743718
1642	1	258745360
1643	1	258747003
1646	2	258750295
1650	2	258753595
1651	1	258755246
1654	3	258760208
1658	2	258763524
1659	1	258765183
1660	2	258768503
1661	1	258770164
1663	1	258771827
1664	1	258773491
1668	2	258776827
1670	1	258778497
1671	1	258780168
1673	1	258781841
1675	1	258783516
1679	1	258785195
1685	1	258786880
1692	1	258788572
1698	2	258791968
1701	2	258795370
1709	1	258797079
1716	1	258798795
1717	1	258800512
1718	2	258803948
1719	1	258805667
1721	2	258809109
1722	1	258810831
1724	1	258812555
1726	1	258814281
1727	1	258816008
1731	1	258817739
1732	2	258821203
1734	1	258822937
1737	1	258824674
1738	1	258826412
1741	1	258828153
1743	1	258829896
1748	1	258831644
1749	1	258833393
1754	1	258835147
1756	1	258836903
1757	1	258838660
1762	3	258843946
1767	1	258845713
1768	1	258847481
1774	2	258851029
1777	1	258852806
1782	1	258854588
1786	1	258856374
1792	1	258858166
1794	1	258859960
1795	1	258861755
1797	2	258865349
1806	1	258867155
1808	1	258868963
1810	1	258870773
1811	1	258872584
1812	1	258874396
1813	1	258876209
1815	1	258878024
1831	3	258883517
1833	1	258885350
1836	1	258887186
1843	1	258889029
1844	1	258890873
1846	2	258894565
1847	1	258896412
1848	1	258898260
1855	1	258900115
1856	1	258901971
1860	2	258905691
1862	1	258907553
1867	1	258909420
1868	1	258911288
1875	2	258915038
1877	1	258916915
1879	1	258918794
1880	1	258920674
1881	1	258922555
1885	2	258926325
1886	1	258928211
1887	1	258930098
1890	1	258931988
1892	1	258933880
1893	2	258937666
1898	1	258939564
1902	1	258941466
1903	1	258943369
1907	1	258945276
1909	1	258947185
1914	1	258949099
1915	1	258951014
1918	1	258952932
1920	1	258954852
1923	1	258956775
1925	1	258958700
1928	1	258960628
1931	1	258962559
1933	1	258964492
1934	1	258966426
1938	1	258968364
1941	2	258972246
1943	1	258974189
1944	1	258976133
1945	1	258978078
1952	1	258980030
1954	2	258983938
1962	1	258985900
1964	1	258987864
1970	1	258989834
1973	1	258991807
1975	1	258993782
1976	1	258995758
1986	1	258997744
1990	1	258999734
1992	1	259001726
1993	1	259003719
2005	1	259005724
2007	1	259007731
2008	1	259009739
2010	1	259011749
2011	1	259013760
2014	2	259017788
2015	2	259021818
2016	1	259023834
2020	1	259025854
2024	1	259027878
2031	1	259029909
2033	2	259033975
2035	1	259036010
2038	1	259038048
2043	1	259040091
2045	1	259042136
2047	1	259044183
2057	1	259046240
2062	2	259050364
2068	1	259052432
2073	1	259054505
2074	2	259058653
2079	1	259060732
2082	1	259062814
2088	2	259066990
2089	1	259069079
2091	1	259071170
2095	1	259073265
2102	2	259077469
2110	2	259081689
2113	1	259083802
2115	1	259085917
2117	2	259090151
2133	1	259092284
2134	1	259094418
2146	1	259096564
2147	1	259098711
2148	1	259100859
2161	1	259103020
2162	1	259105182
2173	2	259109528
2174	1	259111702
2179	1	259113881
2181	1	259116062
2182	1	259118244
2184	1	259120428
2185	1	259122613
2194	1	259124807
2201	2	259129209
2203	1	259131412
2204	1	259133616
2207	1	259135823
2208	2	259140239
2212	1	259142451
2213	1	259144664
2215	1	259146879
2221	2	259151321
2227	2	259155775
2233	1	259158008
2240	1	259160248
2246	1	259162494
2250	1	259164744
2257	1	259167001
2260	1	259169261
2261	1	259171522
2262	2	259176046
2263	1	259178309
2268	1	259180577
2269	1	259182846
2275	1	259185121
2280	2	259189681
2283	1	259191964
2284	1	259194248
2285	1	259196533
2290	1	259198823
2293	1	259201116
2294	1	259203410
2296	2	259208002
2300	1	259210302
2302	1	259212604
2318	1	259214922
2321	1	259217243
2334	1	259219577
2336	1	259221913
2338	1	259224251
2343	1	259226594
2350	1	259228944
2353	1	259231297
2354	1	259233651
2355	1	259236006
2369	1	259238375
2370	1	259240745
2379	1	259243124
2381	1	259245505
2388	2	259250281
2390	1	259252671
2392	1	259255063
2399	1	259257462
2404	1	259259866
2410	2	259264686
2412	1	259267098
2418	1	259269516
2424	1	259271940
2431	1	259274371
2438	1	259276809
2439	1	259279248
2447	1	259281695
2449	1	259284144
2456	1	259286600
2457	1	259289057
2458	2	259293973
2460	1	259296433
2468	1	259298901
2470	1	259301371
2487	1	259303858
2504	1	259306362
2511	1	259308873
2516	1	259311389
2520	1	259313909
2521	2	259318951
2523	1	259321474
2524	1	259323998
2548	1	259326546
2551	1	259329097
2554	1	259331651
2555	1	259334206
2560	1	259336766
2564	1	259339330
2571	1	259341901
2587	1	259344488
2588	1	259347076
2593	1	259349669
2601	1	259352270
2603	1	259354873
2611	1	259357484
2617	1	259360101
2622	2	259365345
2623	1	259367968
2624	1	259370592
2632	1	259373224
2634	1	259375858
2645	1	259378503
2651	1	259381154
2653	1	259383807
2658	1	259386465
2661	1	259389126
2676	1	259391802
2682	1	259394484
2684	1	259397168
2698	1	259399866
2706	1	259402572
2715	1	259405287
2717	1	259408004
2722	1	259410726
2724	1	259413450
2727	1	259416177
2733	1	259418910
2750	1	259421660
2751	1	259424411
2760	1	259427171
2764	1	259429935
2770	1	259432705
2776	1	259435481
2778	1	259438259
2782	1	259441041
2783	1	259443824
2785	1	259446609
2787	1	259449396
2790	1	259452186
2800	1	259454986
2806	1	259457792
2817	1	259460609
2820	1	259463429
2862	1	259466291
2867	1	259469158
2881	1	259472039
2890	1	259474929
2903	1	259477832
2931	1	259480763
2940	1	259483703
2955	1	259486658
2963	1	259489621
2980	1	259492601
2986	1	259495587
2993	1	259498580
3002	1	259501582
3003	1	259504585
3004	1	259507589
3006	1	259510595
3013	1	259513608
3019	1	259516627
3042	1	259519669
3044	1	259522713
3048	1	259525761
3057	1	259528818
3097	1	259531915
3099	1	259535014
3105	1	259538119
3110	1	259541229
3120	1	259544349
3150	1	259547499
3165	1	259550664
3167	1	259553831
3183	1	259557014
3188	1	259560202
3196	1	259563398
3204	1	259566602
3209	1	259569811
3213	1	259573024
3239	1	259576263
3241	1	259579504
3256	1	259582760
3258	2	259589276
3267	1	259592543
3321	1	259595864
3328	1	259599192
3351	1	259602543
3361	1	259605904
3389	1	259609293
3394	1	259612687
3402	1	259616089
3429	1	259619518
3434	1	259622952
3447	1	259626399
3449	1	259629848
3453	1	259633301
3458	1	259636759
3466	1	259640225
3470	1	259643695
3474	1	259647169
3476	1	259650645
3497	1	259654142
3498	1	259657640
3506	1	259661146
3514	1	259664660
3518	1	259668178
3523	1	259671701
3537	1	259675238
3541	1	259678779
3544	1	259682323
3560	1	259685883
3571	1	259689454
3573	1	259693027
3578	1	259696605
3603	1	259700208
3634	1	259703842
3639	2	259711120
3642	1	259714762
3645	1	259718407
3650	1	259722057
3698	1	259725755
3700	1	259729455
3728	1	259733183
3735	1	259736918
3746	1	259740664
3759	1	259744423
3762	1	259748185
3779	1	259751964
3784	1	259755748
3788	1	259759536
3801	1	259763337
3802	1	259767139
3805	1	259770944
3806	1	259774750
3815	2	259782380
3822	1	259786202
3832	1	259790034
3838	1	259793872
3873	1	259797745
3903	1	259801648
3905	1	259805553
3906	1	259809459
3919	1	259813378
3923	1	259817301
3929	1	259821230
3930	1	259825160
3942	1	259829102
3944	1	259833046
3946	1	259836992
3947	1	259840939
3961	1	259844900
3966	1	259848866
3967	1	259852833
4005	1	259856838
4007	1	259860845
4020	2	259868885
4027	1	259872912
4029	1	259876941
4049	1	259880990
4080	1	259885070
4112	1	259889182
4113	1	259893295
4116	1	259897411
4132	1	259901543
4133	1	259905676
4144	1	259909820
4153	1	259913973
4166	1	259918139
4201	1	259922340
4250	1	259926590
4258	1	259930848
4261	1	259935109
4265	1	259939374
4275	1	259943649
4289	1	259947938
4293	1	259952231
4353	1	259956584
4357	1	259960941
4359	1	259965300
4366	1	259969666
4422	1	259974088
4428	1	259978516
4455	1	259982971
4493	1	259987464
4508	1	259991972
4511	1	259996483
4515	1	260000998
4521	1	260005519
4533	1	260010052
4540	1	260014592
4546	1	260019138
4558	1	260023696
4570	1	260028266
4602	1	260032868
4657	1	260037525
4699	1	260042224
4713	1	260046937
4715	1	260051652
4724	1	260056376
4726	1	260061102
4729	1	260065831
4750	1	260070581
4754	2	260080089
4758	1	260084847
4779	1	260089626
4785	1	260094411
4813	1	260099224
4817	1	260104041
4826	1	260108867
4874	1	260113741
4878	1	260118619
4897	1	260123516
4900	1	260128416
4908	1	260133324
4944	1	260138268
4945	1	260143213
4965	1	260148178
4977	1	260153155
5020	1	260158175
5021	1	260163196
5029	1	260168225
5064	1	260173289
5069	1	260178358
5071	1	260183429
5086	1	260188515
5110	1	260193625
5121	1	260198746
5138	1	260203884
5148	1	260209032
5161	1	260214193
5164	1	260219357
5198	2	260229753
5217	1	260234970
5225	1	260240195
5265	1	260245460
5299	1	260250759
5346	1	260256105
5380	1	260261485
5397	1	260266882
5433	1	260272315
5447	1	260277762
5502	1	260283264
5525	1	260288789
5537	1	260294326
5538	1	260299864
5600	1	260305464
5643	1	260311107
5689	1	260316796
5730	1	260322526
5740	1	260328266
5744	1	260334010
5748	1	260339758
5758	1	260345516
5783	1	260351299
5807	1	260357106
5827	1	260362933
5842	1	260368775
5846	1	260374621
5857	1	260380478
5878	1	260386356
5944	1	260392300
5988	1	260398288
6166	1	260404454
6180	1	260410634
6198	1	260416832
6232	1	260423064
6322	1	260429386
6378	1	260435764
6475	1	260442239
6490	1	260448729
6511	1	260455240
6596	1	260461836
6624	1	260468460
6641	1	260475101
6658	1	260481759
6666	1	260488425
6718	1	260495143
6724	1	260501867
6772	1	260508639
6832	1	260515471
6861	1	260522332
6898	1	260529230
6931	1	260536161
6942	1	260543103
6982	1	260550085
7016	1	260557101
7029	1	260564130
7214	1	260571344
7240	2	260585824
7260	1	260593084
7311	1	260600395
7341	1	260607736
7381	1	260615117
7537	1	260622654
7633	1	260630287
7639	1	260637926
7686	1	260645612
7720	1	260653332
7737	1	260661069
7782	1	260668851
7839	1	260676690
7863	1	260684553
7895	1	260692448
7963	1	260700411
7975	1	260708386
7977	1	260716363
8047	1	260724410
8106	1	260732516
8163	1	260740679
8192	1	260748871
8327	1	260757198
8360	1	260765558
8371	1	260773929
8454	1	260782383
8570	1	260790953
8617	1	260799570
8633	1	260808203
8662	1	260816865
8684	1	260825549
8699	1	260834248
8702	1	260842950
8768	1	260851718
8804	1	260860522
8859	1	260869381
8866	1	260878247
8909	1	260887156
9001	1	260896157
9029	1	260905186
9045	1	260914231
9062	1	260923293
9093	1	260932386
9148	1	260941534
9169	1	260950703
9201	1	260959904
9221	1	260969125
9236	1	260978361
9250	2	260996861
9297	1	261006158
9338	1	261015496
9496	1	261024992
9521	1	261034513
9637	1	261044150
9661	1	261053811
9689	1	261063500
9697	1	261073197
9759	1	261082956
9864	1	261092820
9877	1	261102697
9923	1	261112620
9924	1	261122544
9946	1	261132490
10032	1	261142522
10057	1	261152579
10069	1	261162648
10079	1	261172727
10088	1	261182815
10139	1	261192954
10147	1	261203101
10275	1	261213376
10296	1	261223672
10552	1	261234224
10628	1	261244852
10718	1	261255570
10775	1	261266345
10827	1	261277172
10830	1	261288002
10894	1	261298896
11002	1	261309898
11023	1	261320921
11024	1	261331945
11032	1	261342977
11043	1	261354020
11299	1	261365319
11305	1	261376624
11430	1	261388054
11507	1	261399561
11591	1	261411152
11768	1	261422920
11817	1	261434737
11899	1	261446636
11920	1	261458556
12023	1	261470579
12024	1	261482603
12083	1	261494686
12099	1	261506785
12134	1	261518919
12248	1	261531167
12322	1	261543489
12372	1	261555861
12419	1	261568280
12420	1	261580700
12610	1	261593310
12734	1	261606044
12739	1	261618783
12924	1	261631707
12974	1	261644681
13016	1	261657697
13025	1	261670722
13203	1	261683925
13287	1	261697212
13709	1	261710921
13764	1	261724685
13938	1	261738623
14040	1	261752663
14161	1	261766824
14199	1	261781023
14554	1	261795577
14587	1	261810164
14728	1	261824892
14769	1	261839661
14863	1	261854524
15090	1	261869614
15299	1	261884913
15504	1	261900417
15526	1	261915943
15683	1	261931626
15782	1	261947408
15874	1	261963282
16395	1	261979677
16493	1	261996170
16540	1	262012710
16601	1	262029311
17040	1	262046351
17149	1	262063500
17371	1	262080871
17471	1	262098342
17822	1	262116164
18100	1	262134264
18244	1	262152508
18375	1	262170883
18544	1	262189427
18828	1	262208255
19419	1	262227674
20335	1	262248009
20572	1	262268581
20845	1	262289426
21210	1	262310636
22160	1	262332796
22309	1	262355105
23095	1	262378200
23358	1	262401558
25655	1	262427213
25871	1	262453084
26327	1	262479411
27000	1	262506411
27459	1	262533870
27621	1	262561491
27874	1	262589365
28682	1	262618047
29350	1	262647397
29457	1	262676854
29607	1	262706461
29788	1	262736249
30218	1	262766467
30565	1	262797032
30649	1	262827681
31995	1	262859676
32626	1	262892302
32628	1	262924930
32753	1	262957683
32904	1	262990587
32909	1	263023496
33608	1	263057104
33806	1	263090910
33988	1	263124898
35945	1	263160843
35956	1	263196799
36639	1	263233438
36648	1	263270086
36801	1	263306887
37367	1	263344254
37920	1	263382174
38885	1	263421059
38925	1	263459984
39418	1	263499402
40726	1	263540128
42157	1	263582285
42429	1	263624714
43338	1	263668052
44506	1	263712558
46471	1	263759029
47893	1	263806922
48406	1	263855328
50873	1	263906201
54149	1	263960350
55080	1	264015430
55513	1	264070943
58365	1	264129308
69391	1	264198699
83428	1	264282127
89638	1	264371765
90785	1	264462550
94231	1	264556781
106767	1	264663548
112428	1	264775976
181818	1	264957794
225202	1	265182996
261642	1	265444638
272226	1	265716864
299794	1	266016658
345607	1	266362265
395936	1	266758201
558691	1	267316892
779237	1	268096129
1515642	1	269611771
3293676	1	272905447
