           clusters_total  hidepth_min clusters_hidepth avg_depth_total avg_depth_mj avg_depth_stat sd_depth_total sd_depth_mj sd_depth_stat filtered_bad_align
Er26_JUG4         1007549          5.0           234480           38.38       157.93         231.54         590.67     1216.77       1475.31                  0
Er27_SK32         1114295          5.0           377514           28.82        80.67         109.04         494.91      847.88        992.71                  0
Er28_112          1176745          5.0           418997           31.31        83.87         111.52         519.95      868.90       1008.33                  0
Er29_122          1213112          5.0           517400           25.72        57.19          72.58         458.63      701.03        797.07                  0
Er30_79           1291112          5.0           697459           26.88        47.74          56.66         468.93      637.27        700.30                  0
Er31_453          1298747          5.0           694868           27.66        49.65          58.85         467.24      637.96        700.26                  0
Er32_183          1171445          5.0           559716           31.69        63.80          77.48         514.48      742.97        824.24                  0
Er33_211           598174          5.0            54401           20.68       209.11         371.98         427.46     1403.61       1866.13                  0
Er34_197           895235          5.0           164677           20.64       103.16         158.71         419.08      972.84       1213.85                  0
Er35_209           781847          5.0           112912           27.11       176.20         283.96         492.26     1285.28       1631.44                  0
Er36_SK24          333933          5.0            16871           33.39       629.47        1167.09         558.67     2409.06       3189.85                  0
Er37_SK27         1188422          5.0           415520           27.73        75.24          97.79         481.80      812.67        932.93                  0
Er38_LB1           908964          5.0           176278           26.51       128.21         193.45         482.62     1090.04       1343.56                  0
Er39_PL1          1293612          5.0           804809           39.61        62.29          69.80         568.31      719.57        765.01                  0
Er40_M2           1246288          5.0           496129           33.75        81.43         103.12         537.36      849.46        961.39                  0
Er41_GR36         1281935          5.0           750185           35.76        59.44          68.92         547.84      715.20        774.57                  0
Er42_GR35         1217016          5.0           595866           31.55        62.02          75.52         517.03      737.68        819.81                  0
Er43_SL7          1161654          5.0           500300           29.96        66.57          82.80         499.97      760.30        853.93                  0
Er44_VOJ1         1126978          5.0           424599           28.10        70.89          91.22         483.49      785.82        897.96                  0
Er45_BLG3         1130906          5.0           409053           29.63        77.92         102.97         504.08      835.98        967.73                  0
Er46_RMN7         1110798          5.0           334781           28.14        88.28         122.35         492.32      893.89       1059.22                  0
Er47_CR4          1169934          5.0           539178           31.50        65.67          80.33         513.62      755.14        840.78                  0
Er48_BH16         1218021          5.0           528011           32.18        71.27          88.86         521.44      790.26        888.13                  0
Er49_GR38         1467092          5.0           562225           39.98       100.96         126.61         596.19      959.93       1079.24                  0
Er50_R3            862825          5.0           141419           24.50       139.26         220.34         463.35     1137.60       1434.67                  0
Er51_436          1367068          5.0           925951           27.43        39.41          43.07         427.50      519.01        545.81                  0
Er52_451          1169384          5.0           357545           16.90        50.18          69.78         357.20      644.75        771.24                  0
Er53_ASR7         1415067          5.0           804160           32.67        55.83          64.23         510.27      675.96        729.33                  0
Er54_AU1          1387870          5.0           832053           22.87        36.55          42.32         401.99      518.73        563.96                  0
Er55_AU7          1404383          5.0           761984           29.13        51.71          62.26         479.25      649.77        719.00                  0
Er56_AZ5          1570820          5.0           877823           27.43        47.37          55.20         459.33      613.71        667.70                  0
Er57_COR4         1281236          5.0           205490           30.89       181.99         301.48         526.61     1304.57       1677.94                  0
Er58_FI7           931984          5.0           103029           14.76       117.92         208.47         346.04     1035.00       1382.69                  0
Er59_FR1           214087          5.0            21873           31.99       300.75         361.98         526.23     1621.72       1775.57                  0
Er60_GR5          1150846          5.0           321179           20.79        69.04          95.13         410.68      775.32        918.53                  0
Er61_GR87          424363          5.0             8530           40.94      1967.26        3113.85         620.93     3923.59       4563.48                  0
Er62_GR95          235685          5.0             3869           29.40      1712.64        2324.82         518.23     3671.42       4109.92                  0
Er63_IR6          1324066          5.0           651789           18.96        36.03          44.66         367.06      522.62        590.56                  0
Er64_IS1          1225575          5.0           398253           23.15        66.78          85.68         429.61      751.76        858.21                  0
Er65_IS25         1381202          5.0           880353           66.86       103.76         113.43         756.79      945.94        990.66                  0
Er66_IT3          1416937          5.0           933126           32.65        48.43          53.47         492.98      606.88        640.99                  0
Er67_IT5          1048125          5.0           108819           22.93       204.20         368.68         450.29     1384.29       1854.38                  0
Er68_PRT1B         178019          5.0            17291           59.61       601.31         678.51         667.42     2064.24       2181.91                  0
Er69_R2           1325019          5.0           683122           24.86        46.05          55.15         433.75      603.32        666.49                  0
Er70_RMN42        1357643          5.0           761729           25.34        43.32          51.21         435.34      580.55        637.18                  0
Er71_SAR2         1645664          5.0           821835           28.16        54.28          65.00         473.50      669.01        737.77                  0
Er72_SIE1B        1337256          5.0           375577           24.73        82.52         117.52         456.26      858.22       1032.05                  0
Er73_SNG1         1266803          5.0           453690           49.70       135.02         173.66         662.16     1101.33       1251.77                  0
Er74_SP16         1646864          5.0           617592           29.99        76.61          96.61         504.02      820.93        927.57                  0
Er75_TRC2A        1162767          5.0           299411           20.58        73.71         107.06         409.87      805.36        979.79                  0