locus NW_006803924.1:5663849 0.00025485232854026635
p_admixed
6 1
9 0
10 10
0 4
0 9
0 11
locus NW_006803924.1:8539312 0.00019686793877312433
p_admixed
8 0
5 0
10 0
6 0
6 0
11 0
locus NW_006803925.1:816280 0.0001683771528685935
p_admixed
6 0
8 0
20 1
6 0
7 0
12 0
locus NW_006803925.1:1300842 0.00031731721562657054
p_admixed
4 0
15 0
12 0
6 0
4 0
11 0
locus NW_006803925.1:4045896 0.00028812365953021196
p_admixed
7 0
4 0
11 0
4 0
6 0
12 0
locus NW_006803925.1:10516816 0.0002492882168085033
p_admixed
9 1
11 0
0 15
0 5
0 10
0 12
locus NW_006803925.1:13053708 0.00017519249970482945
p_admixed
6 0
9 0
17 0
4 0
11 1
4 0
locus NW_006803925.1:15813543 0.0002989649856488024
p_admixed
14 0
9 0
0 13
0 4
0 4
0 5
locus NW_006803926.1:1670331 0.0002752637109834613
p_admixed
6 0
8 0
7 0
4 0
8 0
10 0
locus NW_006803926.1:3240787 0.00018119741366913212
p_admixed
11 0
7 0
16 0
4 0
5 0
11 0
locus NW_006803926.1:4474949 0.00026051801339870164
p_admixed
7 0
11 0
8 3
0 5
0 7
0 14
locus NW_006803926.1:9708680 0.0001983617333184996
p_admixed
5 0
6 1
20 1
7 0
6 0
13 0
locus NW_006803926.1:11076432 0.000299363922448347
p_admixed
7 0
25 1
12 8
0 6
0 10
1 17
locus NW_006803926.1:12364156 0.0002958027261737262
p_admixed
13 0
9 0
7 0
4 0
5 0
11 0
locus NW_006803926.1:12426246 0.0002616641445606092
p_admixed
4 0
7 0
5 12
0 8
0 10
0 10
locus NW_006803926.1:13206261 0.00028765113397425925
p_admixed
10 0
12 0
10 0
5 0
6 0
11 0
locus NW_006803926.1:13962339 0.0001793720070731186
p_admixed
8 0
4 0
7 10
9 0
8 0
5 0
locus NW_006803926.1:15083129 0.0002015497982407527
p_admixed
4 0
8 0
21 0
4 0
9 0
9 0
locus NW_006803927.1:2820279 0.00019117167398743126
p_admixed
7 0
2 6
7 0
7 0
7 0
16 0
locus NW_006803927.1:3434020 0.00026625142315720725
p_admixed
0 12
10 0
7 0
5 0
9 0
17 0
locus NW_006803927.1:8971930 0.0002873498458525608
p_admixed
7 0
7 0
0 4
0 5
1 7
0 9
locus NW_006803927.1:9606476 0.00021703572800178808
p_admixed
5 0
18 0
0 8
0 4
1 9
0 13
locus NW_006803927.1:9847522 0.0002865059383590907
p_admixed
4 0
8 0
23 0
4 0
8 0
12 0
locus NW_006803928.1:1667323 0.0002776030572102508
p_admixed
11 0
6 0
19 0
5 0
8 0
8 0
locus NW_006803929.1:1887980 0.0002612681940350294
p_admixed
7 0
9 0
8 2
0 4
1 7
0 10
locus NW_006803929.1:1967614 0.0002764339824219057
p_admixed
5 0
12 0
5 0
4 0
11 0
14 0
locus NW_006803929.1:2571040 0.0002609931103035026
p_admixed
6 0
11 0
14 0
6 0
15 0
6 0
locus NW_006803929.1:7796562 0.00019176343922964093
p_admixed
4 0
11 0
6 0
5 0
4 0
6 0
locus NW_006803929.1:10969946 0.00034523003813507656
p_admixed
5 0
15 0
0 9
0 4
0 4
1 4
locus NW_006803929.1:11622357 0.00021201706781020344
p_admixed
7 0
7 0
21 0
8 0
7 0
5 0
locus NW_006803930.1:4286788 0.00021035103572016828
p_admixed
0 7
7 0
9 0
6 0
4 0
8 0
locus NW_006803930.1:4863884 0.0002534182634171688
p_admixed
0 5
20 0
11 0
4 0
5 0
15 0
locus NW_006803930.1:5286978 0.00021664528787339755
p_admixed
9 11
30 15
16 1
12 0
21 0
24 0
locus NW_006803930.1:6718903 0.00026420172483026865
p_admixed
7 0
14 0
21 0
4 0
2 7
8 2
locus NW_006803930.1:6969990 0.00021631759049635821
p_admixed
5 0
11 1
0 8
0 4
0 4
0 10
locus NW_006803930.1:7126032 0.0003371942354320197
p_admixed
0 7
6 0
11 0
4 0
8 0
5 0
locus NW_006803931.1:4271720 0.00016456108039048444
p_admixed
4 0
12 0
17 0
5 0
1 4
8 0
locus NW_006803931.1:4399642 0.0003025169781743284
p_admixed
4 0
9 0
0 25
0 5
0 4
1 15
locus NW_006803931.1:7535423 0.00031552338900952485
p_admixed
7 0
7 6
16 0
5 0
14 0
7 0
locus NW_006803932.1:6983338 0.00018192931468950847
p_admixed
4 0
14 0
11 0
4 0
9 0
15 0
locus NW_006803932.1:7478791 0.00018209722512511873
p_admixed
0 15
7 1
0 11
0 7
0 6
0 5
locus NW_006803933.1:1134795 0.00020205138032898436
p_admixed
6 0
13 0
0 8
0 4
1 6
0 10
locus NW_006803933.1:8591804 0.00019403139834748168
p_admixed
0 6
13 0
9 0
7 0
8 0
6 0
locus NW_006803933.1:9065546 0.0001908390596404882
p_admixed
6 0
8 0
0 5
1 3
0 7
0 10
locus NW_006803933.1:9615890 0.0003611517119036562
p_admixed
6 0
10 0
0 13
0 7
0 5
0 5
locus NW_006803934.1:609558 0.00017659400338474905
p_admixed
13 0
10 0
4 4
0 6
0 7
0 13
locus NW_006803934.1:1444477 0.00028814954643474654
p_admixed
4 0
9 0
2 2
0 6
0 4
0 6
locus NW_006803934.1:2535757 0.00028814479324578514
p_admixed
11 0
10 1
3 3
0 4
0 4
0 11
locus NW_006803934.1:4579305 0.00019340378177227683
p_admixed
6 0
4 0
6 4
9 0
0 7
1 15
locus NW_006803934.1:8038881 0.00030588699492356325
p_admixed
13 0
7 0
9 0
4 0
9 0
20 0
locus NW_006803934.1:8906006 0.0002346310608560103
p_admixed
4 0
11 0
9 4
0 5
0 4
0 16
locus NW_006803935.1:4651861 0.00022959781676473888
p_admixed
4 0
12 0
18 0
7 0
5 0
7 0
locus NW_006803935.1:4746135 0.000266570833319769
p_admixed
10 0
8 0
5 9
6 0
12 0
15 0
locus NW_006803935.1:5518520 0.00023119061573676533
p_admixed
4 0
8 0
17 0
6 0
9 0
10 2
locus NW_006803935.1:8339563 0.00026449611694124377
p_admixed
14 0
6 0
6 2
1 9
0 4
0 16
locus NW_006803935.1:11028732 0.00024686681234248944
p_admixed
23 0
55 0
21 0
13 0
21 0
52 0
locus NW_006803936.1:4694355 0.00017648652955883982
p_admixed
8 0
16 0
4 0
6 0
6 0
10 0
locus NW_006803936.1:5305579 0.0003021558732975399
p_admixed
11 0
12 0
7 0
5 0
8 0
10 0
locus NW_006803936.1:5845271 0.00026894702364548554
p_admixed
5 0
14 0
0 10
0 4
0 9
2 11
locus NW_006803936.1:7595618 0.00017709589040479706
p_admixed
5 0
12 0
14 0
8 0
7 0
10 0
locus NW_006803937.1:7748271 0.00022471911650765993
p_admixed
6 0
5 0
0 9
0 4
0 8
1 15
locus NW_006803938.1:3206326 0.00020300594851577428
p_admixed
7 0
0 9
14 0
7 0
7 0
13 0
locus NW_006803938.1:8876948 0.00017088056959839296
p_admixed
8 0
14 0
10 4
0 4
0 6
1 7
locus NW_006803938.1:9592611 0.00017563949851922571
p_admixed
4 0
4 6
1 6
5 0
4 0
9 0
locus NW_006803939.1:4962127 0.00027937960486843573
p_admixed
5 0
10 0
19 0
6 0
6 0
12 0
locus NW_006803939.1:5680172 0.00029283945843994294
p_admixed
0 7
12 0
11 0
5 0
4 0
9 0
locus NW_006803940.1:2116087 0.00020727310454337334
p_admixed
5 0
11 0
10 1
6 0
2 2
7 5
locus NW_006803940.1:5142121 0.00030726705357187785
p_admixed
14 0
9 0
10 0
4 0
4 0
7 0
locus NW_006803941.1:2010950 0.00027032250670422435
p_admixed
5 1
5 0
0 5
2 4
0 4
0 6
locus NW_006803941.1:7349414 0.00019274608854392476
p_admixed
5 0
12 2
8 2
4 3
7 1
6 3
locus NW_006803942.1:1889365 0.00018374810350787303
p_admixed
5 0
12 0
10 0
4 0
3 2
14 0
locus NW_006803942.1:2424180 0.00016022914133050872
p_admixed
1 4
6 16
5 8
4 1
5 7
6 7
locus NW_006803942.1:7094300 0.0001751819906770718
p_admixed
6 0
13 0
7 4
0 4
0 5
0 9
locus NW_006803942.1:7485815 0.00016706510064642478
p_admixed
0 7
0 4
0 16
0 5
0 15
0 17
locus NW_006803942.1:8804211 0.0001968348476804209
p_admixed
0 5
13 0
3 16
5 0
7 0
14 0
locus NW_006803943.1:3769448 0.00030724699518485543
p_admixed
2 19
3 24
2 37
0 17
4 28
3 58
locus NW_006803943.1:3769846 0.0002317369796851478
p_admixed
12 0
55 0
67 1
9 1
30 11
43 5
locus NW_006803943.1:3785720 0.0004389951194814113
p_admixed
18 0
36 1
24 0
8 2
11 6
33 8
locus NW_006803943.1:3894939 0.00023475115761547406
p_admixed
0 5
2 20
3 18
2 19
2 35
2 47
locus NW_006803943.1:3919034 0.0002274889142645449
p_admixed
3 2
8 0
6 0
4 0
4 0
15 1
locus NW_006803944.1:1749858 0.00018226310621299155
p_admixed
4 2
0 8
8 0
10 0
9 0
9 2
locus NW_006803944.1:8833497 0.00024760161368229423
p_admixed
13 0
18 0
20 0
10 0
9 0
21 0
locus NW_006803944.1:8912243 0.00030053435688153006
p_admixed
14 0
8 0
0 5
0 6
0 4
0 8
locus NW_006803945.1:782285 0.00020870881593339772
p_admixed
5 0
16 0
11 0
6 0
12 0
11 0
locus NW_006803945.1:2816637 0.0002960911734699937
p_admixed
6 0
6 0
1 3
0 8
0 12
0 5
locus NW_006803946.1:6708946 0.00016916224782048401
p_admixed
0 7
3 2
8 5
6 0
8 0
6 0
locus NW_006803947.1:3518201 0.0002904659419049616
p_admixed
5 0
21 0
10 4
0 4
0 6
0 7
locus NW_006803948.1:4168385 0.0003010509371314072
p_admixed
6 0
8 0
7 0
4 0
5 0
10 0
locus NW_006803948.1:4523406 0.00035341263844253473
p_admixed
10 0
6 0
0 10
0 5
0 4
0 11
locus NW_006803948.1:6021632 0.00028804107305927933
p_admixed
5 0
9 0
0 4
0 4
0 4
1 8
locus NW_006803949.1:2534809 0.00018298658609617032
p_admixed
5 0
9 0
5 0
6 0
5 0
10 0
locus NW_006803949.1:3228281 0.00019748484481672075
p_admixed
6 0
16 0
0 13
0 5
0 5
0 7
locus NW_006803949.1:4125487 0.00020974580665714118
p_admixed
7 0
6 0
0 10
0 4
0 9
0 14
locus NW_006803950.1:447481 0.00026808199538400074
p_admixed
5 0
12 0
6 0
4 0
7 0
8 0
locus NW_006803951.1:3912476 0.00017717722847742262
p_admixed
6 1
10 0
0 6
0 4
0 13
0 19
locus NW_006803951.1:4784567 0.00021927527704811742
p_admixed
6 1
23 1
0 4
0 4
0 8
1 10
locus NW_006803953.1:1871085 0.0001864642984372768
p_admixed
12 0
14 0
12 11
0 4
0 13
3 11
locus NW_006803953.1:4689243 0.0001800362309245009
p_admixed
5 0
19 0
15 0
7 0
9 0
7 0
locus NW_006803954.1:738164 0.000208296744731503
p_admixed
0 16
11 0
11 10
4 0
8 0
8 0
locus NW_006803954.1:2190196 0.000325326782938518
p_admixed
5 1
7 0
14 0
4 0
6 0
5 0
locus NW_006803954.1:5819615 0.0002596727261072065
p_admixed
4 0
10 0
9 4
0 4
0 5
0 12
locus NW_006803955.1:1390888 0.00018911286086319823
p_admixed
6 0
12 0
3 7
0 6
0 10
0 25
locus NW_006803955.1:5880020 0.00018568484638699584
p_admixed
4 0
6 0
7 1
0 5
5 0
8 0
locus NW_006803956.1:1720985 0.0002622949839015656
p_admixed
7 0
14 0
5 0
5 0
0 6
5 0
locus NW_006803956.1:4861231 0.000193375583935683
p_admixed
10 0
12 0
6 0
5 0
4 0
7 0
locus NW_006803956.1:5034514 0.00024615746153795103
p_admixed
5 0
9 0
10 0
0 4
6 0
7 8
locus NW_006803957.1:7720599 0.0002005231748950258
p_admixed
17 0
15 0
12 0
7 0
9 0
7 0
locus NW_006803961.1:5683904 0.0002691235642835259
p_admixed
8 1
6 0
0 10
0 4
0 8
0 8
locus NW_006803962.1:4372160 0.0003298579725124004
p_admixed
11 0
7 0
15 0
11 0
5 0
7 1
locus NW_006803962.1:5728733 0.0002935619021251289
p_admixed
5 0
5 0
0 8
0 4
0 8
0 6
locus NW_006803963.1:2327961 0.00029696370655334065
p_admixed
9 0
6 0
6 0
8 0
7 0
11 0
locus NW_006803964.1:668496 0.0002729294939027914
p_admixed
10 0
11 0
11 0
4 0
5 0
10 0
locus NW_006803964.1:3735275 0.00019772128696170577
p_admixed
9 0
4 14
5 0
4 0
4 0
19 0
locus NW_006803965.1:1904556 0.000286990141000506
p_admixed
4 0
9 0
0 13
0 7
0 15
0 18
locus NW_006803965.1:6120364 0.000274736963958471
p_admixed
14 0
21 0
0 9
0 7
0 10
0 7
locus NW_006803965.1:6225037 0.00018121370689555772
p_admixed
4 0
12 0
9 0
4 0
7 0
7 0
locus NW_006803966.1:1466216 0.0002927134357564765
p_admixed
1 8
17 0
17 0
4 0
7 0
14 0
locus NW_006803968.1:312138 0.0001615320968199692
p_admixed
11 0
16 0
20 0
4 0
11 0
13 0
locus NW_006803968.1:1266727 0.00031925835776314707
p_admixed
7 0
12 0
0 4
0 4
0 6
0 15
locus NW_006803968.1:1378325 0.00031338263110206174
p_admixed
4 0
12 0
7 1
6 0
7 0
15 0
locus NW_006803968.1:2915831 0.00022206020659923866
p_admixed
8 0
9 0
0 8
0 10
0 6
0 11
locus NW_006803968.1:4209111 0.00019538324490801857
p_admixed
6 0
13 0
8 0
5 0
4 0
5 0
locus NW_006803968.1:4643087 0.000193612338168334
p_admixed
11 0
13 0
12 0
5 0
5 0
6 1
locus NW_006803969.1:3718419 0.0001793940765404618
p_admixed
5 0
13 0
0 10
0 4
0 9
0 11
locus NW_006803970.1:1723145 0.00028400521506783224
p_admixed
7 0
13 0
4 0
1 4
6 3
8 5
locus NW_006803970.1:4185590 0.0001930507934330704
p_admixed
8 0
9 0
0 8
0 4
0 4
0 12
locus NW_006803971.1:2216373 0.0003102465740298526
p_admixed
11 6
9 0
12 0
4 0
4 0
23 0
locus NW_006803971.1:4959650 0.00027217414254153367
p_admixed
4 0
7 0
3 2
0 4
0 4
0 12
locus NW_006803972.1:1833197 0.00029158457228423726
p_admixed
7 0
15 0
15 0
7 0
7 0
11 0
locus NW_006803973.1:5434676 0.00024696974497852433
p_admixed
8 0
11 0
4 3
0 5
0 4
0 15
locus NW_006803975.1:415049 0.0002471147794819093
p_admixed
14 0
12 0
3 1
0 4
1 3
0 13
locus NW_006803975.1:525617 0.0002186506278518754
p_admixed
6 0
23 0
13 1
7 1
9 5
13 1
locus NW_006803975.1:2892730 0.0002640835363197113
p_admixed
0 8
19 0
18 0
6 0
8 0
17 0
locus NW_006803975.1:4989470 0.0001894661357883515
p_admixed
5 0
11 0
30 0
6 0
6 0
15 0
locus NW_006803976.1:3667227 0.0001852448577238334
p_admixed
4 0
11 0
5 6
0 4
0 6
0 9
locus NW_006803976.1:5340358 0.00016152430156661702
p_admixed
10 0
7 0
20 0
8 0
10 0
15 0
locus NW_006803977.1:1180082 0.00019607008954341363
p_admixed
4 0
5 0
1 4
0 8
0 5
0 8
locus NW_006803977.1:6405459 0.00017531963929460985
p_admixed
14 0
11 0
14 8
5 0
3 2
4 0
locus NW_006803979.1:1549015 0.00026711200680004166
p_admixed
0 9
7 0
7 0
5 0
6 0
11 0
locus NW_006803979.1:4559343 0.00021297928578612257
p_admixed
7 0
16 2
0 11
0 5
0 10
1 9
locus NW_006803980.1:2321788 0.0002658620498351403
p_admixed
4 1
10 0
4 14
0 6
0 5
10 0
locus NW_006803980.1:2335461 0.0002793943989716326
p_admixed
12 0
10 0
9 0
4 0
10 0
7 0
locus NW_006803982.1:2570870 0.0003800509259169608
p_admixed
0 12
8 0
0 10
0 6
0 21
0 9
locus NW_006803982.1:3177554 0.00017267354850442502
p_admixed
8 0
12 0
0 11
1 5
0 6
0 10
locus NW_006803983.1:5003063 0.00021399546278074878
p_admixed
0 8
14 0
10 0
6 0
7 0
5 0
locus NW_006803984.1:763643 0.00027793495654688285
p_admixed
6 0
16 0
5 0
5 0
7 0
14 0
locus NW_006803984.1:940562 0.00032457835338215905
p_admixed
4 0
12 0
0 4
0 5
0 4
1 4
locus NW_006803984.1:1383642 0.00031706271365832564
p_admixed
5 0
19 2
0 9
0 4
0 7
0 9
locus NW_006803984.1:1464510 0.00019070548525023376
p_admixed
6 0
5 0
7 0
8 0
9 0
11 0
locus NW_006803984.1:4830127 0.00017498409635448132
p_admixed
8 0
6 0
17 0
9 0
6 0
13 0
locus NW_006803985.1:1143085 0.0002612897109886382
p_admixed
5 0
11 0
14 0
4 0
6 0
10 0
locus NW_006803986.1:1438999 0.0002715398883231627
p_admixed
7 0
7 0
7 0
4 0
7 0
6 0
locus NW_006803986.1:2847824 0.0002505218480394929
p_admixed
5 0
7 0
11 0
4 0
5 0
17 0
locus NW_006803986.1:4828668 0.00018479345227157505
p_admixed
6 0
15 0
20 0
9 0
9 0
19 0
locus NW_006803986.1:4981189 0.0002523780732099179
p_admixed
6 0
10 0
5 0
6 0
6 0
5 0
locus NW_006803987.1:95094 0.00017639372242585007
p_admixed
8 0
16 0
11 0
4 0
5 0
10 0
locus NW_006803987.1:1779260 0.00018888728496656185
p_admixed
8 0
8 0
10 0
6 1
8 0
10 0
locus NW_006803989.1:1703865 0.0002750814504554302
p_admixed
13 0
15 0
5 0
4 0
5 0
12 0
locus NW_006803990.1:1215025 0.00023576769656024276
p_admixed
7 0
0 12
0 11
0 4
0 4
0 4
locus NW_006803991.1:3635239 0.00031310323699111474
p_admixed
5 0
5 0
29 0
7 0
9 0
18 0
locus NW_006803992.1:2271247 0.00040583963411300664
p_admixed
8 0
7 0
5 9
11 0
12 0
12 0
locus NW_006803992.1:3060355 0.0001915142542145071
p_admixed
9 0
12 1
4 0
7 0
12 0
7 7
locus NW_006803992.1:3827221 0.00020982853806896423
p_admixed
8 0
8 0
7 7
0 4
0 8
0 11
locus NW_006803992.1:5713509 0.00017621751057674722
p_admixed
10 0
26 10
45 0
29 0
24 0
45 0
locus NW_006803993.1:2004908 0.00026713587854840877
p_admixed
8 0
5 0
0 4
0 4
1 7
0 15
locus NW_006803993.1:5590772 0.0002838480153259032
p_admixed
8 0
10 0
7 0
4 0
13 0
10 0
locus NW_006803995.1:2814706 0.0001901191726589583
p_admixed
6 0
7 0
0 17
0 5
0 18
0 9
locus NW_006803995.1:3140651 0.0002782175733587638
p_admixed
6 0
9 6
7 0
5 0
5 0
16 0
locus NW_006803995.1:4959793 0.00023326969740477966
p_admixed
7 0
18 0
6 0
4 2
6 0
14 0
locus NW_006803996.1:2939204 0.00016870484914002648
p_admixed
5 0
6 0
8 0
5 0
6 0
10 0
locus NW_006803999.1:4293524 0.0002642778320762198
p_admixed
5 0
7 0
6 0
3 1
9 0
9 0
locus NW_006803999.1:4427356 0.0001985286977056839
p_admixed
4 0
6 0
14 0
5 0
8 0
8 0
locus NW_006804000.1:3651621 0.0001958215340427659
p_admixed
11 0
5 0
3 4
0 6
0 6
0 9
locus NW_006804001.1:2243074 0.00019499369679327954
p_admixed
6 0
19 0
10 0
5 0
4 0
8 0
locus NW_006804002.1:181718 0.0001918392958629225
p_admixed
11 1
12 1
4 9
0 5
0 4
0 10
locus NW_006804002.1:2476157 0.0002867876961109966
p_admixed
5 0
8 0
4 6
4 0
4 0
9 0
locus NW_006804003.1:922335 0.00028166258717617976
p_admixed
8 0
13 0
6 0
0 6
0 8
0 14
locus NW_006804003.1:2837737 0.00029740336436334767
p_admixed
8 0
11 0
12 0
6 0
10 0
16 0
locus NW_006804003.1:4126778 0.00024246127100776828
p_admixed
6 0
11 0
10 4
4 3
1 5
3 9
locus NW_006804003.1:4337396 0.0003003488091935089
p_admixed
4 0
11 0
2 2
9 0
5 0
12 0
locus NW_006804004.1:5184046 0.0002689992313458723
p_admixed
7 0
13 0
10 0
9 1
11 0
11 0
locus NW_006804005.1:1673856 0.0002711855357488081
p_admixed
7 0
9 7
20 0
4 0
10 0
20 0
locus NW_006804005.1:2210351 0.00019798306647031278
p_admixed
11 0
5 0
18 0
4 0
6 0
17 0
locus NW_006804006.1:1471246 0.00027067770660750497
p_admixed
9 0
12 0
0 13
0 5
0 11
0 12
locus NW_006804006.1:3481133 0.00019393916377530304
p_admixed
6 0
10 0
0 9
0 6
0 8
1 7
locus NW_006804007.1:1472293 0.00041027688467241123
p_admixed
8 0
13 0
7 2
0 5
1 6
2 5
locus NW_006804007.1:1550846 0.00035796717128839254
p_admixed
5 0
13 0
3 2
0 5
0 13
0 4
locus NW_006804007.1:4390823 0.0001852079051493289
p_admixed
8 0
12 0
12 0
8 0
5 0
16 0
locus NW_006804007.1:4425630 0.0002968849996425365
p_admixed
4 6
7 0
21 0
4 0
6 0
11 0
locus NW_006804007.1:4470134 0.00019468121664251866
p_admixed
6 0
0 7
16 0
6 0
5 0
16 0
locus NW_006804007.1:4639147 0.00018786394258485115
p_admixed
5 0
11 0
6 5
0 5
0 9
0 17
locus NW_006804007.1:4952132 0.00018088434469997557
p_admixed
6 0
19 0
8 5
0 6
0 6
0 10
locus NW_006804009.1:579933 0.0002973241341250787
p_admixed
4 12
3 14
1 13
0 5
0 11
0 24
locus NW_006804009.1:5060840 0.00019607570173809142
p_admixed
5 0
9 0
4 0
4 0
8 0
8 0
locus NW_006804010.1:2115476 0.00017766767326338694
p_admixed
5 1
5 6
4 12
2 7
2 4
13 12
locus NW_006804010.1:5073122 0.00035637678305754827
p_admixed
28 0
32 0
32 0
15 0
22 0
31 0
locus NW_006804010.1:5099906 0.0003024121832692028
p_admixed
3 13
1 21
8 34
2 8
6 16
20 34
locus NW_006804012.1:1409622 0.0002364622892514901
p_admixed
4 1
18 0
6 2
0 4
0 5
0 5
locus NW_006804012.1:4477741 0.00024454454625481967
p_admixed
7 1
7 0
9 1
0 4
0 5
0 5
locus NW_006804015.1:253444 0.0001828037358528239
p_admixed
2 6
9 4
16 0
5 0
9 0
16 0
locus NW_006804015.1:833914 0.00023566000817626314
p_admixed
5 0
18 0
6 0
6 0
6 0
16 0
locus NW_006804015.1:2488272 0.00029758408108138736
p_admixed
8 0
12 0
10 0
4 0
7 0
11 0
locus NW_006804015.1:3325227 0.00033356120047776244
p_admixed
5 0
9 0
19 0
9 0
6 0
19 0
locus NW_006804016.1:1069 0.00022715916253592244
p_admixed
90 0
83 18
73 3
44 0
43 0
90 0
locus NW_006804016.1:1799 0.00022200387150183025
p_admixed
11 1
37 5
7 36
3 15
5 30
4 56
locus NW_006804016.1:2242 0.00022146778787125406
p_admixed
17 0
55 0
39 1
29 5
23 1
81 6
locus NW_006804016.1:97728 0.00018872315989349814
p_admixed
8 7
12 3
13 4
6 2
4 1
17 3
locus NW_006804016.1:2984451 0.00029982821328474764
p_admixed
12 0
7 0
13 3
6 0
7 0
9 0
locus NW_006804016.1:3658729 0.00019611321468983957
p_admixed
8 0
6 0
8 7
1 6
0 4
0 9
locus NW_006804017.1:4835170 0.0003009667247187948
p_admixed
9 1
5 0
0 11
1 3
7 0
10 6
locus NW_006804019.1:4358114 0.0002801979422795384
p_admixed
5 0
10 0
14 0
4 0
5 0
6 0
locus NW_006804020.1:232747 0.0002651062542315847
p_admixed
14 0
21 0
18 0
4 0
10 0
27 0
locus NW_006804020.1:535135 0.0001755255375303636
p_admixed
7 0
10 0
2 6
3 2
5 0
1 11
locus NW_006804020.1:908305 0.00017648524622092588
p_admixed
7 0
14 0
0 6
0 4
0 12
0 14
locus NW_006804021.1:425662 0.00019229504978782348
p_admixed
4 0
6 1
0 9
0 5
0 9
0 21
locus NW_006804022.1:727231 0.0001926186800242844
p_admixed
6 0
17 1
0 12
0 5
0 6
0 11
locus NW_006804022.1:3064995 0.00024415483086276976
p_admixed
12 0
17 0
12 0
6 1
5 0
6 0
locus NW_006804022.1:3634855 0.00017133816215625226
p_admixed
6 0
11 0
22 0
4 0
9 0
14 0
locus NW_006804023.1:771155 0.0002879984766346321
p_admixed
5 0
12 0
7 0
4 0
8 0
5 0
locus NW_006804023.1:4245596 0.00019572481291642435
p_admixed
10 0
5 0
12 0
4 0
6 0
10 0
locus NW_006804025.1:2351180 0.00019704483108633742
p_admixed
9 0
7 1
3 2
0 5
0 9
0 8
locus NW_006804025.1:3843815 0.00018859492490831106
p_admixed
9 0
10 0
11 0
4 0
10 0
4 0
locus NW_006804026.1:4093606 0.0002479060476485089
p_admixed
10 0
0 13
19 0
4 0
8 0
11 0
locus NW_006804027.1:1015278 0.00021554797730307515
p_admixed
9 0
7 0
17 0
4 0
7 0
7 0
locus NW_006804028.1:715156 0.00016545972297678425
p_admixed
5 0
4 0
10 0
7 0
8 0
13 0
locus NW_006804029.1:1231743 0.00027205969786432097
p_admixed
7 0
8 0
17 0
5 0
7 0
17 0
locus NW_006804029.1:1825776 0.00030159864891305673
p_admixed
9 0
9 7
9 0
5 0
4 0
22 0
locus NW_006804031.1:3095257 0.0001884427327898086
p_admixed
10 0
11 0
10 0
7 0
7 0
18 0
locus NW_006804032.1:4834422 0.00018776972552520178
p_admixed
5 0
14 0
5 3
4 0
5 0
10 0
locus NW_006804033.1:569129 0.0002928418661062955
p_admixed
9 0
10 0
13 0
6 0
4 0
10 0
locus NW_006804033.1:622368 0.00019535476030783873
p_admixed
4 0
14 0
7 0
4 4
2 2
11 0
locus NW_006804033.1:999095 0.0003140706035187255
p_admixed
9 0
11 0
7 0
5 0
4 0
6 0
locus NW_006804033.1:4379002 0.00018050690529329002
p_admixed
12 0
10 0
13 0
5 0
4 0
7 0
locus NW_006804034.1:4188278 0.000271540854850214
p_admixed
0 6
14 0
7 0
7 0
4 0
20 0
locus NW_006804035.1:1713433 0.0001953481924450514
p_admixed
4 0
13 0
7 0
3 0
5 0
6 0
locus NW_006804035.1:4288245 0.00020406983092359772
p_admixed
8 0
10 0
2 3
0 9
0 6
1 9
locus NW_006804036.1:1972751 0.0003146841163636345
p_admixed
4 0
6 1
7 8
0 6
0 5
0 12
locus NW_006804036.1:2350974 0.0002224122156513336
p_admixed
5 0
7 0
10 0
5 0
9 0
18 0
locus NW_006804036.1:2486030 0.00019744227292939315
p_admixed
4 0
15 0
4 0
5 0
5 0
3 4
locus NW_006804041.1:2724318 0.00021801629652150355
p_admixed
8 0
9 0
18 0
4 0
10 0
12 0
locus NW_006804041.1:4209886 0.00018636862201852205
p_admixed
8 0
13 0
14 0
4 0
7 0
8 0
locus NW_006804043.1:2538042 0.0002595280123992217
p_admixed
6 0
13 1
0 8
0 4
0 9
0 6
locus NW_006804045.1:607534 0.00021185094119362846
p_admixed
6 0
11 0
8 0
5 0
4 0
10 0
locus NW_006804046.1:2432393 0.0002480286500561831
p_admixed
8 0
6 0
7 14
0 10
0 6
0 12
locus NW_006804047.1:1826150 0.00019343459361542968
p_admixed
8 0
10 0
22 0
0 5
8 3
0 8
locus NW_006804047.1:3212960 0.00018794759135840207
p_admixed
0 4
17 0
10 0
11 0
11 0
14 0
locus NW_006804048.1:1027505 0.00018244215823507286
p_admixed
5 0
7 0
3 3
0 4
0 7
0 9
locus NW_006804049.1:4495037 0.00018377316941937702
p_admixed
2 48
6 61
0 62
0 33
0 34
0 124
locus NW_006804051.1:3808918 0.00020470763747555153
p_admixed
1 23
1 24
3 58
0 11
0 21
1 11
locus NW_006804052.1:2893560 0.00030920921891126895
p_admixed
0 7
14 0
15 4
0 4
0 5
4 7
locus NW_006804052.1:4156203 0.00021255259691310618
p_admixed
17 0
16 0
5 0
4 0
5 0
17 0
locus NW_006804053.1:1228940 0.0002930075544322154
p_admixed
5 0
6 0
9 3
0 4
0 8
0 17
locus NW_006804053.1:2807538 0.00017709214021059534
p_admixed
0 5
11 0
6 0
5 0
11 0
18 0
locus NW_006804054.1:167992 0.0001770082075203384
p_admixed
10 0
10 1
8 0
5 0
6 0
10 0
locus NW_006804055.1:249466 0.00018320271977025993
p_admixed
7 2
13 4
17 0
4 0
12 0
13 0
locus NW_006804057.1:3268431 0.0003512421264654267
p_admixed
15 0
0 7
17 0
4 0
6 0
11 0
locus NW_006804058.1:4133614 0.00028271782603095114
p_admixed
8 0
10 0
10 10
10 1
10 8
10 6
locus NW_006804059.1:605628 0.00028200880310128105
p_admixed
0 7
9 0
11 0
5 0
7 0
10 0
locus NW_006804060.1:1743854 0.0002659149179304906
p_admixed
0 4
7 0
3 4
0 5
0 5
0 5
locus NW_006804061.1:865537 0.00018107481772347894
p_admixed
5 0
11 0
10 5
1 3
0 13
0 11
locus NW_006804061.1:1713345 0.0001693817481462965
p_admixed
11 0
7 0
13 0
8 0
1 6
7 5
locus NW_006804063.1:3998063 0.00025161813052167203
p_admixed
9 0
17 0
7 0
8 0
9 0
12 0
locus NW_006804064.1:2688777 0.000290763335818615
p_admixed
0 8
4 0
0 24
0 7
0 5
0 15
locus NW_006804065.1:202626 0.00017841537983635182
p_admixed
9 0
10 0
9 7
0 4
0 4
0 11
locus NW_006804066.1:3674173 0.00021578016407736492
p_admixed
15 0
37 0
30 0
25 0
17 0
29 0
locus NW_006804068.1:875677 0.00018607496970636926
p_admixed
8 0
15 0
27 0
4 0
6 0
8 0
locus NW_006804068.1:1632222 0.00026633254166495295
p_admixed
12 0
8 1
3 4
0 4
0 9
0 5
locus NW_006804069.1:2564825 0.0003023540421249067
p_admixed
15 0
12 0
7 9
0 4
0 9
0 6
locus NW_006804075.1:526454 0.00018759576778696281
p_admixed
9 0
8 0
13 0
7 0
12 0
7 0
locus NW_006804075.1:2209258 0.00030690323725048946
p_admixed
7 0
10 0
0 9
0 4
0 4
0 14
locus NW_006804077.1:1387336 0.0002819878610274182
p_admixed
7 1
14 0
7 0
10 0
10 0
15 0
locus NW_006804078.1:2721525 0.0002002854568361802
p_admixed
4 0
17 0
8 0
7 0
7 0
11 4
locus NW_006804079.1:2282666 0.00017945887973603105
p_admixed
5 1
8 0
19 0
6 0
7 0
12 0
locus NW_006804081.1:2600472 0.00030555613877459887
p_admixed
5 0
7 0
10 0
4 0
6 0
4 0
locus NW_006804081.1:3559983 0.00031567740281904255
p_admixed
16 0
16 0
0 11
0 5
0 14
0 15
locus NW_006804084.1:3244761 0.0002824293441245227
p_admixed
4 0
12 0
4 0
5 0
6 0
13 1
locus NW_006804084.1:3388322 0.00018660084230613932
p_admixed
11 0
8 0
0 16
0 5
0 13
1 15
locus NW_006804084.1:3972750 0.00017901253468155095
p_admixed
7 0
6 1
0 11
0 4
0 6
0 7
locus NW_006804085.1:1170003 0.00022986785520588481
p_admixed
7 42
7 93
1 36
0 26
1 33
2 70
locus NW_006804087.1:1043606 0.0002673489899284366
p_admixed
58 0
34 0
18 7
7 6
2 8
17 9
locus NW_006804088.1:1218233 0.0002717111869962076
p_admixed
7 0
14 0
22 0
5 0
5 0
10 0
locus NW_006804089.1:1282207 0.0002468074469687065
p_admixed
10 0
13 0
0 11
0 4
0 6
0 11
locus NW_006804091.1:1837641 0.0003280716446896282
p_admixed
0 8
13 0
12 0
4 0
6 0
17 0
locus NW_006804093.1:534510 0.00019922426803397955
p_admixed
6 1
15 0
12 2
0 6
0 5
0 8
locus NW_006804093.1:2456567 0.00020297562703507318
p_admixed
4 0
9 0
3 1
0 4
0 11
1 15
locus NW_006804094.1:3117240 0.0003525331373720301
p_admixed
8 0
12 0
5 0
8 0
5 0
6 0
locus NW_006804095.1:2840063 0.00017022244280290235
p_admixed
0 13
15 0
6 0
6 0
7 0
13 0
locus NW_006804095.1:3326519 0.0002693141782088772
p_admixed
9 0
9 0
9 0
3 1
4 0
8 0
locus NW_006804096.1:1332328 0.0002812677114750277
p_admixed
1 6
13 0
10 0
4 0
6 0
11 0
locus NW_006804097.1:1109033 0.00024788133243417256
p_admixed
7 0
7 0
9 0
8 0
5 0
7 0
locus NW_006804097.1:3115900 0.00021439927308877302
p_admixed
4 0
11 0
6 0
0 5
9 0
0 6
locus NW_006804098.1:3694724 0.00018569838212792754
p_admixed
5 0
10 0
6 0
4 1
6 0
5 0
locus NW_006804099.1:3356704 0.00025007562444594227
p_admixed
6 0
7 0
1 4
4 0
9 0
8 0
locus NW_006804100.1:243483 0.00017811828532333845
p_admixed
8 0
22 0
0 15
0 10
0 5
0 9
locus NW_006804100.1:1312740 0.00020625060160906446
p_admixed
12 0
9 0
11 0
5 0
8 0
16 0
locus NW_006804100.1:1471879 0.000283195151948844
p_admixed
5 0
13 0
0 7
0 7
0 4
0 9
locus NW_006804102.1:2589702 0.00030640855300640156
p_admixed
12 0
7 0
13 0
7 0
12 0
14 0
locus NW_006804105.1:3422454 0.00018912006201784816
p_admixed
7 0
11 1
0 9
0 5
0 7
1 12
locus NW_006804105.1:3588769 0.0001707902430419217
p_admixed
7 0
9 0
5 0
5 0
4 0
12 0
locus NW_006804107.1:1502755 0.00030591597298204154
p_admixed
6 0
8 1
7 10
0 6
0 6
0 13
locus NW_006804108.1:2969316 0.0002785316033905955
p_admixed
5 0
14 0
0 10
0 4
0 8
1 3
locus NW_006804109.1:1157122 0.000282154504001126
p_admixed
0 5
9 0
4 1
5 0
11 0
8 0
locus NW_006804110.1:2157266 0.000278518053830741
p_admixed
6 0
8 0
14 0
7 0
4 0
12 0
locus NW_006804111.1:251360 0.00033944311432625824
p_admixed
4 0
11 0
3 1
0 4
2 3
13 0
locus NW_006804111.1:1106901 0.0001827942655339008
p_admixed
8 0
9 0
6 0
5 0
5 0
16 0
locus NW_006804111.1:3425208 0.00032822229315095715
p_admixed
8 0
5 1
0 5
0 10
0 7
0 8
locus NW_006804112.1:2901351 0.0002287047139715232
p_admixed
18 0
4 0
9 0
1 3
6 0
9 0
locus NW_006804113.1:1009328 0.00028816087221564317
p_admixed
4 0
10 0
7 0
2 2
5 0
17 0
locus NW_006804113.1:2193991 0.00018737223402258754
p_admixed
17 0
8 0
5 4
0 6
0 12
0 5
locus NW_006804116.1:3432603 0.00028133375558882576
p_admixed
5 0
2 13
1 5
5 1
2 11
4 12
locus NW_006804117.1:1517276 0.00030755150803398986
p_admixed
6 0
10 0
2 2
0 4
0 6
0 6
locus NW_006804117.1:1903494 0.0002176109048056458
p_admixed
4 1
7 0
3 3
0 4
0 4
0 5
locus NW_006804118.1:1615633 0.00024230300036672735
p_admixed
4 0
6 0
0 5
0 7
0 11
1 13
locus NW_006804118.1:2241883 0.00019156892418401678
p_admixed
4 0
8 0
6 0
4 0
7 0
6 0
locus NW_006804119.1:1010228 0.00023125733769371366
p_admixed
1 5
10 0
4 0
4 0
4 0
10 0
locus NW_006804119.1:1981653 0.0002536277075077723
p_admixed
5 0
11 0
0 7
1 3
0 16
0 9
locus NW_006804122.1:2328417 0.00018473843876384713
p_admixed
6 0
20 0
16 0
5 0
10 0
15 0
locus NW_006804122.1:3445965 0.00021118302798831136
p_admixed
5 0
12 0
10 0
7 0
6 0
9 0
locus NW_006804122.1:3742172 0.00027978427542002326
p_admixed
0 8
2 7
5 12
1 6
7 9
11 16
locus NW_006804123.1:953856 0.0001832949723475804
p_admixed
4 0
11 0
2 2
0 4
0 4
0 4
locus NW_006804123.1:1443477 0.00026806570226654613
p_admixed
8 1
9 0
3 6
0 4
0 4
0 10
locus NW_006804124.1:2580463 0.00018959651786299648
p_admixed
0 4
0 8
0 9
0 4
0 14
0 15
locus NW_006804124.1:3127716 0.0001847205990792473
p_admixed
5 0
10 0
10 0
7 0
5 0
9 0
locus NW_006804125.1:2799336 0.0001935784824659162
p_admixed
4 0
8 0
0 10
0 5
10 0
13 0
locus NW_006804129.1:2213865 0.0001666290222743398
p_admixed
10 0
8 0
8 4
5 0
9 0
20 0
locus NW_006804130.1:5756 0.0002973001129377841
p_admixed
4 1
4 3
6 4
0 4
0 7
4 19
locus NW_006804130.1:2253861 0.0001958883180565742
p_admixed
4 0
41 0
18 1
1 8
1 17
0 44
locus NW_006804132.1:925261 0.0003391966637573405
p_admixed
8 0
7 0
9 0
4 0
6 0
7 0
locus NW_006804132.1:2383404 0.000228929826007515
p_admixed
16 1
9 2
0 10
0 4
0 7
0 9
locus NW_006804133.1:1473056 0.000208069290839265
p_admixed
4 0
8 0
9 0
4 0
11 0
10 0
locus NW_006804133.1:3042282 0.00020921223697868276
p_admixed
4 0
14 0
0 10
0 9
0 6
0 6
locus NW_006804135.1:336645 0.0001906367157646849
p_admixed
7 0
8 0
0 10
0 6
0 5
1 9
locus NW_006804135.1:3177349 0.000266588768574877
p_admixed
6 0
8 0
0 5
0 7
0 6
0 10
locus NW_006804137.1:336775 0.00027030656860494985
p_admixed
11 0
13 0
2 3
2 2
0 6
0 11
locus NW_006804138.1:9513 0.00020865033553628433
p_admixed
8 0
12 0
15 0
5 0
8 0
11 0
locus NW_006804138.1:1560191 0.0001916870905142441
p_admixed
9 0
13 0
7 6
0 4
0 9
0 5
locus NW_006804139.1:1055043 0.00017344374683154294
p_admixed
0 6
13 0
15 5
1 3
0 5
1 10
locus NW_006804141.1:531196 0.00018414613762492946
p_admixed
8 0
11 0
15 0
6 0
6 0
18 0
locus NW_006804141.1:1368308 0.00021378386271540424
p_admixed
12 0
9 0
17 6
0 5
0 6
0 12
locus NW_006804141.1:2614683 0.00018703759731938146
p_admixed
6 0
13 0
18 0
5 0
6 0
7 0
locus NW_006804142.1:872366 0.0002607149105123505
p_admixed
5 0
8 0
4 5
0 5
0 6
0 12
locus NW_006804142.1:998342 0.0002483955376191561
p_admixed
3 1
5 0
1 4
0 4
0 7
1 10
locus NW_006804144.1:88134 0.0002486853819599935
p_admixed
47 45
22 14
23 4
6 1
17 4
25 5
locus NW_006804144.1:1281324 0.00028281113672975344
p_admixed
5 0
11 0
4 4
0 4
0 4
1 10
locus NW_006804144.1:1704223 0.0002786986682649595
p_admixed
4 0
6 0
7 0
5 0
10 0
13 0
locus NW_006804144.1:2405244 0.00016709254281929587
p_admixed
8 0
7 0
2 8
0 5
9 0
4 0
locus NW_006804146.1:2583736 0.00023769135129590445
p_admixed
8 0
8 0
13 0
4 0
9 0
9 0
locus NW_006804147.1:721871 0.00021661429948354445
p_admixed
7 0
7 0
0 16
0 5
0 4
0 9
locus NW_006804147.1:2102618 0.0002989636499231203
p_admixed
9 0
18 0
20 0
8 0
8 0
5 0
locus NW_006804147.1:2166443 0.0002742275370343896
p_admixed
7 0
5 0
15 0
4 3
4 0
5 1
locus NW_006804148.1:1357388 0.00020131905441715239
p_admixed
6 0
0 4
4 0
4 0
6 0
7 0
locus NW_006804148.1:2208495 0.00019253459294451538
p_admixed
6 0
10 0
0 10
0 5
0 6
0 6
locus NW_006804149.1:1153398 0.00019274923795095322
p_admixed
4 0
17 0
14 0
5 0
10 0
14 0
locus NW_006804149.1:2278966 0.00018376460732654902
p_admixed
5 0
19 0
19 0
4 0
7 0
17 0
locus NW_006804150.1:2252371 0.00030452847277815255
p_admixed
9 0
6 0
11 0
5 0
8 0
12 0
locus NW_006804154.1:1687270 0.0001794758286499914
p_admixed
9 0
7 0
10 0
6 0
4 0
11 0
locus NW_006804155.1:69542 0.00023888994957814398
p_admixed
4 0
13 0
18 0
4 1
2 4
13 0
locus NW_006804156.1:2656890 0.00030998612685005764
p_admixed
4 0
12 0
6 0
4 0
7 0
14 0
locus NW_006804157.1:3558268 0.00028166811187664315
p_admixed
23 0
30 0
32 2
7 4
24 1
39 3
locus NW_006804158.1:408788 0.000292704481933409
p_admixed
12 0
7 2
15 0
9 0
9 0
12 0
locus NW_006804158.1:2352287 0.0001928876481216029
p_admixed
7 0
13 0
9 3
0 6
0 4
0 16
locus NW_006804159.1:2966308 0.00018500807936985692
p_admixed
9 0
10 0
3 4
0 4
0 8
0 7
locus NW_006804160.1:8254 0.0001978440903395592
p_admixed
16 28
37 22
12 44
0 8
0 8
0 25
locus NW_006804160.1:9648 0.0001990316973755546
p_admixed
48 0
85 0
54 0
9 0
11 0
34 0
locus NW_006804160.1:1024987 0.00019495303896364363
p_admixed
8 0
36 4
7 0
7 0
9 0
29 0
locus NW_006804161.1:2212546 0.00018700993453484483
p_admixed
5 0
16 0
9 0
4 0
6 0
13 0
locus NW_006804164.1:1239177 0.0002506849116875054
p_admixed
15 0
11 0
10 0
4 0
9 0
11 0
locus NW_006804166.1:1945435 0.0003034739371119987
p_admixed
0 6
8 0
10 0
5 0
4 0
6 0
locus NW_006804168.1:128681 0.00023688720725310384
p_admixed
11 0
16 0
0 13
0 4
0 4
2 7
locus NW_006804168.1:1143822 0.00020723869419364812
p_admixed
5 0
15 0
9 0
4 0
4 0
17 0
locus NW_006804170.1:1095607 0.00028406641430664935
p_admixed
4 0
8 0
5 0
2 3
5 0
11 0
locus NW_006804172.1:2559340 0.0001933287278866485
p_admixed
6 0
5 0
4 8
9 0
13 0
13 0
locus NW_006804173.1:1581937 0.000264691291753135
p_admixed
11 0
16 0
9 2
0 6
1 12
0 15
locus NW_006804174.1:1448406 0.00018295217335358103
p_admixed
4 0
7 0
10 3
0 6
0 14
0 6
locus NW_006804176.1:87986 0.0001804450503460989
p_admixed
5 0
11 0
11 0
6 0
5 0
12 0
locus NW_006804176.1:1026308 0.0002647199309389929
p_admixed
7 0
11 0
5 11
0 7
0 7
1 15
locus NW_006804177.1:1372606 0.00029306384354045324
p_admixed
9 0
8 0
0 8
0 8
0 5
0 9
locus NW_006804178.1:1385979 0.00016546419179513328
p_admixed
5 0
10 0
0 4
0 4
0 9
0 9
locus NW_006804179.1:1256864 0.00019508876117256283
p_admixed
5 0
5 0
9 0
5 0
8 0
8 0
locus NW_006804180.1:148502 0.00021005984882924218
p_admixed
9 0
6 0
13 0
4 0
4 0
18 0
locus NW_006804181.1:2690651 0.00020669474870110212
p_admixed
7 0
12 2
6 17
0 6
0 5
0 13
locus NW_006804183.1:2534268 0.0002949820920746627
p_admixed
5 0
7 0
0 12
0 6
0 4
0 13
locus NW_006804185.1:1778020 0.00019712202434845892
p_admixed
4 0
8 1
11 0
0 8
0 7
0 11
locus NW_006804186.1:1944309 0.00019240978151726363
p_admixed
5 0
9 0
5 3
0 5
1 7
0 18
locus NW_006804193.1:1015447 0.0002937236164139687
p_admixed
7 0
16 0
12 0
4 0
5 0
9 0
locus NW_006804195.1:2680536 0.00027661560607110256
p_admixed
7 0
12 0
8 4
2 3
0 5
5 0
locus NW_006804195.1:2884466 0.00025033206378187206
p_admixed
5 0
9 0
17 0
4 0
11 0
13 0
locus NW_006804199.1:1736674 0.00017261536488768928
p_admixed
7 0
9 0
23 0
4 0
7 0
18 0
locus NW_006804200.1:1439477 0.00017615616595085921
p_admixed
6 0
9 0
3 9
2 2
9 0
9 0
locus NW_006804200.1:2282262 0.0003068217174860448
p_admixed
10 0
5 0
7 0
6 0
0 7
25 0
locus NW_006804203.1:1523992 0.00019188072419331975
p_admixed
6 0
19 1
7 0
8 0
7 0
12 0
locus NW_006804204.1:155294 0.00018869264812412153
p_admixed
5 0
9 0
9 0
4 0
4 0
3 1
locus NW_006804206.1:305545 0.00029097270766221487
p_admixed
5 0
5 0
7 9
0 4
0 7
4 8
locus NW_006804206.1:676098 0.00019735087301335198
p_admixed
9 0
15 0
4 0
3 2
0 6
7 5
locus NW_006804209.1:662049 0.00022731880694386934
p_admixed
4 2
5 0
4 2
1 6
0 11
0 8
locus NW_006804209.1:970960 0.00028021221356716597
p_admixed
5 0
16 0
5 9
0 4
0 12
0 7
locus NW_006804210.1:585448 0.0002627387605244519
p_admixed
4 5
8 9
8 12
0 4
6 6
7 5
locus NW_006804210.1:732925 0.00023045389993759638
p_admixed
19 0
9 0
16 0
4 0
13 0
19 0
locus NW_006804214.1:1838689 0.00026623516292189237
p_admixed
12 0
13 0
11 0
6 0
12 0
13 0
locus NW_006804214.1:1898938 0.00024691314968322054
p_admixed
4 0
25 0
9 1
5 4
8 6
3 11
locus NW_006804214.1:2700964 0.00022330654793262136
p_admixed
8 0
14 0
13 3
3 4
4 3
6 3
locus NW_006804215.1:3101547 0.0002904927894814775
p_admixed
12 0
8 0
8 0
7 0
6 0
8 0
locus NW_006804216.1:2485026 0.00016969226485999235
p_admixed
7 0
11 0
16 3
7 0
5 4
13 1
locus NW_006804217.1:1524816 0.00029724250473048465
p_admixed
5 0
14 0
6 0
6 0
6 0
23 0
locus NW_006804217.1:2622438 0.000183178836343756
p_admixed
7 0
7 0
6 0
4 0
11 0
14 0
locus NW_006804219.1:537178 0.00029155117187914154
p_admixed
4 0
7 0
3 2
0 7
0 9
0 8
locus NW_006804221.1:865415 0.0001894804546816524
p_admixed
3 3
4 10
8 3
2 3
4 2
12 5
locus NW_006804221.1:1147767 0.00021727297786196926
p_admixed
5 0
7 0
11 0
4 0
6 0
16 0
locus NW_006804221.1:1341390 0.0003122046200187688
p_admixed
8 0
13 0
14 19
0 7
1 10
0 17
locus NW_006804221.1:1874813 0.0002013270307434453
p_admixed
8 0
13 0
8 4
0 4
7 1
4 7
locus NW_006804222.1:2229034 0.0002540701921355488
p_admixed
7 0
6 0
24 0
6 0
10 0
11 0
locus NW_006804222.1:2687544 0.0003437157275236087
p_admixed
10 0
12 0
0 16
0 4
0 7
0 7
locus NW_006804226.1:819832 0.00026425034794051917
p_admixed
4 0
12 0
0 10
0 4
0 4
0 11
locus NW_006804227.1:1682630 0.00025992317375998563
p_admixed
4 0
14 0
0 19
0 4
0 7
0 9
locus NW_006804227.1:2453104 0.0002826216567003051
p_admixed
7 0
10 0
6 0
0 4
0 8
0 5
locus NW_006804228.1:528491 0.0003023884240851594
p_admixed
8 0
5 0
10 0
5 0
5 0
15 0
locus NW_006804228.1:1274615 0.00017604244620156626
p_admixed
5 0
14 0
9 0
7 0
5 0
12 0
locus NW_006804228.1:2224461 0.0002823671158349547
p_admixed
7 0
10 0
0 7
0 5
0 9
0 6
locus NW_006804229.1:671482 0.00020479326241966037
p_admixed
6 0
24 0
0 4
0 4
0 7
1 9
locus NW_006804233.1:15436 0.0002767799263739513
p_admixed
3 3
26 0
69 44
9 0
43 14
40 19
locus NW_006804233.1:15772 0.00024209894946853987
p_admixed
10 0
9 0
15 2
2 3
14 0
19 0
locus NW_006804233.1:16153 0.00023454318376893484
p_admixed
76 0
48 0
42 10
10 1
32 6
76 23
locus NW_006804233.1:30696 0.000270236167550344
p_admixed
1 3
15 8
30 25
18 2
18 12
45 13
locus NW_006804233.1:190840 0.00026367420382719615
p_admixed
12 0
9 0
12 0
5 0
4 0
5 0
locus NW_006804235.1:1500847 0.00018796357369120647
p_admixed
0 7
13 0
11 0
6 0
6 0
17 0
locus NW_006804235.1:1966957 0.00026497980605721467
p_admixed
8 0
13 0
0 10
0 4
0 10
0 7
locus NW_006804237.1:792128 0.00016955765830296984
p_admixed
5 0
10 1
7 0
4 0
4 0
13 0
locus NW_006804238.1:1782003 0.0002025628992804991
p_admixed
5 0
11 2
0 4
0 4
0 6
0 11
locus NW_006804239.1:863815 0.00018930883979183293
p_admixed
0 5
12 0
11 0
5 0
8 0
5 0
locus NW_006804240.1:407807 0.00020017617065276385
p_admixed
13 0
4 0
14 0
5 0
4 0
12 0
locus NW_006804241.1:721314 0.0003265888925080203
p_admixed
6 0
11 0
24 0
3 1
5 0
14 0
locus NW_006804241.1:1804686 0.00018851303032738846
p_admixed
14 0
15 0
2 4
4 0
7 0
5 6
locus NW_006804241.1:2495490 0.0002908922294683395
p_admixed
10 0
5 0
0 26
0 4
0 13
0 14
locus NW_006804244.1:88803 0.00017233341375605737
p_admixed
7 0
10 8
18 0
4 0
9 0
7 0
locus NW_006804244.1:271823 0.00024704425837407585
p_admixed
6 0
17 0
8 0
3 1
8 0
8 0
locus NW_006804245.1:1359559 0.0002698479698811946
p_admixed
5 0
9 0
0 11
0 7
0 4
0 22
locus NW_006804248.1:1785518 0.00023296087652136172
p_admixed
11 0
9 0
9 0
4 0
5 0
8 0
locus NW_006804249.1:2049454 0.0003504778565452586
p_admixed
9 0
13 0
17 0
5 0
11 0
8 0
locus NW_006804250.1:1123581 0.00019672840010186363
p_admixed
6 0
4 0
7 2
0 4
0 10
2 11
locus NW_006804251.1:917882 0.0001880281247506801
p_admixed
5 0
7 0
11 6
4 0
0 8
4 5
locus NW_006804251.1:2312858 0.00018055130983044427
p_admixed
4 0
11 0
6 0
5 0
8 0
14 0
locus NW_006804253.1:2269222 0.00020232541552831854
p_admixed
4 0
11 7
8 16
1 3
10 6
11 5
locus NW_006804254.1:1877138 0.00018236536694197489
p_admixed
5 0
9 0
0 10
1 6
0 5
0 9
locus NW_006804255.1:1714550 0.00018076918089849508
p_admixed
6 1
8 0
7 0
4 1
4 0
9 0
locus NW_006804257.1:377831 0.00018629023569068174
p_admixed
5 0
7 0
21 0
7 0
4 0
12 0
locus NW_006804259.1:1723745 0.00017593215289725988
p_admixed
7 0
16 0
0 20
0 5
0 8
2 12
locus NW_006804262.1:312986 0.00019246009123488923
p_admixed
7 0
7 1
0 17
0 6
0 17
1 8
locus NW_006804263.1:1203043 0.00017640414830266817
p_admixed
5 7
8 5
6 11
4 3
8 6
9 5
locus NW_006804265.1:2748856 0.00027235255009587235
p_admixed
0 6
13 0
0 10
0 6
0 4
0 16
locus NW_006804268.1:769598 0.00031462891777899485
p_admixed
7 0
4 0
6 1
0 7
0 7
1 8
locus NW_006804268.1:1023684 0.00028170174088809814
p_admixed
6 0
4 5
44 0
4 2
21 0
12 1
locus NW_006804271.1:1295961 0.00033634275673337654
p_admixed
12 0
13 0
8 0
9 0
8 0
7 0
locus NW_006804275.1:994840 0.00017338007038167477
p_admixed
6 0
17 0
2 11
0 4
0 4
1 9
locus NW_006804279.1:1579768 0.0001797894989316184
p_admixed
12 11
14 4
18 0
10 0
14 0
21 0
locus NW_006804281.1:414859 0.00026920323832021234
p_admixed
6 0
16 0
18 0
4 0
9 0
13 0
locus NW_006804283.1:464667 0.00027512822980748817
p_admixed
5 1
12 0
0 8
0 7
8 1
2 4
locus NW_006804286.1:2298792 0.00017361614872876568
p_admixed
11 0
0 16
21 0
5 0
9 0
7 0
locus NW_006804287.1:1540834 0.0002067288148162929
p_admixed
7 0
7 0
10 0
7 0
7 0
15 0
locus NW_006804290.1:729042 0.00018869077496707883
p_admixed
10 0
10 0
10 0
7 0
8 0
7 0
locus NW_006804290.1:940133 0.00017208275741223108
p_admixed
4 0
5 0
12 0
6 0
9 0
13 0
locus NW_006804294.1:720469 0.0003040092778718168
p_admixed
0 11
16 0
0 7
0 6
0 6
0 12
locus NW_006804296.1:422511 0.00029488982940262736
p_admixed
12 0
28 1
13 1
9 1
15 5
13 2
locus NW_006804297.1:839323 0.00025838135045838103
p_admixed
8 0
14 0
7 0
5 0
14 0
13 0
locus NW_006804302.1:1289272 0.0003485119504669324
p_admixed
5 0
0 9
10 0
6 0
8 0
9 0
locus NW_006804303.1:186415 0.00017552010995088114
p_admixed
5 0
6 0
0 9
0 4
0 4
1 18
locus NW_006804303.1:452978 0.0001806165512667483
p_admixed
4 0
15 0
0 12
0 9
0 10
5 0
locus NW_006804303.1:551013 0.00020136479125911746
p_admixed
5 0
7 0
6 0
4 1
9 0
11 0
locus NW_006804305.1:1165115 0.00029131560251855474
p_admixed
8 0
10 0
0 13
0 4
0 8
0 11
locus NW_006804305.1:1927768 0.0002851073929272877
p_admixed
6 0
7 1
0 7
0 7
0 8
0 12
locus NW_006804307.1:2100526 0.0002980342652672862
p_admixed
4 0
10 0
4 0
4 0
7 0
12 0
locus NW_006804307.1:2247766 0.00029807371805715745
p_admixed
7 0
9 0
7 0
6 0
14 0
10 0
locus NW_006804309.1:1476705 0.0002941762100284998
p_admixed
11 0
10 0
5 0
4 0
2 2
11 0
locus NW_006804310.1:1934820 0.000209205448038684
p_admixed
5 0
9 0
4 0
4 0
5 0
5 0
locus NW_006804314.1:561276 0.00017932482039959252
p_admixed
0 6
9 0
11 0
5 0
9 0
9 0
locus NW_006804316.1:2267158 0.00018443051630692673
p_admixed
0 4
7 0
1 8
0 4
0 13
0 13
locus NW_006804321.1:1315707 0.0002222619513294606
p_admixed
4 0
9 0
1 13
0 8
1 3
0 10
locus NW_006804326.1:974752 0.00028973422831154544
p_admixed
5 0
9 0
15 0
4 0
8 0
7 0
locus NW_006804327.1:1565350 0.0001814942743774773
p_admixed
9 2
5 13
1 9
0 4
0 7
5 6
locus NW_006804328.1:1807831 0.00020082772130803795
p_admixed
0 6
13 0
10 0
4 0
10 0
7 0
locus NW_006804328.1:2167267 0.0002709594156826872
p_admixed
0 5
11 0
0 9
0 11
0 6
0 8
locus NW_006804329.1:710500 0.00019395071977501249
p_admixed
7 0
19 0
8 0
7 0
8 0
6 0
locus NW_006804331.1:123056 0.0002125346080390004
p_admixed
7 0
14 0
0 6
0 4
0 6
0 10
locus NW_006804331.1:1040843 0.00028870465622637536
p_admixed
6 0
15 0
4 0
5 0
15 0
13 0
locus NW_006804332.1:5111 0.00030060657407515165
p_admixed
0 8
9 6
14 0
5 0
8 0
27 0
locus NW_006804335.1:55345 0.00021396554063264837
p_admixed
12 0
14 0
7 1
7 1
10 0
15 0
locus NW_006804335.1:1553452 0.0001989159926796602
p_admixed
4 0
10 0
0 7
0 5
0 7
0 21
locus NW_006804338.1:1224143 0.0001750847457000357
p_admixed
7 0
12 0
14 0
4 0
4 0
16 0
locus NW_006804339.1:684999 0.00021937921405951497
p_admixed
8 0
11 0
7 2
0 5
0 7
0 13
locus NW_006804339.1:1266839 0.00025851602112600397
p_admixed
6 10
7 7
15 2
4 0
14 0
23 0
locus NW_006804341.1:692672 0.0002799779182592385
p_admixed
6 0
13 0
5 0
6 0
8 0
9 0
locus NW_006804343.1:1842013 0.00018254462534462423
p_admixed
4 1
12 0
0 14
0 7
0 7
1 6
locus NW_006804351.1:1619640 0.0003153594764439069
p_admixed
14 7
16 11
30 5
13 5
17 5
42 7
locus NW_006804351.1:1635448 0.00025365966460866535
p_admixed
20 0
27 0
45 3
10 2
22 7
37 7
locus NW_006804351.1:1635725 0.00024655034411653285
p_admixed
7 0
12 3
29 0
6 0
15 0
19 0
locus NW_006804351.1:1638543 0.00017348668584903936
p_admixed
7 1
21 0
21 40
4 3
12 13
13 12
locus NW_006804351.1:1650648 0.00026552294640061995
p_admixed
6 13
10 38
50 0
17 0
49 0
62 0
locus NW_006804351.1:1661452 0.00017319217657175943
p_admixed
7 23
5 33
19 34
2 3
7 22
8 31
locus NW_006804353.1:1827232 0.00024479557194755395
p_admixed
0 6
8 0
0 10
0 7
0 5
0 11
locus NW_006804356.1:447 0.00020027279182842535
p_admixed
2 2
13 5
4 9
3 4
6 5
9 8
locus NW_006804357.1:1705491 0.00017925803058542933
p_admixed
4 0
11 0
12 2
7 0
11 0
7 0
locus NW_006804357.1:1972075 0.0003121158172994104
p_admixed
4 0
25 0
8 1
0 5
4 2
14 6
locus NW_006804357.1:2026423 0.0001845652852367511
p_admixed
4 0
14 4
5 15
0 4
0 5
0 16
locus NW_006804359.1:47255 0.0002175790431975883
p_admixed
6 2
9 4
8 3
2 6
4 1
8 3
locus NW_006804359.1:1852469 0.00032339331471126676
p_admixed
6 0
11 0
5 2
0 6
0 19
0 9
locus NW_006804368.1:52914 0.00020658277352425457
p_admixed
7 0
6 0
0 9
0 4
0 11
1 12
locus NW_006804368.1:1651424 0.00021519100574751202
p_admixed
5 29
21 46
10 10
3 8
5 10
9 21
locus NW_006804369.1:877710 0.0003152621440399379
p_admixed
6 0
5 0
12 0
3 1
10 0
0 14
locus NW_006804369.1:1120505 0.00023249699338897105
p_admixed
6 0
10 0
0 19
0 5
0 5
0 16
locus NW_006804370.1:1781097 0.00026054666002929165
p_admixed
0 5
0 9
0 9
0 4
0 5
0 15
locus NW_006804375.1:1836934 0.00018837088375594347
p_admixed
5 0
7 0
11 0
4 0
4 0
11 0
locus NW_006804379.1:1518931 0.00030994509962385366
p_admixed
4 0
4 8
8 14
0 6
0 12
0 22
locus NW_006804381.1:1611597 0.0003192946783681916
p_admixed
4 0
8 0
8 3
0 6
0 8
0 12
locus NW_006804381.1:1716433 0.0003041217257206437
p_admixed
8 1
13 0
6 4
0 4
0 12
1 11
locus NW_006804382.1:266034 0.00017835910275112557
p_admixed
11 0
11 0
0 12
0 8
0 6
0 9
locus NW_006804387.1:760287 0.000282391444848313
p_admixed
6 0
12 0
9 0
7 0
5 0
8 0
locus NW_006804388.1:1189930 0.00026924259269296117
p_admixed
8 0
15 0
0 6
1 3
2 5
0 6
locus NW_006804389.1:1180642 0.0003293937358230244
p_admixed
13 0
6 0
0 8
1 6
0 4
0 11
locus NW_006804391.1:217956 0.00017761687350135473
p_admixed
4 0
6 0
13 0
8 0
6 0
8 6
locus NW_006804394.1:528195 0.00024037505312247663
p_admixed
4 0
10 0
0 6
0 8
0 8
1 7
locus NW_006804413.1:1833187 0.0002025232630020333
p_admixed
10 0
18 0
28 0
5 0
12 0
12 0
locus NW_006804420.1:1513060 0.0002417545726428342
p_admixed
0 10
12 0
17 0
6 0
9 0
19 0
locus NW_006804421.1:1353789 0.00028915395521198655
p_admixed
11 0
12 0
0 16
0 10
1 7
0 15
locus NW_006804429.1:1334504 0.0002118167834373626
p_admixed
10 9
9 0
12 0
4 0
5 0
5 0
locus NW_006804430.1:487136 0.00019197361228820195
p_admixed
7 0
15 0
9 0
4 0
4 1
7 0
locus NW_006804433.1:48374 0.00028847682993179096
p_admixed
12 0
31 0
9 3
0 7
0 16
3 17
locus NW_006804434.1:1692333 0.00021018006833182134
p_admixed
2 4
7 18
4 13
0 6
4 8
0 16
locus NW_006804434.1:1707331 0.00024950222987880796
p_admixed
7 1
85 30
45 14
23 12
35 18
118 37
locus NW_006804434.1:1707655 0.00021489433343014323
p_admixed
12 0
52 32
30 1
43 0
52 1
104 1
locus NW_006804435.1:1392778 0.0002471207903243544
p_admixed
14 0
16 0
0 6
0 5
0 16
0 6
locus NW_006804435.1:1623632 0.00035599775434451696
p_admixed
44 42
22 22
34 28
10 8
45 20
74 49
locus NW_006804437.1:1048373 0.00017393980139417315
p_admixed
5 0
10 0
18 0
5 0
4 0
12 0
locus NW_006804441.1:542158 0.00020907970110098216
p_admixed
9 0
9 1
8 0
4 0
6 0
14 0
locus NW_006804446.1:664345 0.00031370068542675364
p_admixed
6 0
14 0
6 3
5 0
5 0
8 0
locus NW_006804451.1:1104081 0.00020079446989829266
p_admixed
5 4
12 0
10 0
10 0
11 0
8 1
locus NW_006804455.1:378663 0.0002494725123536044
p_admixed
0 7
14 0
8 0
4 0
5 0
7 0
locus NW_006804455.1:1088691 0.00019811589684662307
p_admixed
5 0
5 1
7 6
0 4
0 6
0 10
locus NW_006804456.1:1284841 0.00016397414831240844
p_admixed
0 6
12 9
17 10
0 11
0 14
0 23
locus NW_006804456.1:1332320 0.00027238948221386573
p_admixed
2 2
4 13
3 7
0 7
0 11
0 6
locus NW_006804464.1:1229740 0.00020713075779440655
p_admixed
5 0
11 0
12 0
4 0
6 0
8 0
locus NW_006804470.1:38870 0.00031562111356611396
p_admixed
14 0
10 0
26 0
7 0
5 0
7 8
locus NW_006804474.1:2284 0.00023003977183177812
p_admixed
0 52
3 34
5 20
6 1
4 4
5 14
locus NW_006804474.1:1180091 0.00026657058484809486
p_admixed
9 0
13 0
12 0
8 0
5 0
10 0
locus NW_006804475.1:961087 0.00018272987408404372
p_admixed
0 7
12 0
4 0
4 0
6 0
12 0
locus NW_006804481.1:1397933 0.00028904586783565277
p_admixed
4 0
9 0
10 7
4 0
11 0
6 2
locus NW_006804484.1:638207 0.00018157885240653035
p_admixed
10 0
10 0
18 0
4 0
5 0
13 0
locus NW_006804500.1:1339341 0.0002584072355026895
p_admixed
5 0
6 0
0 13
1 4
0 4
1 14
locus NW_006804501.1:590683 0.00031224369759438604
p_admixed
10 0
9 0
16 0
4 0
6 0
10 0
locus NW_006804503.1:1445141 0.0002634325770565481
p_admixed
15 0
9 0
20 0
3 1
9 0
10 0
locus NW_006804510.1:182385 0.00018676631521941266
p_admixed
0 4
10 0
0 5
0 5
0 11
0 11
locus NW_006804519.1:1128549 0.0002830249740944333
p_admixed
0 6
13 0
4 0
10 0
9 0
12 0
locus NW_006804520.1:841312 0.00017909110213839904
p_admixed
6 0
6 0
2 7
0 4
0 4
0 11
locus NW_006804520.1:1503472 0.00031503550114028744
p_admixed
8 0
7 0
15 0
4 0
13 0
9 0
locus NW_006804521.1:2140 0.00019158881306091522
p_admixed
4 2
7 3
1 6
2 3
6 9
6 17
locus NW_006804521.1:210623 0.00024277296190763206
p_admixed
3 16
9 62
0 22
0 6
0 4
1 22
locus NW_006804521.1:860603 0.0001778960376296346
p_admixed
4 0
10 0
10 0
4 0
6 0
8 0
locus NW_006804522.1:131928 0.00024459171739315655
p_admixed
7 0
9 0
7 0
4 0
9 0
0 11
locus NW_006804526.1:1112579 0.0003040151066567175
p_admixed
8 0
9 0
4 6
0 4
0 7
0 10
locus NW_006804535.1:797633 0.0003268587525850328
p_admixed
6 0
10 0
3 5
0 7
0 5
0 13
locus NW_006804538.1:467390 0.0002718031230066346
p_admixed
4 0
7 0
3 5
0 4
0 11
0 9
locus NW_006804541.1:590813 0.00025369200594624965
p_admixed
6 0
12 0
8 0
4 0
11 0
8 0
locus NW_006804548.1:112351 0.0002994242487781297
p_admixed
11 0
26 0
8 0
5 0
9 1
15 1
locus NW_006804548.1:1017417 0.00024584644500240263
p_admixed
0 8
12 0
12 0
9 0
9 0
8 0
locus NW_006804551.1:714184 0.0002559912687409356
p_admixed
5 0
5 0
8 0
4 1
4 0
7 0
locus NW_006804551.1:1238113 0.0002999574546623574
p_admixed
8 0
0 9
21 0
5 0
7 0
9 0
locus NW_006804553.1:444181 0.0002749078148485542
p_admixed
4 0
9 0
12 0
6 0
10 0
5 0
locus NW_006804555.1:213861 0.00028692378386397803
p_admixed
6 0
6 0
7 3
0 6
0 4
0 10
locus NW_006804556.1:401441 0.00017418167965461376
p_admixed
12 0
10 0
0 9
0 6
0 7
0 8
locus NW_006804557.1:640085 0.0002101256609307623
p_admixed
8 0
9 0
12 0
3 1
6 0
6 0
locus NW_006804559.1:1302719 0.0001791131315423198
p_admixed
13 0
7 0
62 9
5 3
91 2
32 3
locus NW_006804560.1:12665 0.00018734256171598916
p_admixed
8 0
10 0
20 0
5 0
15 0
13 0
locus NW_006804561.1:1123484 0.00018575169282598956
p_admixed
57 0
35 0
27 0
7 0
15 0
27 0
locus NW_006804561.1:1236630 0.0002792635673640937
p_admixed
6 0
11 0
0 8
0 4
0 7
0 17
locus NW_006804572.1:872862 0.00020189398728803288
p_admixed
4 0
16 0
0 9
0 8
0 8
0 11
locus NW_006804574.1:574480 0.00018323732316536962
p_admixed
6 2
22 0
0 18
0 4
0 4
0 13
locus NW_006804576.1:100422 0.00018278198272133676
p_admixed
4 0
15 0
14 0
4 0
7 0
13 0
locus NW_006804581.1:1163293 0.00027167474704903197
p_admixed
18 0
6 0
0 7
0 10
0 8
0 6
locus NW_006804581.1:1198552 0.0002663024611548491
p_admixed
5 0
8 0
0 11
0 4
0 9
0 10
locus NW_006804584.1:500447 0.0002681986364076128
p_admixed
6 0
13 0
0 15
0 4
0 9
1 9
locus NW_006804587.1:1075383 0.00018648318868606442
p_admixed
18 0
12 0
6 0
4 0
4 0
10 0
locus NW_006804587.1:1156240 0.00018046614812395305
p_admixed
0 6
7 0
9 0
4 0
10 0
22 0
locus NW_006804589.1:863968 0.00021207208869631188
p_admixed
7 0
12 0
6 0
4 0
6 0
11 0
locus NW_006804590.1:1061589 0.00018117255217054798
p_admixed
18 0
13 0
22 0
6 0
5 0
8 0
locus NW_006804591.1:643375 0.00032105165062556784
p_admixed
5 0
13 0
13 0
4 0
5 0
6 0
locus NW_006804592.1:522 0.0002601332964325535
p_admixed
4 0
41 10
18 0
4 0
16 0
21 2
locus NW_006804592.1:1196 0.00021297189559030708
p_admixed
2 8
0 21
0 8
0 15
0 10
1 38
locus NW_006804592.1:21602 0.0002797895011528931
p_admixed
11 0
7 0
10 4
4 0
10 1
11 0
locus NW_006804592.1:29338 0.00023136676976591355
p_admixed
0 10
3 41
3 27
0 13
1 13
1 35
locus NW_006804592.1:32526 0.00020971975708701537
p_admixed
6 0
6 0
20 4
4 0
13 4
9 4
locus NW_006804592.1:32938 0.0003481921309826087
p_admixed
5 7
3 4
16 36
3 5
3 14
7 7
locus NW_006804592.1:41894 0.00021869089634126576
p_admixed
15 0
31 3
13 9
6 0
12 7
6 11
locus NW_006804592.1:42240 0.0003451948952263837
p_admixed
3 14
7 40
5 28
1 8
3 21
0 33
locus NW_006804594.1:638941 0.0002690063643226149
p_admixed
5 0
5 0
12 0
4 1
4 0
7 0
locus NW_006804597.1:880595 0.0003409421414060482
p_admixed
6 0
9 0
0 15
0 7
0 12
0 19
locus NW_006804600.1:371655 0.00023459820067010722
p_admixed
9 0
12 0
6 0
6 0
7 0
13 0
locus NW_006804604.1:72725 0.00018314716753679375
p_admixed
6 0
15 0
2 3
7 0
17 0
9 0
locus NW_006804611.1:241020 0.00020593265163878038
p_admixed
7 0
8 0
5 0
4 0
4 0
11 0
locus NW_006804612.1:711614 0.00028118025919826915
p_admixed
6 0
12 0
7 0
0 4
0 6
0 20
locus NW_006804614.1:1089526 0.00017074411347981337
p_admixed
6 0
7 0
10 0
4 0
4 0
8 0
locus NW_006804615.1:951836 0.00022708551912158995
p_admixed
17 0
11 1
11 2
0 7
0 9
0 6
locus NW_006804617.1:864573 0.00028613245658029026
p_admixed
5 0
12 0
10 19
7 0
6 5
10 10
locus NW_006804620.1:550 0.0002484313786032599
p_admixed
79 0
60 25
46 0
6 0
26 0
32 0
locus NW_006804620.1:986 0.00022007957243020407
p_admixed
74 0
35 1
28 0
12 1
21 1
38 3
locus NW_006804620.1:62059 0.00018427355964380823
p_admixed
6 0
15 0
10 0
4 0
8 0
10 0
locus NW_006804625.1:1003429 0.00018592534191361724
p_admixed
9 0
11 0
5 8
0 4
0 9
0 9
locus NW_006804629.1:760122 0.0002658780072301763
p_admixed
6 0
4 0
8 0
6 0
9 0
7 0
locus NW_006804633.1:221394 0.00020744682950328598
p_admixed
5 1
11 9
5 9
5 4
4 4
8 11
locus NW_006804635.1:1194487 0.00023151016266537684
p_admixed
8 0
3 8
8 1
10 0
10 0
32 0
locus NW_006804637.1:170945 0.00019274813825019365
p_admixed
1 3
6 7
5 5
5 3
3 4
11 10
locus NW_006804637.1:833673 0.00019108692349209503
p_admixed
8 0
8 0
28 0
9 0
19 0
17 0
locus NW_006804650.1:169 0.0002208138019312922
p_admixed
1 7
9 0
18 0
11 0
9 0
26 0
locus NW_006804650.1:501571 0.00021494356919562568
p_admixed
11 0
19 0
20 4
4 0
17 0
18 0
locus NW_006804654.1:19712 0.00028624567737878297
p_admixed
8 1
18 1
0 32
2 3
0 25
0 24
locus NW_006804654.1:250393 0.00018297164729001755
p_admixed
7 0
3 4
12 0
7 0
4 1
16 1
locus NW_006804655.1:792676 0.00017607811939104184
p_admixed
4 0
9 0
12 0
5 0
7 0
8 0
locus NW_006804659.1:817473 0.00018985888662074234
p_admixed
5 0
10 0
11 0
4 0
11 0
12 0
locus NW_006804663.1:141077 0.0002935706316880306
p_admixed
10 0
9 0
23 0
6 0
9 0
5 5
locus NW_006804667.1:990692 0.0002459769821028215
p_admixed
11 0
8 0
0 19
0 7
0 9
0 10
locus NW_006804669.1:523409 0.00021566889711835104
p_admixed
8 0
11 0
18 0
4 0
11 0
20 0
locus NW_006804670.1:89601 0.0002967782312392358
p_admixed
7 0
10 0
7 6
0 9
0 6
0 9
locus NW_006804683.1:681511 0.00025360711791297017
p_admixed
4 0
10 0
5 4
0 4
0 6
4 8
locus NW_006804686.1:647645 0.00020338799746624266
p_admixed
4 0
11 0
7 0
5 0
4 0
4 0
locus NW_006804688.1:410733 0.0002124474101155494
p_admixed
12 0
16 0
9 7
0 4
2 6
0 8
locus NW_006804693.1:597179 0.00023699621024550374
p_admixed
8 0
7 0
4 0
5 0
9 0
18 0
locus NW_006804699.1:936429 0.000289985233364562
p_admixed
6 0
6 1
11 2
1 3
9 0
9 4
locus NW_006804703.1:627691 0.00025411231973871963
p_admixed
6 0
13 0
6 0
4 0
9 0
6 0
locus NW_006804707.1:164628 0.00019570391130391686
p_admixed
7 0
3 1
7 8
1 4
9 20
22 4
locus NW_006804707.1:303579 0.00017601407339613224
p_admixed
6 0
14 0
43 0
11 0
38 0
34 0
locus NW_006804707.1:396597 0.0003010176860234524
p_admixed
0 9
9 0
4 21
2 4
6 14
5 26
locus NW_006804711.1:905952 0.00023018656428791455
p_admixed
23 0
47 1
24 1
22 8
49 8
65 3
locus NW_006804715.1:361170 0.0002239530113528354
p_admixed
0 7
3 2
2 6
6 0
5 0
15 0
locus NW_006804722.1:489511 0.00018092290666856773
p_admixed
5 0
16 1
0 9
0 5
5 3
0 7
locus NW_006804725.1:464700 0.00018782998190087176
p_admixed
5 0
5 0
8 5
0 8
0 10
0 10
locus NW_006804735.1:73414 0.0002108675088151472
p_admixed
11 0
12 0
12 0
10 0
5 0
16 0
locus NW_006804743.1:904772 0.0002791246742714404
p_admixed
4 0
10 2
5 23
0 13
0 35
1 30
locus NW_006804745.1:10852 0.00026322768456287887
p_admixed
3 1
10 14
16 0
6 0
18 0
24 0
locus NW_006804747.1:853458 0.00031806979857672025
p_admixed
5 0
13 0
8 0
4 0
10 0
16 0
locus NW_006804748.1:669869 0.0001823998376583345
p_admixed
8 0
9 1
9 0
5 0
10 0
12 0
locus NW_006804753.1:216228 0.0002658488066646813
p_admixed
9 0
14 0
18 0
10 0
5 0
10 0
locus NW_006804759.1:373201 0.00021843759221471724
p_admixed
4 1
13 0
0 10
0 6
0 6
0 17
locus NW_006804764.1:805047 0.0002265680461409261
p_admixed
10 0
5 0
11 0
4 0
5 0
11 0
locus NW_006804765.1:448435 0.00017356884903526067
p_admixed
4 0
9 0
0 21
0 5
0 6
0 11
locus NW_006804772.1:311494 0.0003755087346563631
p_admixed
0 6
12 0
18 0
7 0
6 0
13 0
locus NW_006804779.1:306684 0.0002030302276791891
p_admixed
4 0
14 0
6 6
5 0
13 0
15 0
locus NW_006804790.1:780695 0.00020487872186016997
p_admixed
10 0
10 1
0 7
0 8
0 7
0 14
locus NW_006804791.1:814485 0.00019563012746661107
p_admixed
3 4
2 10
14 7
10 1
3 3
23 9
locus NW_006804797.1:490587 0.0001963433338441399
p_admixed
9 0
8 0
7 0
6 0
8 0
12 0
locus NW_006804811.1:428137 0.00033134149043499624
p_admixed
0 8
10 0
15 0
4 0
4 0
7 0
locus NW_006804825.1:404465 0.0001840622030038956
p_admixed
4 0
8 7
9 0
6 0
8 0
13 0
locus NW_006804844.1:446243 0.00024402400998133457
p_admixed
7 0
8 0
11 0
6 0
10 0
16 0
locus NW_006804847.1:426850 0.00029355693588911484
p_admixed
5 0
10 0
13 0
4 1
8 0
11 0
locus NW_006804854.1:143986 0.00017631909039750416
p_admixed
3 2
8 0
0 11
0 4
0 10
0 14
locus NW_006804855.1:684285 0.0002889297301359882
p_admixed
9 0
5 1
15 0
4 0
6 0
8 0
locus NW_006804861.1:512400 0.00030870928648821114
p_admixed
6 0
7 0
13 0
4 0
18 0
15 2
locus NW_006804862.1:173361 0.00020669609563751836
p_admixed
5 0
6 0
5 0
4 0
7 0
11 0
locus NW_006804863.1:94990 0.0003417290086559519
p_admixed
12 0
8 0
8 5
5 0
11 0
7 0
locus NW_006804874.1:9101 0.0001761679033302737
p_admixed
2 5
8 6
15 7
2 7
6 11
12 15
locus NW_006804874.1:84562 0.00029059533671046733
p_admixed
6 0
16 1
12 6
3 1
6 3
16 9
locus NW_006804878.1:439873 0.0001986447708226833
p_admixed
4 0
18 0
10 0
6 0
7 0
4 0
locus NW_006804879.1:61506 0.00019140221026346272
p_admixed
8 0
7 2
13 0
6 0
4 0
14 0
locus NW_006804886.1:620711 0.00018075007167231218
p_admixed
0 8
0 32
0 20
1 8
0 10
0 28
locus NW_006804886.1:630307 0.00029903431090526095
p_admixed
12 0
48 0
29 0
14 0
22 0
48 0
locus NW_006804886.1:654165 0.00025657431644417325
p_admixed
6 10
5 26
2 17
4 7
0 14
8 29
locus NW_006804892.1:438883 0.00020268396111023371
p_admixed
38 9
34 0
21 6
6 0
17 0
47 0
locus NW_006804893.1:588912 0.00018169174216835037
p_admixed
3 6
9 14
2 6
2 4
9 3
10 8
locus NW_006804898.1:530363 0.00034539866318448917
p_admixed
7 0
15 0
23 12
5 0
15 0
18 1
locus NW_006804901.1:448644 0.0002144442181149561
p_admixed
20 9
24 5
39 11
14 0
14 6
13 2
locus NW_006804904.1:18762 0.00020349629168534648
p_admixed
11 0
10 0
14 0
6 0
7 0
14 0
locus NW_006804904.1:25470 0.0002981695700726573
p_admixed
9 0
9 0
1 5
13 1
3 2
8 7
locus NW_006804916.1:40963 0.0003123441556771975
p_admixed
6 0
9 0
6 3
8 0
6 0
4 0
locus NW_006804924.1:546 0.000245540387669228
p_admixed
6 5
30 63
24 3
10 0
15 0
39 1
locus NW_006804929.1:62269 0.000370339018159095
p_admixed
0 9
6 0
7 0
14 0
5 0
17 0
locus NW_006804935.1:539566 0.00033080947477316143
p_admixed
7 0
13 0
9 0
5 0
16 0
12 0
locus NW_006804954.1:173294 0.000324242216947174
p_admixed
0 4
16 0
12 0
4 0
12 0
4 0
locus NW_006804957.1:339457 0.0002929271013770713
p_admixed
0 5
6 0
16 0
4 1
5 0
12 0
locus NW_006804961.1:161833 0.0002110730974405343
p_admixed
23 0
25 2
27 28
17 4
13 10
15 21
locus NW_006804961.1:162097 0.0001889563318779305
p_admixed
12 2
12 4
33 0
18 1
17 0
29 0
locus NW_006804972.1:32764 0.0001950117867655569
p_admixed
11 0
26 0
2 15
2 4
3 6
12 14
locus NW_006804975.1:133258 0.0002660635241573295
p_admixed
7 0
6 0
3 5
4 0
7 0
11 0
locus NW_006804980.1:479072 0.00022291356202713567
p_admixed
8 0
9 0
12 0
5 0
9 0
10 0
locus NW_006804997.1:339359 0.00032357401084562564
p_admixed
4 0
6 0
0 5
0 5
5 3
5 1
locus NW_006805004.1:47331 0.00016731928030622235
p_admixed
26 2
5 8
31 8
7 0
8 10
7 3
locus NW_006805004.1:47597 0.00020860493490171646
p_admixed
1 9
7 10
4 6
3 3
0 9
3 5
locus NW_006805006.1:374000 0.00020116629820576742
p_admixed
5 0
5 0
6 5
0 4
0 4
0 6
locus NW_006805007.1:116400 0.00018733551979710825
p_admixed
9 0
12 0
7 0
7 0
5 0
12 0
locus NW_006805018.1:225010 0.00029777180129353386
p_admixed
2 3
2 5
5 3
5 3
4 1
8 4
locus NW_006805033.1:178138 0.00027140913004999255
p_admixed
0 5
13 0
13 0
4 0
6 0
11 0
locus NW_006805042.1:254167 0.0003546653422179708
p_admixed
0 73
6 67
9 34
3 28
2 31
6 65
locus NW_006805042.1:254543 0.0002578165445019288
p_admixed
5 49
7 15
13 40
3 23
1 14
6 33
locus NW_006805042.1:255690 0.0002410649364171237
p_admixed
2 26
1 23
0 27
0 5
0 21
0 23
locus NW_006805042.1:255963 0.0002548429327706194
p_admixed
32 22
51 9
37 0
8 0
28 0
46 0
locus NW_006805042.1:256333 0.0002523585145379789
p_admixed
16 6
23 17
25 0
6 0
22 1
32 1
locus NW_006805042.1:277522 0.00020613620649748314
p_admixed
1 16
14 38
0 16
0 4
0 9
2 28
locus NW_006805042.1:304217 0.0002606588621725826
p_admixed
13 0
23 1
2 11
1 10
2 5
3 9
locus NW_006805042.1:320903 0.00018760719873656744
p_admixed
18 8
33 13
33 4
7 1
27 1
19 2
locus NW_006805042.1:341661 0.00024987239822220483
p_admixed
3 8
7 11
1 12
1 5
5 6
12 10
locus NW_006805042.1:343934 0.00022780689920819702
p_admixed
1 20
3 24
3 9
1 8
5 12
3 22
locus NW_006805042.1:347562 0.0002010892499689683
p_admixed
13 0
25 0
9 6
3 2
7 3
8 13
locus NW_006805042.1:398499 0.00022181081853086355
p_admixed
24 8
46 13
27 8
31 7
18 9
38 9
locus NW_006805049.1:415181 0.0002578355449799899
p_admixed
0 14
6 39
14 24
1 5
4 16
19 21
locus NW_006805050.1:405938 0.0003085262566700954
p_admixed
11 0
8 1
2 2
0 4
0 5
0 6
locus NW_006805064.1:645 0.00023928529676094654
p_admixed
7 0
16 0
7 6
4 0
6 0
5 1
locus NW_006805078.1:517018 0.00018694475941171911
p_admixed
7 0
15 0
9 0
5 0
8 0
9 0
locus NW_006805085.1:911 0.00027147435086712215
p_admixed
8 0
21 0
13 0
9 0
12 0
11 0
locus NW_006805085.1:306651 0.0003044363091352028
p_admixed
7 7
6 28
6 11
4 11
4 17
8 43
locus NW_006805088.1:38381 0.00019993950617359894
p_admixed
12 0
15 0
11 11
1 4
6 0
13 11
locus NW_006805093.1:229716 0.0001942057337182729
p_admixed
5 0
8 1
5 4
0 5
0 7
1 12
locus NW_006805101.1:315715 0.00017469613785317268
p_admixed
9 0
15 0
6 0
5 0
6 0
8 0
locus NW_006805109.1:25937 0.000267096166306952
p_admixed
5 2
14 24
5 8
3 10
2 10
7 24
locus NW_006805109.1:28588 0.0002733987521161845
p_admixed
5 12
2 25
6 9
3 2
5 14
11 24
locus NW_006805109.1:38347 0.0002835716534818387
p_admixed
3 3
24 6
9 1
10 1
11 2
21 6
locus NW_006805109.1:40440 0.00018473099287556836
p_admixed
23 0
34 0
16 20
3 8
11 24
23 28
locus NW_006805109.1:251601 0.00020132115301399082
p_admixed
10 0
12 1
24 0
8 0
15 0
37 0
locus NW_006805111.1:8615 0.0002309813375084046
p_admixed
4 7
31 33
24 24
7 9
18 7
38 20
locus NW_006805111.1:11765 0.00021998023730606186
p_admixed
7 0
40 2
25 3
6 0
10 0
23 0
locus NW_006805111.1:239435 0.00018471825089526352
p_admixed
1 9
8 55
1 29
2 19
1 19
5 41
locus NW_006805129.1:63639 0.0001869844364658334
p_admixed
0 7
11 0
0 10
0 4
0 4
0 8
locus NW_006805129.1:331991 0.0001790057957771333
p_admixed
0 7
1 5
1 33
0 29
0 43
0 59
locus NW_006805129.1:332596 0.0002251601498001532
p_admixed
10 0
11 0
20 2
21 3
45 3
60 11
locus NW_006805150.1:270427 0.00021745486804819315
p_admixed
9 0
25 1
10 1
4 0
0 5
2 8
locus NW_006805204.1:203224 0.00019118090566452712
p_admixed
9 0
9 0
4 0
4 0
4 0
14 0
locus NW_006805208.1:129091 0.00018514661580497726
p_admixed
4 0
15 0
4 6
0 5
0 6
0 13
locus NW_006805210.1:86424 0.0002026423338999067
p_admixed
9 0
13 0
11 2
7 3
7 5
4 11
locus NW_006805210.1:113714 0.00025360834620469306
p_admixed
1 3
14 11
12 4
2 3
7 6
13 15
locus NW_006805210.1:155225 0.00018351825230050503
p_admixed
6 4
8 4
8 9
0 8
0 9
0 28
locus NW_006805212.1:148769 0.00022488183544679084
p_admixed
4 0
25 7
7 2
2 3
7 6
15 10
locus NW_006805212.1:149032 0.00018654888587484026
p_admixed
14 0
73 0
23 0
11 0
27 0
45 0
locus NW_006805212.1:160203 0.00017082045737290818
p_admixed
2 5
12 6
16 6
2 4
14 4
9 7
locus NW_006805228.1:119197 0.00020977886982419692
p_admixed
11 76
9 49
12 53
2 29
11 34
10 85
locus NW_006805228.1:119568 0.00021635270244476553
p_admixed
16 0
20 0
17 2
12 0
11 0
20 3
locus NW_006805228.1:129319 0.00018201276315605344
p_admixed
26 0
43 0
55 12
23 4
56 4
60 11
locus NW_006805228.1:129606 0.00024015421022081473
p_admixed
1 8
4 16
4 13
2 11
1 19
6 26
locus NW_006805228.1:188039 0.00022387236134721012
p_admixed
6 0
17 0
5 15
2 8
1 7
6 30
locus NW_006805228.1:189947 0.00025036133077567367
p_admixed
4 0
29 0
13 1
2 2
17 1
23 4
locus NW_006805228.1:236789 0.000276750320401145
p_admixed
24 2
14 2
45 0
26 0
38 0
70 0
locus NW_006805228.1:237053 0.00022281033701525917
p_admixed
0 35
1 55
0 23
0 9
0 17
0 32
locus NW_006805228.1:239106 0.0002248106244739237
p_admixed
2 10
0 6
0 13
0 7
0 8
0 17
locus NW_006805229.1:207998 0.00029644549149342755
p_admixed
61 0
45 0
38 2
20 0
27 12
74 8
locus NW_006805243.1:65336 0.00024375473505029962
p_admixed
2 2
3 4
0 13
1 10
1 5
7 10
locus NW_006805243.1:65624 0.00018629820150703304
p_admixed
2 7
12 16
6 36
2 19
1 22
12 21
locus NW_006805245.1:149078 0.0003026637362482857
p_admixed
8 0
8 0
13 0
5 0
8 0
21 0
locus NW_006805250.1:17698 0.0002473274046139895
p_admixed
4 2
34 0
14 0
10 0
8 0
15 0
locus NW_006805269.1:162680 0.000179737943735925
p_admixed
11 0
38 0
24 6
6 4
10 3
27 9
locus NW_006805269.1:176660 0.0002848355659240583
p_admixed
4 0
28 0
11 3
6 0
9 5
34 10
locus NW_006805270.1:158748 0.00022547939193309896
p_admixed
1 16
3 32
0 19
1 4
2 9
2 16
locus NW_006805270.1:159034 0.000315309452274317
p_admixed
22 13
55 27
27 9
14 0
18 3
39 1
locus NW_006805287.1:204416 0.00024775228604768365
p_admixed
6 0
18 0
20 0
11 0
15 0
20 0
locus NW_006805299.1:62309 0.00017302014464398824
p_admixed
4 0
7 0
2 3
4 0
7 0
10 0
locus NW_006805327.1:168718 0.00018369164497953076
p_admixed
6 5
5 15
14 13
2 7
7 6
7 16
locus NW_006805327.1:172180 0.00025090346008826715
p_admixed
8 1
31 3
12 2
9 1
20 1
19 7
locus NW_006805327.1:188748 0.00018271255880640043
p_admixed
12 0
7 0
17 2
2 3
4 9
11 9
locus NW_006805363.1:102599 0.0001893159717972124
p_admixed
5 18
17 33
14 29
11 12
15 22
27 27
locus NW_006805363.1:102875 0.0003184221096919527
p_admixed
9 0
24 0
13 1
8 3
5 7
18 6
locus NW_006805364.1:61645 0.00018562288079399225
p_admixed
11 16
13 48
14 20
5 10
8 25
19 32
locus NW_006805364.1:61927 0.0002202028724353469
p_admixed
1 4
19 9
8 7
5 0
11 2
14 10
locus NW_006805364.1:193139 0.00023900661537798598
p_admixed
14 1
67 0
25 0
15 0
22 2
41 4
locus NW_006805366.1:114631 0.0001893512298681443
p_admixed
23 0
21 0
13 1
12 0
15 0
22 0
locus NW_006805390.1:13607 0.00018772010567752473
p_admixed
0 9
10 0
0 12
0 6
0 9
0 25
locus NW_006805392.1:40587 0.00020186261960018968
p_admixed
0 91
1 75
0 31
0 8
1 18
0 24
locus NW_006805392.1:98141 0.0002675903260655307
p_admixed
1 3
1 11
6 24
1 7
0 9
3 11
locus NW_006805392.1:121016 0.00024010175890766362
p_admixed
0 52
1 54
2 29
3 6
6 23
2 35
locus NW_006805401.1:167618 0.00021161182069138877
p_admixed
8 11
30 30
32 10
12 7
18 9
50 22
locus NW_006805404.1:105489 0.00019442051138341348
p_admixed
13 0
14 0
15 6
3 2
8 3
9 7
locus NW_006805405.1:5953 0.00025572203563371663
p_admixed
9 0
43 5
20 6
5 0
14 4
25 2
locus NW_006805405.1:6527 0.0002899976939113914
p_admixed
11 12
9 46
0 25
0 5
0 14
0 27
locus NW_006805405.1:52519 0.00026314695763482297
p_admixed
9 1
27 9
56 1
7 0
23 0
26 0
locus NW_006805405.1:53176 0.00025239226109959685
p_admixed
30 0
40 1
35 49
3 19
8 12
18 15
locus NW_006805406.1:21981 0.00022435748690911387
p_admixed
0 4
0 23
7 7
5 0
8 0
14 0
locus NW_006805406.1:22326 0.0002885822920908118
p_admixed
9 4
23 45
34 18
10 0
27 0
25 0
locus NW_006805406.1:30073 0.00023146989831069128
p_admixed
2 20
5 55
14 19
12 0
23 0
30 1
locus NW_006805406.1:35612 0.00029880982749453863
p_admixed
1 8
7 37
15 14
7 0
19 1
23 1
locus NW_006805406.1:71835 0.00022650148762780832
p_admixed
21 5
19 10
11 1
4 0
8 0
21 2
locus NW_006805408.1:101916 0.00028021362247196256
p_admixed
6 0
10 0
5 5
0 4
0 6
0 11
locus NW_006805427.1:87315 0.00030091354302844793
p_admixed
26 0
17 0
11 10
6 7
3 11
9 21
locus NW_006805429.1:124477 0.00027864409851816735
p_admixed
5 3
17 10
9 10
4 1
6 5
14 12
locus NW_006805447.1:19656 0.00018582810845910367
p_admixed
6 0
12 0
23 7
11 4
24 13
23 8
locus NW_006805447.1:23865 0.0002703634858404594
p_admixed
10 0
19 0
32 0
13 0
26 3
19 0
locus NW_006805447.1:51821 0.00017330429196489938
p_admixed
12 0
12 0
0 39
0 11
11 36
3 21
locus NW_006805447.1:97229 0.000303055393938031
p_admixed
4 0
21 0
29 0
18 0
37 0
20 0
locus NW_006805448.1:84008 0.00027044460046089623
p_admixed
9 10
10 9
6 4
5 3
8 3
11 1
locus NW_006805461.1:11292 0.0001959309044988823
p_admixed
2 8
1 10
4 15
6 8
3 12
5 12
locus NW_006805470.1:13129 0.00017917069914402396
p_admixed
1 11
5 48
10 67
1 14
6 40
6 50
locus NW_006805470.1:72996 0.00026345113561511673
p_admixed
26 0
73 0
15 4
5 4
9 6
28 9
locus NW_006805470.1:74559 0.00020786148778311614
p_admixed
11 2
37 4
13 0
9 0
9 0
27 0
locus NW_006805473.1:61825 0.00019265405317534933
p_admixed
5 9
15 2
15 0
10 0
12 0
12 0
locus NW_006805473.1:64766 0.00023190501877767822
p_admixed
20 9
43 16
0 25
0 15
1 18
0 35
locus NW_006805473.1:67987 0.00019144142323148557
p_admixed
25 0
49 0
21 3
12 0
17 4
42 15
locus NW_006805479.1:14321 0.000243264726168232
p_admixed
25 0
10 3
21 11
12 8
15 6
20 6
locus NW_006805479.1:51151 0.0002930731829306204
p_admixed
6 1
7 2
4 6
2 3
3 2
14 15
locus NW_006805479.1:78393 0.0002793356211454495
p_admixed
0 9
1 26
7 66
1 13
5 42
3 41
locus NW_006805490.1:17806 0.00019843477038612974
p_admixed
14 7
7 9
9 0
8 0
15 0
18 1
locus NW_006805490.1:28855 0.00026751903421294126
p_admixed
2 3
10 4
18 1
8 0
8 0
15 1
locus NW_006805505.1:15203 0.00024331983240959826
p_admixed
10 0
8 0
10 0
5 0
4 0
11 0
locus NW_006805507.1:75440 0.00032434875710459795
p_admixed
18 3
21 0
25 5
14 1
14 0
24 4
locus NW_006805511.1:56313 0.000254505353696535
p_admixed
0 18
17 0
17 0
6 0
9 0
21 0
locus NW_006805515.1:9477 0.00018291014311901165
p_admixed
27 0
50 0
26 13
10 2
23 16
29 7
locus NW_006805515.1:9763 0.0004620566229135563
p_admixed
0 8
9 22
0 16
0 6
0 14
0 16
locus NW_006805515.1:45109 0.0002482063662109811
p_admixed
6 0
15 0
2 8
7 2
3 7
5 4
locus NW_006805526.1:110 0.00029729911127182406
p_admixed
65 0
30 0
62 3
12 2
37 0
76 6
locus NW_006805538.1:105811 0.00024326950918045965
p_admixed
20 0
13 0
11 0
8 0
8 0
10 1
locus NW_006805538.1:106146 0.00028161329427043447
p_admixed
9 0
29 0
12 1
8 0
10 0
25 4
locus NW_006805538.1:106493 0.00023206426872714712
p_admixed
11 0
35 0
21 2
9 0
14 0
18 0
locus NW_006805541.1:77503 0.00019180815204529337
p_admixed
8 0
15 0
14 0
4 0
10 0
31 0
locus NW_006805548.1:63619 0.00023400332319593796
p_admixed
4 0
7 0
6 0
6 0
6 0
4 0
locus NW_006805555.1:362 0.00020845315980861734
p_admixed
31 2
20 13
8 6
2 6
5 7
10 6
locus NW_006805558.1:12913 0.0004114781506673779
p_admixed
5 0
9 0
0 10
0 6
0 8
0 11
locus NW_006805578.1:16081 0.0002430083923562593
p_admixed
20 0
32 2
6 19
2 4
11 31
11 36
locus NW_006805582.1:9025 0.00018666958915221772
p_admixed
7 12
6 2
22 3
10 1
16 0
26 1
locus NW_006805582.1:9919 0.0002099572243526992
p_admixed
2 21
0 35
3 56
0 22
2 42
0 51
locus NW_006805582.1:10539 0.000311875019522727
p_admixed
5 32
2 53
0 36
0 36
0 35
0 75
locus NW_006805589.1:4499 0.00019829037379341156
p_admixed
6 3
11 3
8 3
2 7
8 8
14 2
locus NW_006805614.1:25233 0.0002807565174497073
p_admixed
8 0
16 0
16 0
6 0
11 0
9 0
locus NW_006805618.1:1712 0.00025007096985786185
p_admixed
12 4
14 2
14 3
6 8
15 6
18 2
locus NW_006805634.1:30817 0.00024180957357440355
p_admixed
13 0
18 0
16 15
0 5
0 17
1 18
locus NW_006805644.1:17880 0.00018797606739063722
p_admixed
6 0
13 0
24 0
11 0
3 6
4 12
locus NW_006805657.1:11293 0.00020520995740386556
p_admixed
10 0
9 8
36 0
18 0
9 0
21 0
locus NW_006805657.1:16985 0.00022508966796034352
p_admixed
7 0
19 0
12 8
5 3
5 4
9 7
locus NW_006805659.1:20711 0.0002279617417962809
p_admixed
25 5
67 3
53 5
3 1
31 9
22 3
locus NW_006805662.1:2198 0.00027462948912299924
p_admixed
10 0
34 1
27 5
18 4
34 3
32 9
locus NW_006805662.1:3441 0.00018245984800134194
p_admixed
30 6
19 4
40 12
8 3
20 3
29 5
locus NW_006805674.1:18692 0.0001722882648544251
p_admixed
7 0
24 0
12 11
6 1
4 12
10 6
locus NW_006805676.1:518 0.000251979688626335
p_admixed
0 4
7 19
17 6
1 4
20 2
12 4
locus NW_006805676.1:1255 0.0002163030225149172
p_admixed
26 0
36 0
5 1
15 3
12 0
30 4
locus NW_006805676.1:8545 0.0002502187133913284
p_admixed
0 21
1 46
0 15
1 17
2 14
5 25
locus NW_006805676.1:13558 0.00022470696347856665
p_admixed
67 0
112 0
42 14
35 8
27 12
80 23
locus NW_006805677.1:4924 0.0002828850597439739
p_admixed
3 1
21 10
12 5
9 1
14 0
25 9
locus NW_006805680.1:29574 0.0002971035079323045
p_admixed
3 19
3 32
1 8
1 4
1 4
5 4
locus NW_006805687.1:4388 0.0002957967004888835
p_admixed
4 6
55 0
14 0
10 0
8 0
16 0
locus NW_006805690.1:14443 0.00030441886589912165
p_admixed
19 0
24 0
14 5
5 0
7 3
17 0
locus NW_006805691.1:15575 0.00026540838135744293
p_admixed
2 51
2 78
3 41
3 24
0 32
10 92
locus NW_006805698.1:19010 0.0001895414499046117
p_admixed
7 0
26 0
14 0
6 0
12 0
20 0
locus NW_006805701.1:7838 0.00026787829196397116
p_admixed
16 0
54 0
39 9
7 10
42 17
43 23
locus NW_006805701.1:8167 0.00023098009294340922
p_admixed
15 2
19 3
15 1
8 0
5 0
19 4
locus NW_006805703.1:1399 0.00028766559059547193
p_admixed
9 0
15 0
17 0
10 0
14 0
22 0
locus NW_006805718.1:7827 0.00017031076219650514
p_admixed
12 0
50 2
0 41
0 12
0 30
2 35
locus NW_006805723.1:19880 0.00030931748762998466
p_admixed
0 5
2 16
0 28
0 9
0 16
0 15
locus NW_006805727.1:2153 0.0002282776459570811
p_admixed
4 2
36 14
20 49
6 2
11 34
10 14
locus NW_006805736.1:10866 0.00016579931512350813
p_admixed
57 17
29 14
29 24
8 3
8 7
17 13
locus NW_006805742.1:8137 0.00025615558510119074
p_admixed
21 8
9 5
22 4
13 3
28 0
36 4
locus NW_006805750.1:536 0.00018678386161475322
p_admixed
3 14
22 13
29 10
7 4
15 6
13 10
locus NW_006805765.1:176 0.00019649901585846405
p_admixed
45 8
65 17
28 8
35 3
46 6
112 25
locus NW_006805768.1:10143 0.00018960881287095386
p_admixed
10 10
17 10
43 0
19 0
22 0
32 0
locus NW_006805770.1:12524 0.00020312000844105885
p_admixed
11 2
32 9
16 2
5 1
18 4
4 9
locus NW_006805773.1:29662 0.00019372360721442918
p_admixed
20 0
46 0
10 9
10 5
8 6
22 9
locus NW_006805780.1:4821 0.00019752765553523273
p_admixed
7 0
14 8
21 7
9 0
14 3
20 11
locus NW_006805789.1:5607 0.0003361095275736126
p_admixed
9 8
18 12
34 35
4 3
13 35
18 14
locus NW_006805834.1:6294 0.00020049307970956064
p_admixed
40 15
55 0
71 0
27 0
44 0
86 0
locus NW_006805834.1:6573 0.00021421401122259304
p_admixed
27 2
18 7
32 1
15 2
18 3
32 6
locus NW_006805839.1:5894 0.00023960080433803134
p_admixed
6 23
3 6
0 20
0 12
0 13
0 21
locus NW_006805839.1:7784 0.00019510016367273804
p_admixed
22 18
27 18
19 8
16 0
17 0
22 1
locus NW_006805839.1:8106 0.00022981266986934874
p_admixed
14 2
18 10
14 6
14 2
13 1
17 4
locus NW_006805839.1:8823 0.00018219095109274649
p_admixed
30 3
34 2
22 3
5 3
12 1
20 2
locus NW_006805839.1:9095 0.00017083449554144238
p_admixed
6 45
4 54
19 70
13 11
18 24
21 43
locus NW_006805839.1:11441 0.00018544395466924335
p_admixed
18 0
46 0
22 3
18 1
34 4
18 2
locus NW_006805839.1:11853 0.0002779435554392699
p_admixed
5 0
19 2
10 1
6 1
11 2
6 1
locus NW_006805859.1:3706 0.00019885568725099264
p_admixed
39 0
37 0
39 2
15 0
45 0
49 4
locus NW_006805859.1:5612 0.00028647988693363024
p_admixed
10 3
7 8
16 17
5 8
8 14
10 7
locus NW_006805868.1:751 0.0001912387193128484
p_admixed
0 29
0 81
0 67
0 12
0 32
1 49
locus NW_006805868.1:2041 0.000303006537096278
p_admixed
3 4
10 0
31 0
6 0
18 0
21 0
locus NW_006805870.1:10772 0.00026148103222876494
p_admixed
36 5
46 0
36 17
13 10
8 4
29 16
locus NW_006805901.1:10305 0.00018383088783513438
p_admixed
19 0
49 0
47 1
8 4
21 1
41 8
locus NW_006805901.1:10591 0.0002272395280004702
p_admixed
4 0
32 0
24 1
7 3
5 1
26 5
locus NW_006806010.1:7842 0.00029988657890384177
p_admixed
4 0
21 0
14 0
5 0
10 0
9 0
locus NW_006806034.1:3993 0.0002664084448576974
p_admixed
11 15
8 3
5 32
1 14
0 15
3 15
locus NW_006806165.1:5508 0.0002432225750514739
p_admixed
15 15
18 3
11 4
14 0
21 0
23 0
locus NW_006806165.1:5796 0.00029635872535676146
p_admixed
35 0
29 0
20 1
12 2
22 1
29 1
locus NW_006806165.1:6072 0.0002032244026350476
p_admixed
47 1
10 1
21 0
4 3
8 6
15 3
locus NW_006806165.1:6427 0.00025728856267043156
p_admixed
82 0
17 1
17 2
28 3
18 4
36 15
locus NW_006806213.1:2170 0.00018152721110631514
p_admixed
9 0
14 0
36 6
27 2
55 14
54 9
locus NW_006806257.1:6597 0.000255078018293575
p_admixed
0 4
6 23
1 25
0 7
2 16
0 29
locus NW_006806257.1:6900 0.00019065887092308275
p_admixed
18 2
58 9
71 1
32 0
80 0
74 1
locus NW_006806413.1:1060 0.00023874388568931218
p_admixed
17 0
17 0
10 0
4 0
4 0
11 11
locus NW_006806430.1:781 0.0002804241854861185
p_admixed
9 8
20 0
30 0
39 0
42 0
50 0
locus NW_006806445.1:3152 0.00028641301541664074
p_admixed
9 0
76 1
24 6
20 0
27 0
94 6
locus NW_006806541.1:65 0.00020709301640929316
p_admixed
6 1
50 13
51 8
10 0
34 0
41 0
locus NW_006806541.1:779 0.0002547266543961099
p_admixed
28 2
74 12
26 1
10 3
17 5
37 16
locus NW_006806541.1:1075 0.0002988968036774073
p_admixed
6 1
27 14
11 17
6 0
7 12
11 7
locus NW_006806572.1:3062 0.00026061386790288984
p_admixed
10 0
13 0
5 2
5 1
10 3
17 18
locus NW_006806723.1:2759 0.00020775696416843175
p_admixed
36 5
30 28
37 6
22 0
23 0
37 1
locus NW_006806812.1:2881 0.00019461627461246747
p_admixed
17 1
4 0
29 7
6 3
21 8
12 13
locus NW_006807502.1:1118 0.0002328388595787677
p_admixed
11 0
14 0
17 0
14 0
19 0
22 0
locus NW_006807541.1:576 0.00017581582306784495
p_admixed
29 0
57 0
62 18
27 2
52 5
107 20
locus NW_006807631.1:649 0.0002930374809484233
p_admixed
15 4
21 1
38 0
12 0
11 0
12 0
locus NW_006807690.1:529 0.00025292365676972606
p_admixed
8 0
10 0
5 0
5 0
4 0
14 0
locus NW_006807713.1:1108 0.0001800838312495025
p_admixed
12 0
11 1
24 7
17 0
16 0
30 0
locus NW_006807765.1:1040 0.00030440970522569756
p_admixed
15 0
5 0
18 0
5 0
0 18
7 0
locus NW_006808146.1:1276 0.00031913662410557405
p_admixed
9 0
36 0
15 0
9 0
8 0
37 0
locus NW_006808341.1:153 0.00019935293962843598
p_admixed
10 0
14 0
12 0
7 0
7 0
24 0
locus NW_006808341.1:454 0.00017040791288782815
p_admixed
16 15
22 3
43 5
9 1
30 4
25 7
locus NW_006808427.1:1105 0.00029506296595040225
p_admixed
11 0
24 0
20 1
17 2
14 0
24 4
locus NW_006808562.1:970 0.0002850025859793694
p_admixed
11 0
23 0
12 16
0 6
0 21
0 22
locus NW_006808574.1:517 0.00021486350844199416
p_admixed
6 0
11 1
0 12
0 7
0 6
0 28
locus NW_006809278.1:98 0.0002350881787598124
p_admixed
22 0
25 0
27 6
5 0
15 0
13 8
locus NW_006809278.1:556 0.00023003038658254583
p_admixed
12 0
21 1
7 1
3 2
10 7
20 17
locus NW_006809394.1:32 0.00018204159814687472
p_admixed
13 0
9 0
6 6
3 1
2 2
0 22
locus NW_006809602.1:649 0.0001877192341821983
p_admixed
8 0
17 0
30 0
14 0
26 0
33 0
locus NW_006809712.1:318 0.00018692264432115877
p_admixed
28 0
67 0
60 25
9 5
11 15
15 27
locus NW_006809712.1:647 0.0002408594420184047
p_admixed
8 0
15 0
18 7
7 1
8 1
12 1
