0.001685,-0.000027,-0.064728,0.066150
-0.001375,-0.000987,-0.069432,0.070688
-0.003661,-0.001143,-0.068541,0.064433
0.005031,0.000590,-0.062844,0.073926
0.002212,0.001172,-0.069143,0.073524
-0.005871,-0.001762,-0.074802,0.063054
0.003019,0.002798,-0.065964,0.067234
-0.006010,-0.001085,-0.071892,0.055671
0.000899,0.000648,-0.066679,0.067026
0.001379,-0.001019,-0.062909,0.072180
0.006430,0.002945,-0.059730,0.073376
-0.001590,0.002060,-0.074279,0.066767
0.005241,0.001408,-0.064704,0.074035
0.000588,-0.000366,-0.068401,0.073045
0.002971,0.001833,-0.068298,0.072380
-0.001343,-0.001549,-0.066999,0.066736
0.007141,0.002116,-0.059058,0.072809
-0.000488,0.001611,-0.073501,0.070495
-0.002528,-0.000243,-0.067635,0.065550
-0.001083,0.000211,-0.068471,0.064266
-0.004326,-0.002162,-0.075188,0.066104
-0.006512,-0.000867,-0.078935,0.062629
-0.003914,-0.001919,-0.072078,0.063493
0.001015,0.000156,-0.062072,0.066691
0.006149,0.000968,-0.060144,0.075910
-0.003341,-0.002084,-0.069544,0.067007
-0.002302,-0.001575,-0.072438,0.064648
-0.000416,0.001777,-0.071229,0.063895
0.002406,0.002436,-0.064682,0.066822
-0.000440,0.001512,-0.066848,0.066233
0.003035,0.001956,-0.063086,0.068893
0.000551,0.000436,-0.068494,0.064648
-0.001607,-0.001421,-0.067888,0.065653
0.001586,-0.000191,-0.066000,0.075393
-0.001701,-0.000997,-0.070931,0.067893
-0.000992,-0.000213,-0.065600,0.068999
0.000844,0.000195,-0.065605,0.067762
-0.007380,-0.002811,-0.079654,0.059997
0.003014,0.002369,-0.066610,0.071559
-0.000687,-0.000149,-0.066658,0.070920
0.002156,0.001183,-0.065241,0.070683
-0.003249,-0.003825,-0.068838,0.063841
0.000553,0.000290,-0.065996,0.067702
-0.002630,-0.000667,-0.066880,0.063540
-0.004874,-0.003279,-0.068768,0.062544
0.005826,0.003210,-0.062408,0.072632
0.002830,0.002326,-0.065289,0.068069
0.002974,0.000778,-0.060359,0.070826
0.006341,0.003118,-0.057014,0.070951
0.000309,-0.000238,-0.074263,0.069619
0.008070,0.001866,-0.059460,0.073363
0.002034,-0.000004,-0.066988,0.068296
0.002778,0.000219,-0.061356,0.070386
0.000009,0.000723,-0.070217,0.067694
0.004117,0.001632,-0.062348,0.068745
-0.001870,0.001047,-0.070141,0.063125
0.003350,0.003743,-0.060063,0.070072
0.001131,0.001272,-0.067959,0.066615
-0.002573,-0.002907,-0.065746,0.067288
0.001167,-0.000232,-0.064644,0.067614
-0.001722,0.000894,-0.072298,0.068233
0.000826,0.000150,-0.065627,0.065506
0.009628,0.006524,-0.053909,0.079532
0.008591,0.004205,-0.061675,0.080961
0.000333,0.002076,-0.068501,0.069497
-0.007821,-0.001805,-0.081677,0.065924
0.002913,0.001969,-0.064964,0.075900
0.001695,0.000302,-0.065436,0.065097
-0.003605,-0.001140,-0.072424,0.063082
-0.004004,-0.001909,-0.072685,0.062951
0.000795,0.000645,-0.070455,0.069841
-0.003304,-0.002379,-0.075052,0.070150
0.007466,0.001312,-0.060767,0.071725
0.000055,0.000409,-0.061168,0.069446
0.002959,-0.000200,-0.065916,0.068632
-0.000115,-0.001599,-0.066228,0.066436
0.004657,0.001687,-0.066088,0.077512
0.004562,0.001808,-0.064362,0.070810
0.001287,0.000676,-0.069136,0.072798
-0.007441,-0.002914,-0.078116,0.061082
-0.005573,-0.002722,-0.074554,0.061761
0.002922,0.002357,-0.067416,0.067252
-0.003854,-0.001882,-0.068680,0.061242
0.002685,0.001610,-0.063726,0.069643
0.001386,0.001414,-0.066335,0.063972
0.002500,0.002732,-0.066482,0.069807
0.005612,0.001856,-0.063280,0.073957
0.001200,0.000320,-0.066776,0.069576
-0.005791,-0.001844,-0.072805,0.062928
-0.002267,-0.003027,-0.065636,0.066004
-0.006001,-0.002914,-0.076080,0.061251
-0.004399,-0.001207,-0.074044,0.065501
-0.003995,-0.001899,-0.071976,0.063298
0.001170,-0.000075,-0.067861,0.067757
-0.006731,-0.002432,-0.077101,0.061127
-0.008462,-0.005249,-0.076748,0.056781
0.007821,0.002743,-0.059536,0.073886
-0.001997,-0.002192,-0.069852,0.067392
0.007430,0.003621,-0.059424,0.077315
0.001299,-0.000550,-0.068316,0.070298
0.004854,0.001077,-0.067929,0.074931
0.003477,0.000958,-0.064572,0.072039
-0.000128,0.000760,-0.066990,0.068947
0.005430,0.003986,-0.060611,0.077124
0.000221,-0.000082,-0.072615,0.069455
-0.000146,0.001474,-0.067382,0.068078
0.000199,-0.001197,-0.069986,0.071895
-0.006208,-0.001089,-0.075718,0.057712
-0.002489,0.000498,-0.068030,0.065376
-0.004744,-0.002202,-0.073513,0.066078
-0.003471,-0.001013,-0.071607,0.065369
0.000899,0.003631,-0.068220,0.065565
-0.000486,-0.001601,-0.066758,0.067718
-0.004832,-0.002414,-0.078802,0.067019
-0.006433,-0.004174,-0.079330,0.061272
-0.000926,-0.000614,-0.068673,0.064914
0.000427,0.002463,-0.063661,0.065778
0.001555,0.001783,-0.066325,0.072735
-0.007339,-0.001290,-0.078854,0.058406
-0.002339,-0.001558,-0.070643,0.061592
-0.002909,-0.000562,-0.068980,0.064558
0.002176,-0.000391,-0.066987,0.067033
0.003675,0.001079,-0.069330,0.075701
-0.001724,-0.001068,-0.068674,0.065045
0.004553,0.000908,-0.063578,0.076444
-0.004300,-0.001266,-0.077089,0.065049
-0.002700,-0.002435,-0.067707,0.063697
0.008356,0.003455,-0.057965,0.074650
0.000900,0.000490,-0.066396,0.068843
0.004151,0.001041,-0.065902,0.077614
0.008049,0.003326,-0.059849,0.079328
-0.000071,-0.000945,-0.071236,0.071758
-0.003673,-0.000187,-0.075788,0.062570
0.001247,0.002029,-0.067403,0.066699
0.001075,-0.000706,-0.064348,0.066893
0.001865,0.000502,-0.069914,0.072591
0.001793,0.002826,-0.062847,0.070309
-0.000412,-0.000403,-0.070796,0.066985
-0.001525,-0.001051,-0.068206,0.063943
-0.009002,-0.006176,-0.083392,0.054843
-0.001758,-0.001090,-0.069236,0.069265
0.001966,0.002379,-0.063592,0.067839
-0.000406,0.001790,-0.069754,0.066002
-0.006539,-0.002206,-0.075398,0.059804
-0.002104,-0.000157,-0.066728,0.065097
0.000242,0.001610,-0.070639,0.067401
0.001895,-0.001604,-0.066044,0.067019
-0.008164,-0.003815,-0.077714,0.061197
0.003200,0.000824,-0.063283,0.068672
-0.002847,-0.000413,-0.070352,0.066978
0.001345,-0.001762,-0.064213,0.068422
0.000121,0.001122,-0.067533,0.069012
0.001293,0.000963,-0.065226,0.065620
-0.002859,-0.001197,-0.069106,0.063302
0.000568,-0.000456,-0.064808,0.066481
-0.004778,0.000934,-0.080043,0.063953
0.000250,-0.000727,-0.069018,0.067436
0.000898,0.000749,-0.067254,0.068835
-0.006317,-0.002380,-0.080174,0.062855
-0.003125,-0.002170,-0.069202,0.063106
0.002197,0.001135,-0.065719,0.064084
-0.000897,-0.000790,-0.065814,0.066812
0.002125,0.002318,-0.066596,0.070523
0.001017,-0.001219,-0.065919,0.073513
-0.002767,-0.002334,-0.072450,0.067644
-0.005707,-0.002072,-0.077451,0.064924
0.000111,-0.000026,-0.069706,0.067193
0.001762,0.000701,-0.069247,0.073274
-0.001805,0.001836,-0.073619,0.070270
-0.000944,-0.000220,-0.068940,0.067816
0.001660,0.000069,-0.069124,0.073193
-0.001417,-0.000614,-0.069966,0.064173
0.006987,0.002633,-0.061841,0.074967
0.002315,0.001090,-0.071896,0.072553
0.006456,0.003853,-0.057206,0.072784
0.003249,0.000954,-0.057486,0.068308
0.012703,0.005545,-0.054635,0.084177
-0.000651,0.001083,-0.072123,0.068062
-0.004133,-0.003192,-0.073010,0.064678
0.001863,0.000097,-0.065826,0.072795
0.005981,0.000343,-0.062860,0.072059
-0.001665,-0.000108,-0.070473,0.062036
-0.001320,-0.000252,-0.068669,0.064605
-0.003202,-0.002804,-0.076454,0.069497
-0.001092,-0.000127,-0.066948,0.066852
0.010078,0.004466,-0.057490,0.077255
0.005764,0.001531,-0.061163,0.076225
-0.002131,-0.001641,-0.072734,0.066570
-0.000971,-0.000159,-0.069797,0.064283
0.000334,-0.001802,-0.063635,0.064353
0.001890,0.002397,-0.063421,0.072375
0.002189,0.003277,-0.066950,0.066692
-0.002585,-0.002312,-0.070890,0.069488
-0.003826,-0.003554,-0.071401,0.061326
-0.000927,-0.000329,-0.068213,0.064681
-0.001411,-0.002260,-0.071188,0.070157
0.000225,0.001544,-0.071518,0.064849
0.003236,-0.000135,-0.062287,0.071182
0.000218,-0.001441,-0.068216,0.067397
0.000978,-0.000206,-0.063265,0.071628
-0.002481,-0.001834,-0.072743,0.063579
0.000001,0.000181,-0.066590,0.069322
0.001601,-0.000390,-0.064407,0.073838
-0.005216,-0.001660,-0.072943,0.064601
-0.003112,0.000053,-0.073161,0.065862
0.002387,0.001631,-0.061673,0.069423
0.001438,0.001111,-0.069657,0.070519
-0.001049,-0.002238,-0.069176,0.071363
0.002615,0.001571,-0.064609,0.070472
-0.003855,-0.001091,-0.073206,0.066559
0.000464,0.000621,-0.066641,0.070706
-0.003235,-0.001122,-0.075298,0.069562
-0.001408,-0.001973,-0.074615,0.066636
-0.003660,-0.001729,-0.073717,0.062661
-0.005174,-0.000611,-0.074832,0.061541
-0.007524,-0.003222,-0.076100,0.060568
0.001156,-0.000554,-0.064694,0.074881
0.000867,0.000428,-0.067523,0.068237
-0.001949,-0.000327,-0.072586,0.067434
0.000268,-0.000128,-0.064355,0.066721
0.000603,0.002104,-0.071287,0.068618
-0.001418,-0.000426,-0.071607,0.070326
-0.001757,-0.001182,-0.070206,0.069458
-0.001343,-0.001159,-0.069565,0.068729
-0.002476,0.000804,-0.064634,0.060401
0.001556,-0.000995,-0.063163,0.070050
-0.000706,0.001141,-0.071302,0.068552
-0.001220,-0.002059,-0.069281,0.063578
0.006710,0.000563,-0.062006,0.072937
0.000453,-0.000283,-0.068542,0.066588
-0.000059,0.001046,-0.066246,0.066749
0.002696,0.000439,-0.066664,0.069080
0.000087,0.000230,-0.068489,0.065703
-0.000065,-0.000214,-0.068846,0.066599
-0.001612,-0.001816,-0.071946,0.063769
0.008247,0.001263,-0.058960,0.078522
-0.000115,0.000842,-0.068354,0.072130
0.000991,-0.000114,-0.063807,0.066436
0.003986,0.002196,-0.063947,0.070588
0.003155,0.002466,-0.063321,0.073104
0.002185,0.000641,-0.071425,0.072522
-0.003523,-0.002998,-0.073700,0.066659
-0.000702,-0.002186,-0.067131,0.068823
0.007750,0.004296,-0.060172,0.070431
-0.000183,0.000776,-0.061796,0.063400
-0.002731,-0.002832,-0.071314,0.067012
0.008855,0.002919,-0.060313,0.075659
0.002312,0.001652,-0.065121,0.074940
-0.000702,-0.000000,-0.071211,0.065962
0.012531,0.004084,-0.052033,0.082108
0.002401,0.001253,-0.062327,0.070445
0.005301,0.001421,-0.067112,0.078469
-0.001470,-0.001420,-0.071125,0.073104
0.004112,0.001452,-0.064083,0.077928
-0.001301,-0.000930,-0.069631,0.064340
-0.003046,-0.001932,-0.073199,0.066316
-0.001976,-0.000527,-0.070971,0.066223
0.000522,-0.000684,-0.066193,0.067543
0.001885,0.001028,-0.068417,0.073126
0.008498,0.004515,-0.058107,0.076432
0.003879,0.001439,-0.062476,0.075778
-0.002927,-0.001081,-0.072138,0.063274
0.000395,0.000647,-0.064311,0.066230
0.005774,0.004084,-0.058788,0.074149
-0.000450,0.001091,-0.068817,0.067391
-0.000792,-0.002090,-0.066196,0.064786
0.003652,0.001657,-0.062850,0.067691
0.008849,0.004835,-0.058983,0.072654
-0.005585,-0.002811,-0.071079,0.065911
-0.004006,-0.001132,-0.077883,0.068593
-0.000928,-0.000010,-0.067352,0.064292
0.003572,0.000311,-0.069095,0.069135
-0.000325,0.000308,-0.071986,0.070157
-0.000920,-0.000959,-0.066669,0.065537
-0.003348,-0.000933,-0.075035,0.066039
-0.002495,-0.001234,-0.074249,0.064487
-0.002784,-0.001866,-0.071901,0.067726
-0.004578,-0.002296,-0.076150,0.062400
-0.001433,-0.000659,-0.071745,0.064421
-0.001283,-0.000911,-0.071780,0.068706
0.001999,0.001500,-0.063877,0.071978
-0.006028,-0.003685,-0.072884,0.061629
0.002913,0.001509,-0.066961,0.068122
0.002580,0.000994,-0.067371,0.072377
0.003057,0.002779,-0.067118,0.076433
-0.000093,0.001206,-0.070150,0.067707
-0.001670,-0.000673,-0.070012,0.065185
-0.003510,-0.000622,-0.069485,0.066862
-0.000953,-0.001645,-0.064978,0.064482
-0.001235,-0.000686,-0.065815,0.064363
0.004565,0.002612,-0.063632,0.073689
0.000715,-0.000159,-0.071874,0.071154
-0.003562,-0.001418,-0.070932,0.060916
-0.007014,-0.003884,-0.072571,0.065462
-0.005296,-0.002933,-0.070132,0.061716
-0.007762,-0.003059,-0.081112,0.060010
-0.005099,-0.001395,-0.070812,0.061909
-0.004442,0.000734,-0.073151,0.062956
-0.002612,-0.001660,-0.073632,0.068178
0.005740,0.004572,-0.061030,0.075623
-0.006471,-0.002890,-0.075701,0.060664
0.005461,0.001623,-0.062441,0.072727
-0.002878,-0.000030,-0.069213,0.068517
-0.004973,-0.002865,-0.075229,0.060684
-0.004254,-0.000788,-0.072111,0.058695
-0.007862,-0.003587,-0.080831,0.060477
-0.000382,0.000422,-0.066934,0.068369
-0.005188,-0.002319,-0.069047,0.061692
0.003220,-0.000133,-0.063582,0.067393
-0.000565,0.000569,-0.067016,0.065428
0.003630,0.002722,-0.062731,0.072328
0.004865,0.002266,-0.064808,0.071149
-0.004549,-0.002240,-0.072268,0.065839
-0.000886,0.000206,-0.073845,0.071453
-0.002408,-0.002329,-0.072563,0.067350
0.000677,-0.000512,-0.067911,0.069364
-0.006224,-0.002192,-0.072030,0.066060
0.002534,0.002252,-0.070114,0.067332
0.003177,-0.001149,-0.062928,0.075443
0.006081,0.000831,-0.060674,0.073487
0.005338,0.001580,-0.061538,0.076503
-0.001796,-0.000171,-0.064608,0.067245
-0.001420,-0.001214,-0.068717,0.063925
-0.003200,-0.003188,-0.072051,0.064155
0.007379,0.004776,-0.061839,0.076458
0.010054,0.005028,-0.052999,0.076784
0.013527,0.006276,-0.056047,0.084553
0.001912,0.001150,-0.065660,0.068795
-0.005160,-0.001526,-0.076910,0.060849
0.004473,0.001481,-0.059232,0.074485
-0.005995,-0.002379,-0.072889,0.057558
-0.000950,-0.001425,-0.070738,0.068623
-0.005992,-0.003143,-0.073239,0.059188
0.005702,0.002742,-0.062588,0.068020
0.001310,-0.000132,-0.061642,0.074774
-0.001530,0.000612,-0.069437,0.066734
0.010014,0.002398,-0.061783,0.085313
0.001334,0.000980,-0.065597,0.073402
0.002492,-0.000476,-0.067269,0.074251
-0.000531,-0.000255,-0.067651,0.065568
0.005063,0.002083,-0.062595,0.077340
0.004349,0.002875,-0.066354,0.071481
0.000559,-0.000299,-0.069076,0.065425
0.002488,0.002020,-0.066730,0.069218
0.002546,0.000410,-0.068175,0.071466
0.000916,0.002042,-0.072083,0.075667
-0.002287,0.000812,-0.069457,0.064703
-0.007856,-0.002370,-0.074234,0.061042
0.002863,0.002704,-0.070164,0.071190
-0.002952,-0.000875,-0.070808,0.066853
-0.001216,-0.000177,-0.066333,0.064107
-0.006797,-0.002092,-0.079020,0.065350
-0.001156,0.000427,-0.064965,0.063862
-0.001446,-0.000502,-0.067720,0.068356
-0.000846,-0.001580,-0.067891,0.067515
-0.003342,-0.000780,-0.069873,0.060042
0.001368,-0.002332,-0.062685,0.065530
-0.000310,-0.001670,-0.067158,0.070571
-0.000958,0.000804,-0.068290,0.064624
0.002245,0.001390,-0.064976,0.069322
0.006035,0.002742,-0.066362,0.080472
0.005396,0.001042,-0.065227,0.076417
-0.000136,0.001146,-0.072293,0.062592
-0.002273,-0.000314,-0.070832,0.067611
-0.001379,-0.001244,-0.067235,0.068520
-0.001362,-0.000445,-0.070061,0.066660
-0.008467,-0.003162,-0.077306,0.062709
-0.000349,0.002835,-0.068153,0.065043
0.001536,0.000870,-0.069339,0.070071
0.002916,0.001574,-0.065259,0.071731
-0.001066,-0.000100,-0.072721,0.069790
0.004048,0.002195,-0.063478,0.068183
0.008111,0.002296,-0.060779,0.085207
0.005624,0.003295,-0.061075,0.078063
0.002611,0.000994,-0.068759,0.074653
0.003956,0.000225,-0.061498,0.071348
-0.005118,0.000030,-0.075532,0.061079
-0.004738,-0.003226,-0.070910,0.061457
-0.001586,-0.000477,-0.070346,0.065470
-0.000428,0.000631,-0.070904,0.064218
0.002541,0.001277,-0.064013,0.069591
-0.005927,-0.004439,-0.075126,0.061351
0.006209,0.003221,-0.063330,0.073992
0.002791,0.001350,-0.064065,0.068708
0.001373,-0.001229,-0.071570,0.069464
0.001557,-0.000454,-0.065739,0.066111
0.003371,0.000061,-0.065623,0.073213
-0.000989,0.000241,-0.068207,0.070086
0.003576,0.002588,-0.065575,0.067302
0.002888,-0.001551,-0.066362,0.075705
-0.003994,-0.001620,-0.074935,0.067804
0.000682,-0.000279,-0.067676,0.067829
0.000426,0.000430,-0.066743,0.069872
-0.000677,0.000080,-0.065221,0.064583
0.000551,-0.001283,-0.066786,0.070680
0.005736,0.003089,-0.061447,0.076005
-0.003752,-0.001938,-0.069837,0.064171
-0.001066,-0.000693,-0.072731,0.065373
-0.000147,-0.001216,-0.066912,0.072060
-0.001222,-0.000521,-0.067087,0.065392
0.000391,0.000846,-0.069477,0.065594
0.001463,0.001197,-0.067673,0.073227
0.000715,0.000078,-0.073496,0.070410
0.005024,0.002458,-0.070077,0.073660
-0.001910,-0.000942,-0.071021,0.063568
0.006662,0.002288,-0.060527,0.080459
-0.000814,0.001275,-0.070437,0.068508
-0.000853,-0.000541,-0.063974,0.067240
0.005614,0.003507,-0.064856,0.078805
0.003359,0.002121,-0.063229,0.072906
0.000729,-0.001941,-0.069073,0.072878
-0.007282,-0.003126,-0.077885,0.060242
-0.004721,-0.004149,-0.073027,0.065195
-0.000016,-0.001751,-0.068309,0.069517
0.016470,0.005906,-0.050204,0.090248
-0.002355,-0.000360,-0.067149,0.070131
-0.000467,0.001000,-0.065185,0.067039
-0.001777,0.000401,-0.070726,0.068784
-0.002267,-0.002296,-0.069116,0.065290
-0.004156,-0.003709,-0.070683,0.064983
-0.003096,-0.001707,-0.068407,0.066321
-0.002867,0.001805,-0.076713,0.067212
0.000682,0.000940,-0.065618,0.066599
-0.002711,-0.000166,-0.070587,0.066584
-0.002219,-0.001664,-0.070215,0.069130
-0.004131,-0.002672,-0.073662,0.063298
0.000468,0.001476,-0.065139,0.069916
-0.007278,-0.003061,-0.070581,0.059850
-0.000492,0.001954,-0.069041,0.071269
0.000363,0.001372,-0.065995,0.067190
0.000305,-0.000651,-0.069144,0.069341
-0.006285,-0.002915,-0.077520,0.062949
-0.007741,-0.002361,-0.077202,0.062907
0.000552,0.002065,-0.065552,0.067062
0.001627,-0.000104,-0.065401,0.070807
-0.005869,-0.003544,-0.072796,0.061182
-0.001362,-0.002605,-0.068990,0.068454
0.000599,-0.001382,-0.066978,0.068456
0.010703,0.005329,-0.056255,0.082542
-0.000496,-0.000605,-0.066693,0.071285
0.002194,0.001444,-0.064155,0.069115
0.004188,0.001735,-0.062932,0.071421
-0.003218,0.000812,-0.066037,0.063605
-0.001437,0.000317,-0.071871,0.067044
0.004360,0.002702,-0.066207,0.068803
0.002939,-0.000906,-0.063740,0.074767
-0.003828,-0.001620,-0.073554,0.063491
-0.000460,-0.000134,-0.070956,0.065851
-0.004158,-0.001589,-0.074132,0.062352
0.010215,0.002710,-0.054542,0.079594
0.001804,0.000814,-0.063946,0.074940
-0.002239,-0.001227,-0.073620,0.069322
0.007221,0.003714,-0.058693,0.076733
-0.000853,0.000377,-0.068889,0.067809
0.000985,-0.000444,-0.066381,0.066181
-0.007411,-0.001822,-0.074283,0.061693
-0.000925,-0.000836,-0.065389,0.062995
0.001248,-0.000241,-0.067147,0.066794
-0.001804,-0.000311,-0.070164,0.067558
-0.001511,-0.000822,-0.065672,0.067706
-0.001607,-0.002297,-0.074982,0.068872
0.001998,0.002637,-0.067391,0.071961
0.001135,-0.000544,-0.067867,0.070419
-0.000841,-0.001903,-0.070478,0.069185
-0.007156,-0.002984,-0.073766,0.065980
-0.007311,-0.003843,-0.073227,0.059024
-0.002488,-0.001376,-0.069051,0.065206
-0.007639,-0.004122,-0.076319,0.061017
-0.005496,-0.002194,-0.069503,0.068549
-0.000940,-0.000739,-0.070719,0.064973
0.003571,-0.000569,-0.067987,0.075387
-0.003615,-0.000472,-0.070119,0.066993
0.003832,0.000836,-0.065652,0.072636
-0.003930,-0.002282,-0.073062,0.064259
0.006050,0.002366,-0.065023,0.072492
-0.005001,-0.000883,-0.079172,0.063628
-0.002050,0.000285,-0.071278,0.067328
0.002919,0.001317,-0.067224,0.070364
-0.004359,-0.002648,-0.072401,0.066070
-0.001359,-0.001103,-0.070654,0.067265
-0.000435,0.001053,-0.070177,0.069076
-0.006423,-0.002237,-0.073408,0.060117
-0.001323,-0.000673,-0.069010,0.066932
0.000652,-0.000009,-0.070945,0.067022
0.000959,-0.001621,-0.067269,0.072422
-0.002921,-0.001159,-0.076144,0.064678
-0.000651,0.000307,-0.068526,0.072917
0.003532,0.002272,-0.062072,0.069782
0.006128,0.005002,-0.064678,0.078614
-0.002513,-0.000598,-0.072913,0.065624
-0.005550,-0.002919,-0.074065,0.060208
0.000723,-0.001435,-0.067899,0.073645
-0.002196,-0.000196,-0.078183,0.067235
0.001921,-0.001586,-0.060858,0.064502
-0.001535,-0.002628,-0.068424,0.069312
-0.002617,-0.000234,-0.069229,0.063148
0.006765,0.002500,-0.065265,0.078030
-0.003879,-0.001314,-0.074101,0.063281
0.000557,-0.000973,-0.066927,0.067848
0.003825,0.002684,-0.061660,0.072604
0.000012,-0.000387,-0.068126,0.065872
0.006863,0.003221,-0.062967,0.080513
0.002045,0.000369,-0.066154,0.072608
0.000996,0.001178,-0.072190,0.068701
-0.005933,-0.003026,-0.080342,0.061602
-0.002180,-0.001605,-0.074430,0.072520
0.005177,0.001914,-0.057809,0.072713
-0.005967,-0.003155,-0.075644,0.059838
-0.001466,-0.000331,-0.073005,0.065519
0.003239,0.002039,-0.064846,0.073948
0.003170,0.001081,-0.058567,0.069388
0.004898,0.003098,-0.063621,0.077467
0.005736,0.002031,-0.061711,0.075406
-0.004817,-0.000705,-0.073094,0.064124
0.002427,0.000917,-0.062302,0.072427
-0.005107,-0.001886,-0.078361,0.067991
-0.001016,-0.000989,-0.070924,0.070131
0.003858,0.000769,-0.063800,0.071424
-0.002110,-0.001532,-0.073337,0.065412
0.000478,0.000871,-0.067725,0.068212
-0.003579,-0.001585,-0.078389,0.064764
-0.005037,-0.002900,-0.075961,0.059095
-0.000303,-0.000864,-0.065322,0.064725
0.000717,0.000961,-0.067355,0.068868
0.004192,0.003481,-0.060935,0.075999
-0.003612,-0.001432,-0.072562,0.063281
0.000547,-0.001253,-0.065277,0.070958
-0.005439,-0.002070,-0.075069,0.063853
-0.002842,-0.001360,-0.066699,0.062973
-0.001521,-0.002302,-0.070288,0.065749
-0.000114,-0.000258,-0.067748,0.069194
-0.000792,-0.000926,-0.067980,0.068445
0.004826,0.002397,-0.060536,0.069965
0.002422,0.000678,-0.065434,0.070610
0.003157,0.001244,-0.062974,0.070545
0.002927,0.002154,-0.063593,0.067418
0.005594,0.002833,-0.061599,0.072743
0.003749,0.001759,-0.061560,0.073837
0.001926,0.000972,-0.068807,0.065841
0.004580,0.004203,-0.067265,0.072352
0.000403,0.002176,-0.067586,0.067518
0.001059,0.000731,-0.069328,0.071456
-0.002905,-0.000087,-0.071394,0.067393
0.000658,0.000603,-0.070840,0.071029
-0.002081,-0.000689,-0.070365,0.067647
-0.002212,-0.001606,-0.065080,0.068098
0.001288,-0.000294,-0.069496,0.068606
-0.001201,0.000235,-0.068979,0.067326
0.000461,0.000834,-0.065801,0.066212
-0.001840,0.000224,-0.074426,0.065747
0.005139,0.004029,-0.057592,0.071288
0.001850,0.001399,-0.064618,0.074416
0.000147,0.000405,-0.069395,0.069710
-0.003062,-0.002223,-0.072732,0.067691
-0.000638,-0.002230,-0.067442,0.062207
-0.000122,-0.000272,-0.062952,0.067137
0.008218,0.003532,-0.059260,0.075385
0.007080,0.003109,-0.065260,0.075827
-0.000378,0.000742,-0.071262,0.067066
0.001387,-0.000847,-0.067456,0.072680
-0.006149,-0.001772,-0.074998,0.065862
-0.002679,-0.001308,-0.072714,0.065132
-0.000439,0.000535,-0.065709,0.066278
0.000873,0.000621,-0.067553,0.065933
-0.001917,-0.000156,-0.070771,0.062044
0.005688,0.003140,-0.057579,0.074263
-0.005770,-0.002984,-0.076285,0.062064
-0.000540,-0.001044,-0.069684,0.072002
-0.001737,-0.001150,-0.072823,0.063054
-0.000145,-0.000571,-0.072085,0.067864
-0.004823,-0.001135,-0.070797,0.066163
-0.002555,-0.001050,-0.071621,0.061079
-0.006848,-0.000914,-0.081029,0.062942
-0.011720,-0.004367,-0.079586,0.057258
-0.001194,-0.000648,-0.069940,0.066853
-0.009704,-0.003418,-0.083177,0.058276
-0.006374,-0.002541,-0.076960,0.063146
-0.004087,-0.001560,-0.069574,0.062479
-0.000509,0.001526,-0.067331,0.069767
0.002494,-0.000200,-0.062074,0.070538
-0.002792,-0.000799,-0.076526,0.069109
0.000133,-0.000232,-0.073613,0.071521
-0.001924,0.001059,-0.069609,0.064198
-0.000767,-0.001078,-0.068339,0.068180
-0.003166,-0.002369,-0.070183,0.063009
0.002569,0.001160,-0.065598,0.071780
0.003128,-0.001204,-0.068612,0.070383
-0.002009,-0.001660,-0.069787,0.068625
-0.001737,0.000715,-0.068060,0.062876
-0.001794,-0.001466,-0.067233,0.062020
-0.003528,-0.001599,-0.071911,0.065951
-0.004058,-0.002753,-0.067885,0.060377
-0.006906,-0.004453,-0.077636,0.060941
-0.000594,-0.000202,-0.068574,0.063110
-0.001422,-0.001844,-0.071588,0.067170
0.000557,0.001404,-0.075622,0.068044
0.011234,0.003862,-0.056620,0.080958
-0.002380,-0.001335,-0.068441,0.066616
0.003646,-0.000843,-0.066830,0.066555
0.001547,0.001386,-0.065233,0.071389
-0.002687,0.000048,-0.074106,0.063518
0.002707,0.001174,-0.063666,0.070922
0.003034,0.002842,-0.069717,0.076133
0.002914,0.003682,-0.067239,0.074076
-0.000941,-0.002361,-0.071553,0.071503
0.001641,0.003365,-0.070622,0.069428
0.003331,-0.001855,-0.066663,0.067635
0.002354,0.000401,-0.068002,0.069516
0.003327,0.003256,-0.062538,0.069076
0.001334,0.000408,-0.067113,0.069316
-0.002863,-0.001794,-0.071158,0.064434
-0.004963,-0.003094,-0.078207,0.063799
0.001707,0.000158,-0.067129,0.071023
-0.000459,-0.000534,-0.069538,0.068959
-0.000057,0.000452,-0.065577,0.067249
0.003604,-0.000163,-0.065919,0.074692
-0.005008,-0.003348,-0.076757,0.067967
-0.002477,-0.001397,-0.066804,0.065876
0.004236,0.000631,-0.066020,0.075305
0.003227,-0.000784,-0.059863,0.075050
-0.003049,0.000227,-0.074798,0.063555
0.009076,0.003508,-0.055120,0.077487
0.000765,0.002396,-0.065036,0.066322
0.002778,0.001763,-0.067423,0.072655
-0.000022,-0.001544,-0.067402,0.071100
-0.003044,-0.002167,-0.071102,0.066251
-0.002576,-0.001770,-0.072364,0.066021
0.005051,0.002258,-0.059018,0.071515
0.004387,0.002808,-0.066176,0.069194
0.000343,0.000286,-0.069577,0.067525
-0.003894,-0.003652,-0.070128,0.064376
0.005670,0.003177,-0.058862,0.076278
0.002275,0.000897,-0.066281,0.069453
0.003498,0.000841,-0.063390,0.068820
-0.000702,0.000586,-0.069906,0.064467
-0.002640,-0.002325,-0.071522,0.060223
0.002572,0.002159,-0.069925,0.070689
-0.002058,-0.001167,-0.067576,0.063811
-0.011253,-0.004367,-0.083397,0.056219
-0.001729,0.000463,-0.074502,0.066276
-0.006018,-0.002975,-0.073132,0.065402
-0.000332,0.001515,-0.075333,0.066326
0.005827,0.002153,-0.063898,0.076053
-0.009087,-0.002005,-0.082130,0.058890
-0.000319,0.001335,-0.066328,0.064441
-0.000484,-0.000862,-0.072685,0.066744
-0.002117,-0.000751,-0.072240,0.065250
-0.005946,-0.004125,-0.070801,0.062070
0.001111,0.000703,-0.068606,0.070581
0.001583,0.001169,-0.063111,0.071462
-0.010568,-0.002697,-0.078102,0.062239
-0.001940,-0.001413,-0.073022,0.066997
0.003742,0.001265,-0.069635,0.073651
-0.002343,-0.000869,-0.068016,0.064059
-0.001813,-0.000921,-0.069611,0.063974
0.002968,0.000835,-0.063557,0.074504
-0.001744,-0.001624,-0.069370,0.067654
-0.003256,-0.000291,-0.076043,0.070302
0.000740,-0.000115,-0.064604,0.072113
-0.000509,0.000015,-0.067741,0.066847
0.002771,0.001284,-0.063788,0.067091
0.001251,0.000511,-0.063557,0.064531
0.005436,0.001710,-0.063145,0.076595
0.000473,0.000823,-0.065402,0.068534
0.004649,0.001863,-0.062266,0.067125
0.003775,0.003100,-0.067181,0.071835
0.000812,0.000746,-0.065083,0.067938
-0.001271,0.000761,-0.066264,0.067152
0.006727,0.002339,-0.060825,0.078006
0.004965,0.001230,-0.064198,0.072544
-0.000061,-0.000419,-0.065809,0.065979
-0.001360,-0.001017,-0.072741,0.062766
-0.002916,-0.001187,-0.069773,0.067311
0.001380,0.000635,-0.064032,0.067345
-0.000458,-0.000134,-0.070844,0.068575
-0.004976,-0.001637,-0.067164,0.061903
0.002111,-0.000898,-0.064136,0.068979
0.009023,0.006185,-0.063799,0.078782
0.000500,-0.001210,-0.068518,0.063318
-0.004532,-0.000392,-0.075964,0.067083
-0.003123,-0.000171,-0.066932,0.064363
0.000151,-0.000711,-0.069827,0.068964
0.002280,-0.000094,-0.065459,0.072504
0.000881,0.002512,-0.064886,0.066760
-0.001465,0.000706,-0.070392,0.067101
-0.001613,0.002485,-0.066290,0.063179
-0.000745,0.001059,-0.068400,0.067917
-0.004090,0.000295,-0.073531,0.065899
0.003003,0.002144,-0.064840,0.068591
-0.004428,-0.001116,-0.076861,0.059192
-0.003467,-0.001136,-0.075910,0.061608
-0.004415,-0.001936,-0.074454,0.062641
-0.003406,-0.001327,-0.073000,0.067009
0.002211,0.000139,-0.063403,0.068908
-0.000591,-0.000514,-0.065244,0.070646
-0.003719,-0.001938,-0.073734,0.067057
-0.001069,-0.000817,-0.071503,0.071131
-0.000764,-0.001623,-0.067233,0.064692
-0.002781,-0.000093,-0.070524,0.062735
0.002512,0.001936,-0.064775,0.070970
-0.000487,-0.000441,-0.071519,0.069608
-0.001445,-0.002141,-0.068086,0.066949
-0.001146,-0.000417,-0.071425,0.064221
-0.000582,0.000236,-0.070321,0.072239
-0.001715,-0.001479,-0.071354,0.066150
0.002051,-0.000272,-0.066869,0.072390
0.001665,0.001303,-0.070168,0.067380
0.002583,0.001312,-0.066942,0.074359
-0.001274,-0.000904,-0.073096,0.068068
0.002637,0.002131,-0.070027,0.069666
-0.001325,-0.000719,-0.069711,0.067564
0.003398,0.001690,-0.061736,0.072087
0.003608,-0.000383,-0.069693,0.072730
0.003189,0.001361,-0.063255,0.071334
0.002388,0.001868,-0.065136,0.071263
-0.003551,-0.003210,-0.074036,0.069538
-0.004415,-0.001152,-0.072930,0.062062
-0.000435,-0.002320,-0.067214,0.063207
-0.002580,0.001085,-0.074240,0.067659
-0.003744,-0.000468,-0.077569,0.064724
0.004576,0.003656,-0.062201,0.075367
0.000607,-0.000283,-0.063297,0.068489
-0.002423,0.000060,-0.071448,0.065420
0.003349,0.001662,-0.066447,0.070807
-0.002211,0.000874,-0.073815,0.065085
-0.002425,0.000321,-0.069022,0.066247
-0.001201,0.000372,-0.063522,0.069889
-0.002790,-0.001645,-0.070907,0.066055
0.000632,-0.001397,-0.072340,0.071718
-0.001418,0.000297,-0.069826,0.070057
-0.000100,-0.000517,-0.066260,0.065532
-0.002418,-0.002116,-0.072483,0.067845
0.005474,0.002607,-0.063667,0.071386
-0.001799,-0.001695,-0.071271,0.068440
-0.000362,-0.002525,-0.064060,0.065693
-0.002586,-0.002388,-0.070566,0.065057
0.000154,0.001372,-0.065797,0.067313
0.000102,-0.000952,-0.066370,0.070553
0.002151,0.000149,-0.067127,0.069714
-0.002148,-0.001769,-0.068300,0.063749
-0.001826,-0.001671,-0.070688,0.070497
0.001024,-0.000241,-0.068737,0.069053
-0.000026,-0.000998,-0.071116,0.070783
0.001984,-0.000109,-0.069448,0.073274
0.000309,-0.000503,-0.067971,0.063907
-0.003541,-0.001903,-0.069711,0.064871
-0.000263,0.000444,-0.068444,0.064350
-0.001816,0.000652,-0.072600,0.064567
-0.003392,-0.000392,-0.068701,0.058354
-0.001559,-0.000943,-0.069268,0.066813
-0.002233,-0.000240,-0.068556,0.067622
0.002621,0.001261,-0.063782,0.069276
-0.002370,-0.001950,-0.074131,0.065819
-0.002732,-0.002318,-0.070867,0.060356
0.001919,0.000416,-0.066061,0.067672
0.000585,0.002740,-0.065851,0.072360
-0.002321,-0.001362,-0.072962,0.065295
-0.000087,-0.000328,-0.069514,0.068459
-0.001128,-0.000496,-0.073369,0.068218
0.002843,0.001426,-0.063321,0.070001
0.001208,0.002798,-0.069548,0.066112
0.000061,-0.000375,-0.067135,0.066648
-0.000986,0.000474,-0.071110,0.067772
-0.000224,0.000330,-0.068747,0.065770
0.000611,-0.000697,-0.065189,0.069475
-0.000152,-0.000289,-0.062722,0.063861
0.005207,0.001302,-0.061168,0.075794
0.002461,0.000817,-0.064549,0.068314
0.005769,0.002778,-0.060558,0.075963
0.002972,0.000622,-0.062641,0.067760
0.001884,-0.000523,-0.066076,0.064675
0.004607,0.001259,-0.060124,0.078294
0.001319,0.003385,-0.062548,0.071649
0.001979,-0.000929,-0.063348,0.066987
-0.001342,-0.000379,-0.066458,0.066458
-0.001588,-0.001070,-0.069810,0.068423
0.000871,0.001022,-0.066281,0.066969
-0.002790,-0.000881,-0.074778,0.062981
0.001708,0.000838,-0.070901,0.072305
-0.000834,-0.002997,-0.063848,0.064912
-0.000231,0.000886,-0.069753,0.064546
0.004321,-0.000780,-0.063841,0.069224
0.001871,0.000827,-0.064549,0.067675
0.002696,0.000941,-0.064884,0.074316
-0.003722,-0.002748,-0.070569,0.064349
-0.002035,-0.000033,-0.070771,0.065004
-0.002510,-0.000689,-0.069831,0.062453
-0.000962,0.000632,-0.073837,0.067689
-0.000710,-0.000924,-0.066327,0.068292
0.000708,-0.000400,-0.070276,0.069803
-0.001919,-0.000936,-0.070898,0.063575
0.000763,-0.000635,-0.063931,0.071416
-0.002729,-0.000454,-0.066464,0.063238
-0.002650,-0.001055,-0.068575,0.064973
-0.000335,-0.001502,-0.071529,0.068263
0.000780,0.000034,-0.070127,0.070556
-0.001077,0.000361,-0.068057,0.070567
0.003000,0.002223,-0.067419,0.071593
0.001619,0.000583,-0.067141,0.069280
0.001992,-0.000481,-0.063618,0.067718
0.001477,0.001407,-0.067659,0.072835
-0.002160,-0.001235,-0.070149,0.064123
-0.000057,0.001411,-0.065393,0.062265
0.001200,0.001049,-0.071672,0.068733
-0.004238,-0.002138,-0.069594,0.062643
-0.003221,0.000006,-0.071243,0.066091
0.007915,0.002477,-0.063461,0.083435
-0.001599,-0.000067,-0.068264,0.065744
-0.001157,-0.001871,-0.068468,0.065047
-0.004110,-0.002676,-0.074955,0.066249
-0.002054,0.000045,-0.068644,0.065966
-0.004429,-0.001761,-0.077811,0.060932
0.003927,0.001976,-0.063933,0.073906
0.004036,0.000921,-0.062368,0.069792
-0.001280,-0.001557,-0.065546,0.066568
-0.000486,0.001740,-0.069183,0.069942
-0.002230,-0.000816,-0.066591,0.064784
0.000041,-0.001220,-0.070284,0.069977
0.002428,0.000415,-0.065715,0.073674
-0.004789,-0.001603,-0.072115,0.060695
-0.000415,0.000366,-0.070115,0.060123
-0.000025,-0.000886,-0.066950,0.069415
-0.000428,0.000478,-0.074334,0.070469
0.002936,0.002012,-0.063522,0.071780
-0.000488,0.000738,-0.071934,0.064535
0.002934,0.002877,-0.065805,0.072826
-0.004357,-0.000949,-0.077410,0.067229
0.001637,0.001404,-0.068350,0.068971
-0.000533,-0.001429,-0.071505,0.068394
0.000613,-0.000662,-0.064494,0.068856
-0.001163,0.000218,-0.070668,0.066511
0.000380,0.001208,-0.067766,0.069142
0.002598,0.000187,-0.063278,0.072420
-0.005822,-0.001462,-0.073932,0.065395
-0.001191,0.000755,-0.066873,0.068048
-0.001516,0.000029,-0.068381,0.069543
0.002607,-0.002189,-0.062886,0.065910
-0.000810,-0.000837,-0.063763,0.067104
-0.001282,0.000617,-0.074125,0.068593
0.001023,0.000749,-0.066916,0.067368
-0.000141,-0.002225,-0.071100,0.069909
0.002116,0.001141,-0.067755,0.070733
0.000169,-0.000068,-0.065266,0.070367
-0.001272,0.000255,-0.069488,0.067971
-0.000479,-0.000524,-0.070744,0.067569
-0.003773,-0.001956,-0.074346,0.066399
-0.000769,-0.000612,-0.073358,0.068155
0.002429,0.000481,-0.063412,0.068164
0.004888,0.000976,-0.063533,0.072799
0.002400,-0.000684,-0.062990,0.068664
0.001052,-0.001662,-0.071491,0.069897
0.003411,0.001513,-0.065654,0.070109
-0.000569,0.001394,-0.062502,0.066184
0.000350,-0.000645,-0.067721,0.068104
-0.003046,-0.002115,-0.069012,0.061110
0.000738,-0.001319,-0.067937,0.073340
0.006709,0.001247,-0.062945,0.077564
-0.002511,-0.000457,-0.069917,0.071506
0.000780,-0.000508,-0.064727,0.072383
0.003165,0.000890,-0.063921,0.070335
0.001198,0.000681,-0.066707,0.072705
0.000059,-0.000430,-0.068339,0.069867
0.001120,0.000198,-0.063654,0.067774
0.003078,0.002964,-0.070546,0.075484
-0.000756,0.000174,-0.069752,0.068717
0.003404,0.000577,-0.064470,0.070283
0.000628,0.001189,-0.066582,0.071666
0.000630,0.001432,-0.069043,0.069598
-0.001256,0.001670,-0.068784,0.065939
0.001278,-0.001453,-0.067187,0.068953
0.004050,-0.000063,-0.060224,0.070615
-0.000696,0.002201,-0.069716,0.065640
0.000050,0.000522,-0.067251,0.065437
0.006390,0.001778,-0.060651,0.072833
-0.000131,0.001122,-0.071155,0.064273
-0.001407,0.000373,-0.070201,0.068357
-0.003379,-0.002367,-0.073630,0.065771
0.009155,0.004274,-0.062649,0.079413
-0.000431,0.001952,-0.072700,0.066584
0.000871,0.000651,-0.069106,0.068647
0.000707,-0.000841,-0.063591,0.071936
-0.004160,-0.004187,-0.067645,0.060678
-0.003752,-0.002334,-0.072401,0.062863
0.004074,0.002855,-0.066071,0.074680
-0.000596,0.001231,-0.068303,0.068041
-0.002091,-0.001934,-0.069511,0.064043
0.001826,-0.000247,-0.062877,0.067992
-0.002760,0.000993,-0.070420,0.064692
0.003077,0.003410,-0.062143,0.073858
0.007184,0.003760,-0.058373,0.079583
-0.001968,-0.002407,-0.069731,0.068200
-0.000390,0.000907,-0.069342,0.069473
-0.000910,-0.000673,-0.069816,0.061143
-0.002375,-0.002145,-0.073751,0.069390
0.000741,-0.000995,-0.069551,0.070454
0.000328,0.000420,-0.070883,0.074732
-0.003822,-0.001855,-0.071274,0.066426
