NW_006804007.1	1472293	-0.008495	-0.003402	-0.073699	0.054251
NW_006804227.1	2453104	-0.008036	-0.003488	-0.069830	0.056053
NW_006804455.1	1088691	-0.006764	-0.004030	-0.069586	0.055131
NW_006804209.1	662049	-0.006662	-0.002573	-0.067555	0.055248
NW_006804250.1	1123581	-0.006634	-0.004977	-0.060023	0.049327
NW_006806165.1	5508	-0.006373	-0.004169	-0.074717	0.053651
NW_006805789.1	5607	-0.006354	-0.003318	-0.072321	0.056366
NW_006804142.1	998342	-0.006339	-0.002631	-0.068078	0.052782
NW_006804003.1	922335	-0.006053	-0.004033	-0.069705	0.052353
NW_006804715.1	361170	-0.006017	-0.003302	-0.066237	0.055101
NW_006804003.1	4337396	-0.005945	-0.003497	-0.066194	0.058078
NW_006804002.1	2476157	-0.005103	-0.002775	-0.066764	0.054157
NW_006804612.1	711614	-0.005079	-0.001115	-0.068681	0.059910
NW_006804041.1	4209886	-0.005062	-0.002929	-0.066380	0.058316
NW_006805406.1	35612	-0.005023	-0.002497	-0.068924	0.054431
NW_006806541.1	1075	-0.004977	-0.003320	-0.068598	0.053504
NW_006803984.1	1464510	-0.004902	-0.001764	-0.067781	0.054775
NW_006805004.1	47597	-0.004849	-0.002770	-0.070360	0.055030
NW_006804139.1	1055043	-0.004807	-0.003246	-0.066435	0.057405
NW_006804130.1	2253861	-0.004552	-0.000849	-0.069276	0.054534
NW_006803983.1	5003063	-0.004537	-0.002841	-0.063541	0.056332
NW_006803924.1	5663849	-0.004444	-0.000998	-0.066754	0.057170
NW_006803992.1	3827221	-0.004402	-0.002111	-0.068428	0.055647
NW_006803930.1	7126032	-0.004400	-0.000886	-0.071054	0.059322
NW_006804122.1	2328417	-0.004378	-0.005046	-0.069843	0.062089
NW_006805093.1	229716	-0.004331	-0.002882	-0.069891	0.056515
NW_006804130.1	5756	-0.004294	-0.002601	-0.068460	0.055047
NW_006805111.1	11765	-0.004177	-0.002340	-0.069756	0.059504
NW_006804117.1	1903494	-0.004039	-0.001374	-0.066021	0.056418
NW_006804326.1	974752	-0.004023	-0.001569	-0.068231	0.060060
NW_006805363.1	102599	-0.003973	0.000849	-0.068841	0.056985
NW_006804743.1	904772	-0.003969	-0.001373	-0.061023	0.056220
NW_006804129.1	2213865	-0.003958	-0.002119	-0.067239	0.057085
NW_006804898.1	530363	-0.003825	-0.002029	-0.064265	0.058058
NW_006803934.1	1444477	-0.003781	-0.003241	-0.065291	0.054770
NW_006804310.1	1934820	-0.003750	-0.002474	-0.066876	0.059460
NW_006804219.1	537178	-0.003743	-0.002114	-0.066953	0.059041
NW_006804215.1	3101547	-0.003716	-0.001920	-0.064368	0.056671
NW_006804123.1	953856	-0.003698	-0.003075	-0.063551	0.056366
NW_006803934.1	4579305	-0.003664	-0.001754	-0.063625	0.052746
NW_006804975.1	133258	-0.003628	-0.003561	-0.067487	0.060093
NW_006805507.1	75440	-0.003600	-0.003737	-0.065364	0.058133
NW_006804016.1	97728	-0.003599	-0.002187	-0.067176	0.060636
NW_006803977.1	1180082	-0.003594	-0.001806	-0.067799	0.057917
NW_006804233.1	15436	-0.003543	-0.000473	-0.065685	0.057564
NW_006804052.1	2893560	-0.003457	-0.002401	-0.065046	0.058039
NW_006803930.1	4286788	-0.003415	-0.001288	-0.066310	0.058926
NW_006806034.1	3993	-0.003402	-0.000363	-0.068718	0.056818
NW_006803947.1	3518201	-0.003393	-0.000944	-0.066283	0.057618
NW_006804002.1	181718	-0.003392	-0.001201	-0.063505	0.056635
NW_006804022.1	3064995	-0.003375	-0.002731	-0.061510	0.057505
NW_006804357.1	1972075	-0.003366	-0.001752	-0.065290	0.059608
NW_006805618.1	1712	-0.003351	0.000062	-0.069384	0.054361
NW_006806723.1	2759	-0.003332	-0.002263	-0.061770	0.055062
NW_006804012.1	4477741	-0.003293	-0.002245	-0.067730	0.057588
NW_006803942.1	8804211	-0.003268	-0.000456	-0.063695	0.058984
NW_006804181.1	2690651	-0.003260	-0.001493	-0.063626	0.059801
NW_006804097.1	1109033	-0.003255	-0.001185	-0.065541	0.057178
NW_006804061.1	865537	-0.003226	-0.001479	-0.067369	0.061109
NW_006804164.1	1239177	-0.003221	-0.001458	-0.067689	0.059472
NW_006803943.1	3894939	-0.003219	-0.002941	-0.069355	0.058426
NW_006805033.1	178138	-0.003213	-0.000952	-0.067443	0.060490
NW_006804456.1	1284841	-0.003211	-0.002502	-0.062841	0.059119
NW_006804592.1	32938	-0.003170	-0.001698	-0.067192	0.059990
NW_006803956.1	1720985	-0.003142	-0.001351	-0.064700	0.057278
NW_006804209.1	970960	-0.003136	-0.000682	-0.066274	0.055270
NW_006805582.1	9025	-0.003132	-0.001645	-0.065016	0.056878
NW_006805589.1	4499	-0.003082	-0.001059	-0.063215	0.060021
NW_006804892.1	438883	-0.003077	-0.002385	-0.064822	0.054713
NW_006805765.1	176	-0.003061	-0.001050	-0.066092	0.051856
NW_006805210.1	155225	-0.003049	-0.003032	-0.066977	0.057208
NW_006804435.1	1623632	-0.003035	-0.001075	-0.067137	0.056746
NW_006803935.1	8339563	-0.003031	-0.001044	-0.067314	0.060820
NW_006805470.1	13129	-0.003031	-0.001178	-0.065776	0.058616
NW_006804111.1	251360	-0.003023	-0.002758	-0.063475	0.060629
NW_006803926.1	11076432	-0.002993	-0.001737	-0.064740	0.062790
NW_006804204.1	155294	-0.002987	-0.001438	-0.062169	0.056286
NW_006805662.1	2198	-0.002965	-0.002429	-0.059121	0.056355
NW_006804068.1	1632222	-0.002934	-0.002702	-0.066685	0.057880
NW_006805870.1	10772	-0.002899	-0.000181	-0.065724	0.057725
NW_006803926.1	13962339	-0.002838	-0.001583	-0.064046	0.058360
NW_006804592.1	29338	-0.002797	-0.002140	-0.065150	0.061113
NW_006803973.1	5434676	-0.002794	-0.000696	-0.068452	0.059142
NW_006804257.1	377831	-0.002794	0.000454	-0.068617	0.058536
NW_006804016.1	3658729	-0.002773	-0.000795	-0.067437	0.057606
NW_006804053.1	1228940	-0.002773	-0.000874	-0.064332	0.059178
NW_006804186.1	1944309	-0.002746	-0.002538	-0.068028	0.060285
NW_006804339.1	1266839	-0.002737	-0.001507	-0.066698	0.060914
NW_006804446.1	664345	-0.002711	-0.001152	-0.062818	0.056163
NW_006804035.1	1713433	-0.002686	-0.001193	-0.060905	0.056134
NW_006805327.1	188748	-0.002668	-0.001603	-0.063406	0.059350
NW_006803984.1	940562	-0.002609	-0.001461	-0.065346	0.059392
NW_006804032.1	4834422	-0.002602	-0.000459	-0.062006	0.058307
NW_006803943.1	3785720	-0.002600	-0.001024	-0.061937	0.057777
NW_006803953.1	1871085	-0.002598	0.000294	-0.068336	0.060817
NW_006804119.1	1010228	-0.002591	-0.000622	-0.063348	0.057412
NW_006804110.1	2157266	-0.002572	0.000107	-0.063507	0.055091
NW_006804099.1	3356704	-0.002550	-0.001557	-0.061574	0.059763
NW_006803954.1	2190196	-0.002545	-0.000874	-0.070557	0.059250
NW_006804003.1	2837737	-0.002526	0.000417	-0.065933	0.060212
NW_006804711.1	905952	-0.002509	-0.000275	-0.068772	0.062282
NW_006804035.1	4288245	-0.002477	-0.002727	-0.064214	0.061835
NW_006804703.1	627691	-0.002468	-0.001465	-0.063623	0.060293
NW_006804185.1	1778020	-0.002453	-0.001708	-0.063743	0.059842
NW_006804268.1	769598	-0.002444	-0.002048	-0.064672	0.056882
NW_006804863.1	94990	-0.002439	-0.000835	-0.061829	0.057961
NW_006803935.1	5518520	-0.002438	0.000582	-0.066476	0.058403
NW_006804036.1	2350974	-0.002425	-0.001382	-0.063541	0.060325
NW_006804961.1	161833	-0.002404	0.000103	-0.066075	0.064270
NW_006803926.1	15083129	-0.002399	0.001194	-0.064497	0.057145
NW_006804123.1	1443477	-0.002392	-0.000367	-0.068065	0.061528
NW_006805750.1	536	-0.002386	-0.000829	-0.065165	0.060196
NW_006804391.1	217956	-0.002353	0.000914	-0.065656	0.056791
NW_006804203.1	1523992	-0.002347	-0.001676	-0.066862	0.063885
NW_006803976.1	5340358	-0.002328	-0.001507	-0.063523	0.058138
NW_006804560.1	12665	-0.002321	-0.000946	-0.066131	0.062868
NW_006803992.1	2271247	-0.002318	-0.000824	-0.061399	0.061343
NW_006803931.1	4271720	-0.002310	-0.001489	-0.059245	0.059957
NW_006804193.1	1015447	-0.002305	-0.002511	-0.064698	0.057418
NW_006804015.1	833914	-0.002299	-0.001495	-0.064944	0.061288
NW_006804200.1	2282262	-0.002297	-0.001404	-0.064224	0.060963
NW_006805228.1	129319	-0.002284	-0.002815	-0.061920	0.063319
NW_006804117.1	1517276	-0.002279	-0.000278	-0.066730	0.059383
NW_006804430.1	487136	-0.002267	-0.002712	-0.064012	0.057820
NW_006803930.1	4863884	-0.002263	-0.001181	-0.062877	0.058793
NW_006804779.1	306684	-0.002253	-0.002292	-0.066332	0.060670
NW_006803932.1	7478791	-0.002238	-0.002405	-0.067125	0.057993
NW_006805736.1	10866	-0.002236	-0.001817	-0.064581	0.057318
NW_006805363.1	102875	-0.002221	-0.001430	-0.065381	0.058576
NW_006804023.1	4245596	-0.002218	-0.002060	-0.063553	0.059921
NW_006804240.1	407807	-0.002178	0.000161	-0.063301	0.060649
NW_006804229.1	671482	-0.002147	-0.001670	-0.062528	0.058253
NW_006804456.1	1332320	-0.002123	-0.001721	-0.061307	0.059855
NW_006804027.1	1015278	-0.002104	0.000060	-0.067054	0.057767
NW_006804109.1	1157122	-0.002059	-0.000793	-0.064074	0.056467
NW_006804764.1	805047	-0.002058	-0.003513	-0.061920	0.057781
NW_006804241.1	721314	-0.002041	-0.002468	-0.063898	0.057883
NW_006804085.1	1170003	-0.002035	-0.001009	-0.062758	0.057351
NW_006804551.1	714184	-0.002035	-0.001413	-0.060987	0.055939
NW_006804475.1	961087	-0.002023	-0.000217	-0.065327	0.055168
NW_006804314.1	561276	-0.002013	-0.000814	-0.069392	0.062241
NW_006804296.1	422511	-0.002010	-0.001768	-0.062745	0.061012
NW_006803938.1	9592611	-0.002005	0.000038	-0.063669	0.061336
NW_006804351.1	1650648	-0.002001	-0.002605	-0.062754	0.059602
NW_006805406.1	22326	-0.001981	-0.001070	-0.061369	0.060736
NW_006804172.1	2559340	-0.001980	-0.001420	-0.060397	0.061564
NW_006804617.1	864573	-0.001976	-0.000918	-0.065804	0.058167
NW_006803944.1	8833497	-0.001970	-0.001623	-0.063640	0.062274
NW_006804356.1	447	-0.001961	-0.000370	-0.066153	0.056754
NW_006804886.1	620711	-0.001952	0.000019	-0.069434	0.059560
NW_006809278.1	556	-0.001947	0.000200	-0.067810	0.058676
NW_006803968.1	312138	-0.001935	0.000866	-0.067435	0.058475
NW_006804221.1	1147767	-0.001933	-0.002005	-0.064756	0.061946
NW_006805691.1	15575	-0.001933	-0.002228	-0.064142	0.059930
NW_006804916.1	40963	-0.001931	-0.001114	-0.067025	0.059905
NW_006804251.1	2312858	-0.001929	-0.000579	-0.062716	0.062413
NW_006805270.1	159034	-0.001916	0.000042	-0.068747	0.058417
NW_006804012.1	1409622	-0.001915	-0.000921	-0.066665	0.060166
NW_006803941.1	2010950	-0.001894	-0.002380	-0.067312	0.061711
NW_006803941.1	7349414	-0.001892	-0.001236	-0.062523	0.055399
NW_006805243.1	65624	-0.001887	-0.001746	-0.068366	0.060312
NW_006804961.1	162097	-0.001882	-0.001097	-0.063152	0.057841
NW_006803936.1	5845271	-0.001878	-0.001200	-0.066294	0.060363
NW_006805742.1	8137	-0.001877	0.001704	-0.066254	0.062959
NW_006804034.1	4188278	-0.001871	0.000349	-0.069893	0.063130
NW_006804725.1	464700	-0.001866	-0.001907	-0.063387	0.061362
NW_006804113.1	2193991	-0.001858	0.000324	-0.066330	0.059751
NW_006803938.1	8876948	-0.001856	-0.000432	-0.064945	0.060145
NW_006806445.1	3152	-0.001834	-0.001410	-0.060356	0.057101
NW_006804057.1	3268431	-0.001829	-0.000711	-0.065827	0.066169
NW_006804235.1	1500847	-0.001826	-0.000902	-0.060227	0.061204
NW_006803986.1	4981189	-0.001820	0.000492	-0.067236	0.058354
NW_006804061.1	1713345	-0.001806	-0.000716	-0.064177	0.058517
NW_006804592.1	21602	-0.001805	-0.000278	-0.066346	0.062346
NW_006804026.1	4093606	-0.001804	-0.001646	-0.062035	0.060854
NW_006805515.1	9477	-0.001797	-0.003204	-0.059327	0.057587
NW_006803964.1	668496	-0.001792	-0.001719	-0.059381	0.056815
NW_006804520.1	1503472	-0.001791	-0.000426	-0.066107	0.061358
NW_006805364.1	193139	-0.001782	-0.000119	-0.067603	0.061456
NW_006804087.1	1043606	-0.001773	-0.000605	-0.064241	0.061350
NW_006805111.1	239435	-0.001730	-0.001053	-0.067530	0.060794
NW_006805050.1	405938	-0.001714	-0.002316	-0.062268	0.065629
NW_006804093.1	534510	-0.001710	-0.000158	-0.064898	0.060596
NW_006804173.1	1581937	-0.001710	-0.001939	-0.060659	0.064470
NW_006805461.1	11292	-0.001706	0.000276	-0.061868	0.062861
NW_006804111.1	1106901	-0.001705	-0.001747	-0.061718	0.058782
NW_006804170.1	1095607	-0.001705	0.001397	-0.070656	0.061746
NW_006804688.1	410733	-0.001701	0.000314	-0.064187	0.062385
NW_006805243.1	65336	-0.001670	0.000762	-0.069618	0.063839
NW_006805208.1	129091	-0.001651	-0.000384	-0.066552	0.062073
NW_006804331.1	1040843	-0.001643	-0.001679	-0.063475	0.061445
NW_006804124.1	2580463	-0.001639	-0.000812	-0.061823	0.058491
NW_006805101.1	315715	-0.001610	-0.002402	-0.061760	0.062427
NW_006806010.1	7842	-0.001604	-0.001682	-0.065626	0.057422
NW_006804659.1	817473	-0.001572	-0.000836	-0.062110	0.057983
NW_006804759.1	373201	-0.001571	-0.000841	-0.064780	0.062952
NW_006803954.1	738164	-0.001568	-0.001352	-0.059073	0.060262
NW_006804025.1	3843815	-0.001566	-0.001845	-0.062781	0.058022
NW_006803935.1	4746135	-0.001558	-0.000593	-0.065282	0.063756
NW_006804147.1	2102618	-0.001545	-0.000979	-0.061912	0.061126
NW_006804589.1	863968	-0.001539	-0.000538	-0.064155	0.056154
NW_006804844.1	446243	-0.001532	-0.000464	-0.063816	0.061093
NW_006804592.1	522	-0.001529	0.000766	-0.060480	0.057250
NW_006804521.1	2140	-0.001508	-0.000188	-0.059978	0.059333
NW_006806541.1	779	-0.001507	-0.001882	-0.061346	0.062364
NW_006804244.1	88803	-0.001506	0.000003	-0.064283	0.059459
NW_006804149.1	2278966	-0.001504	0.001131	-0.064232	0.063195
NW_006803936.1	4694355	-0.001501	0.000542	-0.064978	0.064110
NW_006805406.1	30073	-0.001501	-0.001897	-0.068748	0.063341
NW_006804904.1	18762	-0.001474	-0.000747	-0.066613	0.064048
NW_006803944.1	1749858	-0.001470	-0.001377	-0.066552	0.064815
NW_006803954.1	5819615	-0.001455	-0.000105	-0.067094	0.061567
NW_006803968.1	1378325	-0.001455	-0.000170	-0.064825	0.061404
NW_006804379.1	1518931	-0.001429	0.000059	-0.065559	0.060693
NW_006804620.1	62059	-0.001420	0.000618	-0.065424	0.067277
NW_006804041.1	2724318	-0.001415	-0.001200	-0.060848	0.057737
NW_006808341.1	153	-0.001393	-0.001434	-0.062416	0.058347
NW_006804878.1	439873	-0.001389	-0.001324	-0.062934	0.061832
NW_006803925.1	816280	-0.001359	-0.000170	-0.066290	0.062317
NW_006804244.1	271823	-0.001347	-0.000670	-0.060763	0.058966
NW_006805479.1	51151	-0.001336	-0.001375	-0.058681	0.059224
NW_006804180.1	148502	-0.001333	0.000207	-0.059229	0.057170
NW_006804555.1	213861	-0.001329	-0.001539	-0.063688	0.059985
NW_006804016.1	2242	-0.001324	-0.000320	-0.063227	0.061987
NW_006803925.1	13053708	-0.001308	-0.001029	-0.065762	0.063163
NW_006804116.1	3432603	-0.001308	-0.001898	-0.061154	0.061738
NW_006804259.1	1723745	-0.001303	-0.002151	-0.063072	0.062499
NW_006804217.1	2622438	-0.001291	-0.002738	-0.061215	0.058657
NW_006804268.1	1023684	-0.001275	-0.001422	-0.059547	0.057043
NW_006804100.1	243483	-0.001270	-0.000564	-0.059331	0.063339
NW_006805473.1	64766	-0.001265	-0.002008	-0.063842	0.061944
NW_006808146.1	1276	-0.001262	-0.001105	-0.069298	0.064038
NW_006804861.1	512400	-0.001244	0.000145	-0.065470	0.060004
NW_006804290.1	940133	-0.001233	-0.001549	-0.060280	0.063001
NW_006809712.1	318	-0.001229	-0.000774	-0.063300	0.064344
NW_006804329.1	710500	-0.001219	-0.001098	-0.065299	0.061476
NW_006804047.1	1826150	-0.001216	-0.000629	-0.058958	0.060905
NW_006804287.1	1540834	-0.001197	-0.000534	-0.065881	0.060588
NW_006803933.1	9065546	-0.001187	-0.002012	-0.062928	0.058297
NW_006804420.1	1513060	-0.001181	0.000013	-0.061303	0.058740
NW_006807502.1	1118	-0.001180	0.000458	-0.063650	0.058206
NW_006804748.1	669869	-0.001179	0.002225	-0.060210	0.061053
NW_006803968.1	4209111	-0.001178	-0.000417	-0.062156	0.056447
NW_006805392.1	98141	-0.001175	-0.000067	-0.062654	0.056195
NW_006805676.1	8545	-0.001173	0.000629	-0.060553	0.063756
NW_006804097.1	3115900	-0.001172	0.000860	-0.061848	0.055703
NW_006804464.1	1229740	-0.001157	-0.000784	-0.061852	0.060782
NW_006804303.1	551013	-0.001152	-0.001482	-0.063246	0.060069
NW_006803970.1	1723145	-0.001150	-0.001245	-0.065450	0.060120
NW_006804369.1	877710	-0.001146	-0.000563	-0.063690	0.055442
NW_006805109.1	28588	-0.001139	-0.000656	-0.061504	0.059089
NW_006803985.1	1143085	-0.001131	-0.001324	-0.056582	0.059117
NW_006804007.1	4425630	-0.001126	-0.000408	-0.063414	0.062821
NW_006807713.1	1108	-0.001118	-0.001987	-0.065745	0.056622
NW_006806812.1	2881	-0.001108	-0.000431	-0.065689	0.064137
NW_006803991.1	3635239	-0.001106	0.001098	-0.063668	0.063021
NW_006805042.1	254543	-0.001104	-0.001857	-0.063533	0.059406
NW_006804886.1	630307	-0.001094	0.001558	-0.062355	0.059671
NW_006806430.1	781	-0.001088	-0.000906	-0.063169	0.060905
NW_006804010.1	5073122	-0.001083	0.000918	-0.061993	0.055883
NW_006804433.1	48374	-0.001079	-0.000179	-0.062487	0.059394
NW_006805674.1	18692	-0.001079	-0.001367	-0.064163	0.060928
NW_006804066.1	3674173	-0.001075	0.002029	-0.063989	0.059265
NW_006804620.1	550	-0.001069	-0.000181	-0.062256	0.059652
NW_006805406.1	71835	-0.001068	-0.001037	-0.057566	0.057916
NW_006804095.1	2840063	-0.001067	-0.001329	-0.060611	0.059209
NW_006803999.1	4427356	-0.001059	0.000333	-0.063725	0.058907
NW_006804179.1	1256864	-0.001057	-0.001671	-0.064420	0.059757
NW_006803975.1	2892730	-0.001049	-0.001721	-0.062658	0.060556
NW_006805018.1	225010	-0.001045	-0.002672	-0.063498	0.056302
NW_006804772.1	311494	-0.001041	-0.002215	-0.064617	0.059906
NW_006803956.1	4861231	-0.001036	0.000142	-0.066719	0.060694
NW_006804159.1	2966308	-0.001032	-0.000893	-0.062100	0.059830
NW_006804144.1	1281324	-0.001019	-0.000459	-0.063545	0.060494
NW_006804611.1	241020	-0.001014	-0.000387	-0.062590	0.059614
NW_006803930.1	6718903	-0.001007	-0.002059	-0.062536	0.063240
NW_006804309.1	1476705	-0.001006	-0.000160	-0.061884	0.055550
NW_006805558.1	12913	-0.000996	-0.000173	-0.065584	0.063458
NW_006809394.1	32	-0.000983	-0.000226	-0.059856	0.060051
NW_006804021.1	425662	-0.000981	-0.001180	-0.065190	0.060682
NW_006804015.1	3325227	-0.000975	-0.001754	-0.061746	0.059754
NW_006805111.1	8615	-0.000974	0.000942	-0.060700	0.056299
NW_006804233.1	15772	-0.000969	-0.000202	-0.063772	0.057887
NW_006804029.1	1825776	-0.000960	-0.000392	-0.064279	0.060160
NW_006804088.1	1218233	-0.000954	-0.001516	-0.063090	0.058522
NW_006804484.1	638207	-0.000945	0.000532	-0.064594	0.059496
NW_006804079.1	2282666	-0.000929	-0.000408	-0.066475	0.063636
NW_006803926.1	9708680	-0.000922	-0.000703	-0.060620	0.059790
NW_006804587.1	1156240	-0.000920	-0.001143	-0.060588	0.058937
NW_006803968.1	4643087	-0.000906	0.000418	-0.064962	0.058636
NW_006806165.1	6072	-0.000904	-0.000293	-0.061788	0.061780
NW_006804007.1	4390823	-0.000882	0.000181	-0.066162	0.061202
NW_006804221.1	1341390	-0.000879	-0.002116	-0.057826	0.062851
NW_006804592.1	42240	-0.000866	0.001157	-0.066926	0.060667
NW_006803956.1	5034514	-0.000857	-0.000231	-0.061080	0.059520
NW_006805473.1	61825	-0.000856	-0.001477	-0.060810	0.063507
NW_006805228.1	119197	-0.000851	-0.000303	-0.063852	0.060940
NW_006804138.1	9513	-0.000832	0.000843	-0.060626	0.063444
NW_006804007.1	4952132	-0.000831	-0.001095	-0.063041	0.060640
NW_006804055.1	249466	-0.000830	0.001044	-0.062472	0.061388
NW_006803934.1	8906006	-0.000822	-0.001243	-0.060224	0.059064
NW_006805042.1	398499	-0.000808	-0.000306	-0.066024	0.061373
NW_006804176.1	1026308	-0.000793	-0.000567	-0.063376	0.057407
NW_006804935.1	539566	-0.000792	-0.002326	-0.059210	0.058674
NW_006805470.1	72996	-0.000785	-0.001774	-0.058617	0.058941
NW_006803929.1	2571040	-0.000784	0.000080	-0.063704	0.056968
NW_006804316.1	2267158	-0.000782	-0.000514	-0.063595	0.063357
NW_006803962.1	4372160	-0.000781	0.000809	-0.066164	0.061370
NW_006804111.1	3425208	-0.000773	-0.002391	-0.059590	0.058916
NW_006804015.1	253444	-0.000771	0.002245	-0.062468	0.058577
NW_006804210.1	732925	-0.000770	0.000951	-0.069441	0.062777
NW_006803999.1	4293524	-0.000756	-0.000203	-0.061157	0.059085
NW_006804160.1	8254	-0.000756	-0.000644	-0.064204	0.061702
NW_006804052.1	4156203	-0.000744	0.000714	-0.063080	0.058541
NW_006804699.1	936429	-0.000741	-0.000987	-0.065375	0.063897
NW_006804200.1	1439477	-0.000723	-0.000508	-0.063989	0.062164
NW_006804124.1	3127716	-0.000711	-0.000920	-0.063010	0.057009
NW_006804357.1	1705491	-0.000709	-0.002271	-0.064322	0.063634
NW_006805868.1	2041	-0.000705	-0.000116	-0.057751	0.059236
NW_006806257.1	6597	-0.000691	-0.001667	-0.065819	0.062440
NW_006804825.1	404465	-0.000690	0.001018	-0.060540	0.064528
NW_006805210.1	113714	-0.000690	0.000698	-0.060020	0.059565
NW_006803975.1	4989470	-0.000687	-0.000293	-0.063017	0.058598
NW_006804413.1	1833187	-0.000685	-0.001140	-0.056313	0.054817
NW_006804368.1	1651424	-0.000677	0.000166	-0.058251	0.060497
NW_006805404.1	105489	-0.000676	-0.000228	-0.065537	0.061420
NW_006805676.1	1255	-0.000676	-0.001341	-0.063834	0.063647
NW_006803984.1	4830127	-0.000671	-0.000222	-0.065323	0.057503
NW_006804359.1	1852469	-0.000665	-0.002587	-0.060841	0.062961
NW_006804341.1	692672	-0.000664	-0.001793	-0.066072	0.065428
NW_006805228.1	239106	-0.000662	-0.000432	-0.061957	0.058746
NW_006804343.1	1842013	-0.000656	0.000657	-0.060996	0.056836
NW_006805042.1	320903	-0.000655	0.000008	-0.062419	0.059418
NW_006804633.1	221394	-0.000647	-0.002121	-0.060238	0.063217
NW_006804036.1	1972751	-0.000626	-0.000516	-0.064688	0.061197
NW_006805448.1	84008	-0.000626	0.000183	-0.064729	0.058669
NW_006805006.1	374000	-0.000625	0.000475	-0.059338	0.060158
NW_006803986.1	2847824	-0.000623	0.000265	-0.062565	0.055780
NW_006803938.1	3206326	-0.000622	-0.000044	-0.059115	0.059246
NW_006805228.1	188039	-0.000620	-0.000007	-0.063763	0.061310
NW_006804811.1	428137	-0.000618	0.001678	-0.061530	0.063053
NW_006804206.1	676098	-0.000607	-0.000743	-0.065173	0.061631
NW_006804625.1	1003429	-0.000605	-0.001232	-0.064521	0.059844
NW_006804005.1	1673856	-0.000604	0.000047	-0.064964	0.058457
NW_006803979.1	4559343	-0.000600	-0.000384	-0.062519	0.063043
NW_006807541.1	576	-0.000598	-0.000657	-0.063645	0.061642
NW_006803963.1	2327961	-0.000586	0.000304	-0.063622	0.061832
NW_006805447.1	51821	-0.000574	-0.000927	-0.063292	0.062721
NW_006804429.1	1334504	-0.000565	-0.001676	-0.059516	0.062603
NW_006803975.1	415049	-0.000550	0.000084	-0.063034	0.060198
NW_006804122.1	3742172	-0.000533	-0.001534	-0.060984	0.056916
NW_006804521.1	860603	-0.000532	-0.000123	-0.062913	0.065655
NW_006805768.1	10143	-0.000532	0.001211	-0.059092	0.060200
NW_006804060.1	1743854	-0.000521	-0.000117	-0.066616	0.060396
NW_006803966.1	1466216	-0.000515	-0.000967	-0.061180	0.063391
NW_006804253.1	2269222	-0.000514	-0.000710	-0.062746	0.063960
NW_006804174.1	1448406	-0.000513	-0.000081	-0.061556	0.064833
NW_006803926.1	3240787	-0.000500	-0.002468	-0.062165	0.061700
NW_006803984.1	763643	-0.000496	-0.000451	-0.062617	0.060208
NW_006804045.1	607534	-0.000496	0.000070	-0.059629	0.065482
NW_006804048.1	1027505	-0.000485	-0.000809	-0.061044	0.062148
NW_006804707.1	303579	-0.000483	0.000053	-0.062329	0.062123
NW_006804600.1	371655	-0.000475	-0.000066	-0.060385	0.062183
NW_006805042.1	255690	-0.000461	-0.001637	-0.064633	0.064635
NW_006805427.1	87315	-0.000460	-0.001618	-0.061825	0.061208
NW_006805390.1	13607	-0.000453	-0.000410	-0.061419	0.058904
NW_006805659.1	20711	-0.000446	0.000632	-0.061036	0.058222
NW_006804847.1	426850	-0.000445	-0.001839	-0.060046	0.059391
NW_006805901.1	10305	-0.000440	0.000153	-0.063250	0.060566
NW_006804559.1	1302719	-0.000438	-0.000927	-0.062883	0.060134
NW_006804098.1	3694724	-0.000425	0.001130	-0.060617	0.061993
NW_006804735.1	73414	-0.000420	-0.001928	-0.059075	0.064238
NW_006804112.1	2901351	-0.000419	-0.001259	-0.064214	0.063200
NW_006805555.1	362	-0.000415	0.000511	-0.064500	0.061987
NW_006804010.1	5099906	-0.000414	-0.000229	-0.061797	0.062307
NW_006804275.1	994840	-0.000413	-0.000941	-0.057944	0.061556
NW_006804233.1	30696	-0.000403	-0.001149	-0.060514	0.058866
NW_006804091.1	1837641	-0.000383	0.000713	-0.059312	0.058107
NW_006804214.1	1838689	-0.000382	0.000663	-0.060754	0.056085
NW_006804100.1	1312740	-0.000381	-0.000307	-0.060743	0.058893
NW_006804222.1	2229034	-0.000378	-0.000201	-0.066320	0.064914
NW_006803945.1	2816637	-0.000370	-0.000022	-0.064396	0.059465
NW_006804142.1	872366	-0.000367	0.000188	-0.060729	0.058581
NW_006805042.1	255963	-0.000366	0.000018	-0.062261	0.060919
NW_006805676.1	518	-0.000364	0.000654	-0.062259	0.062095
NW_006803982.1	2570870	-0.000363	-0.000853	-0.061404	0.061101
NW_006804206.1	305545	-0.000363	-0.001708	-0.061888	0.057505
NW_006804022.1	727231	-0.000355	-0.001286	-0.061723	0.061765
NW_006805299.1	62309	-0.000344	-0.000777	-0.062010	0.057010
NW_006804233.1	190840	-0.000339	-0.000845	-0.064315	0.064670
NW_006805250.1	17698	-0.000337	0.000136	-0.062154	0.061805
NW_006804339.1	684999	-0.000334	-0.000206	-0.065249	0.064323
NW_006805364.1	61927	-0.000330	0.000912	-0.065864	0.064344
NW_006803939.1	4962127	-0.000329	0.000240	-0.064501	0.063472
NW_006804195.1	2680536	-0.000329	0.002081	-0.068218	0.059893
NW_006804591.1	643375	-0.000329	0.000549	-0.062139	0.063324
NW_006803945.1	782285	-0.000326	-0.000547	-0.067880	0.063836
NW_006804886.1	654165	-0.000323	-0.000309	-0.065307	0.062852
NW_006805204.1	203224	-0.000323	-0.001178	-0.060032	0.055104
NW_006804238.1	1782003	-0.000315	0.000644	-0.061449	0.059990
NW_006804879.1	61506	-0.000311	-0.001508	-0.064777	0.058577
NW_006803925.1	1300842	-0.000295	0.000424	-0.061999	0.061508
NW_006803934.1	2535757	-0.000294	0.000359	-0.061086	0.061583
NW_006804327.1	1565350	-0.000289	-0.000691	-0.063478	0.060209
NW_006804635.1	1194487	-0.000287	-0.000166	-0.061787	0.064298
NW_006804335.1	55345	-0.000282	-0.001382	-0.060819	0.064060
NW_006804141.1	531196	-0.000276	-0.000641	-0.058489	0.057976
NW_006805578.1	16081	-0.000268	-0.000918	-0.063105	0.062142
NW_006804031.1	3095257	-0.000250	-0.002261	-0.060692	0.063959
NW_006804561.1	1123484	-0.000249	-0.000404	-0.061323	0.059406
NW_006805109.1	25937	-0.000248	-0.001087	-0.062496	0.058077
NW_006804084.1	3972750	-0.000238	-0.001956	-0.058704	0.059672
NW_006804007.1	4470134	-0.000235	0.001495	-0.061678	0.060632
NW_006805109.1	251601	-0.000216	-0.001106	-0.060817	0.059861
NW_006803948.1	6021632	-0.000213	-0.000643	-0.061846	0.061268
NW_006803926.1	1670331	-0.000203	0.000199	-0.060710	0.062039
NW_006805366.1	114631	-0.000203	0.000357	-0.060986	0.061947
NW_006804637.1	170945	-0.000201	-0.001228	-0.058619	0.062809
NW_006805229.1	207998	-0.000174	-0.000100	-0.062855	0.064076
NW_006803942.1	2424180	-0.000173	-0.000956	-0.059948	0.062295
NW_006804020.1	535135	-0.000167	0.000296	-0.059627	0.062014
NW_006804655.1	792676	-0.000164	0.001908	-0.063688	0.060344
NW_006803971.1	4959650	-0.000158	-0.001417	-0.064004	0.059548
NW_006804147.1	2166443	-0.000156	0.000036	-0.064089	0.061116
NW_006804434.1	1692333	-0.000155	-0.000873	-0.061230	0.060484
NW_006804137.1	336775	-0.000149	0.001828	-0.065467	0.060722
NW_006803943.1	3769846	-0.000141	-0.002462	-0.061664	0.058098
NW_006803951.1	4784567	-0.000141	-0.000200	-0.058623	0.057900
NW_006805505.1	15203	-0.000132	0.000414	-0.061847	0.062428
NW_006804160.1	9648	-0.000128	-0.000177	-0.063197	0.066838
NW_006804009.1	5060840	-0.000113	0.000559	-0.061092	0.060294
NW_006805210.1	86424	-0.000107	0.000078	-0.064168	0.062764
NW_006805109.1	38347	-0.000106	0.001221	-0.061796	0.062298
NW_006805392.1	121016	-0.000099	0.001031	-0.063699	0.064797
NW_006804451.1	1104081	-0.000091	-0.000887	-0.063591	0.060771
NW_006805287.1	204416	-0.000085	0.000628	-0.059477	0.063127
NW_006807765.1	1040	-0.000059	-0.001243	-0.058701	0.064795
NW_006804521.1	210623	-0.000056	-0.000813	-0.058643	0.061324
NW_006805859.1	3706	-0.000054	0.000872	-0.057939	0.062871
NW_006803935.1	11028732	-0.000039	-0.001182	-0.062724	0.064134
NW_006804176.1	87986	-0.000036	-0.001264	-0.062273	0.058572
NW_006805839.1	11441	-0.000030	-0.000890	-0.058528	0.061439
NW_006806257.1	6900	-0.000018	0.001272	-0.064862	0.060432
NW_006809712.1	647	-0.000018	-0.000080	-0.061832	0.061135
NW_006804615.1	951836	-0.000017	-0.000090	-0.063465	0.061460
NW_006805405.1	53176	-0.000017	0.001169	-0.062052	0.065388
NW_006804025.1	2351180	-0.000011	0.001332	-0.063721	0.064173
NW_006803943.1	3769448	-0.000010	-0.000665	-0.062462	0.060036
NW_006803986.1	1438999	0.000003	-0.000584	-0.059315	0.061478
NW_006804161.1	2212546	0.000003	-0.001480	-0.061369	0.061104
NW_006804302.1	1289272	0.000005	-0.000362	-0.060777	0.061996
NW_006804144.1	88134	0.000017	0.001843	-0.062994	0.055293
NW_006804351.1	1619640	0.000026	-0.000845	-0.062612	0.061040
NW_006803927.1	2820279	0.000027	-0.000269	-0.065767	0.061387
NW_006803929.1	1887980	0.000028	0.001180	-0.060814	0.058853
NW_006804108.1	2969316	0.000028	0.002348	-0.061606	0.062553
NW_006805662.1	3441	0.000030	0.001372	-0.065626	0.057849
NW_006805834.1	6573	0.000032	0.001371	-0.065038	0.063628
NW_006805245.1	149078	0.000034	0.001036	-0.059048	0.057372
NW_006808427.1	1105	0.000036	-0.000546	-0.064240	0.063120
NW_006804068.1	875677	0.000037	0.002301	-0.059720	0.059613
NW_006804078.1	2721525	0.000038	0.000412	-0.064957	0.065951
NW_006804015.1	2488272	0.000044	-0.000512	-0.061301	0.060886
NW_006805447.1	97229	0.000044	-0.000167	-0.057734	0.060420
NW_006806413.1	1060	0.000056	0.000943	-0.061477	0.059749
NW_006804470.1	38870	0.000061	0.002426	-0.057449	0.060925
NW_006804195.1	2884466	0.000075	0.000423	-0.064351	0.060658
NW_006804237.1	792128	0.000076	-0.000379	-0.057577	0.060466
NW_006805401.1	167618	0.000083	-0.000829	-0.059558	0.060701
NW_006805042.1	304217	0.000084	0.000237	-0.060550	0.060806
NW_006804168.1	128681	0.000090	-0.000781	-0.063102	0.065548
NW_006803929.1	7796562	0.000097	-0.000501	-0.058212	0.064698
NW_006803995.1	3140651	0.000107	0.000453	-0.065030	0.060958
NW_006805470.1	74559	0.000109	0.001981	-0.061474	0.057236
NW_006804248.1	1785518	0.000112	0.000686	-0.065959	0.060686
NW_006804113.1	1009328	0.000117	0.000487	-0.059588	0.058497
NW_006803942.1	7094300	0.000119	0.000326	-0.065010	0.061516
NW_006805392.1	40587	0.000120	0.000663	-0.063897	0.063562
NW_006804141.1	1368308	0.000121	-0.001956	-0.056260	0.061691
NW_006805839.1	8106	0.000128	0.000287	-0.059743	0.059825
NW_006804262.1	312986	0.000131	-0.000205	-0.060747	0.061872
NW_006804693.1	597179	0.000133	0.001323	-0.061725	0.063628
NW_006804241.1	1804686	0.000134	0.001681	-0.061941	0.062863
NW_006804924.1	546	0.000136	0.000031	-0.059814	0.061285
NW_006803975.1	525617	0.000138	-0.000203	-0.060513	0.065095
NW_006805228.1	129606	0.000138	-0.000220	-0.056256	0.061697
NW_006804669.1	523409	0.000142	0.000077	-0.061476	0.059981
NW_006804029.1	1231743	0.000155	-0.001213	-0.065642	0.063271
NW_006807690.1	529	0.000159	-0.001604	-0.061719	0.063285
NW_006804381.1	1611597	0.000167	0.000204	-0.058357	0.060129
NW_006804791.1	814485	0.000167	0.000394	-0.064243	0.066042
NW_006804051.1	3808918	0.000168	0.002359	-0.063924	0.059161
NW_006804239.1	863815	0.000170	-0.000120	-0.062594	0.062994
NW_006804707.1	164628	0.000175	0.000500	-0.060051	0.062755
NW_006803992.1	5713509	0.000182	0.001399	-0.060011	0.064372
NW_006804535.1	797633	0.000186	-0.000692	-0.061885	0.066603
NW_006804023.1	771155	0.000195	-0.000042	-0.063229	0.065285
NW_006803953.1	4689243	0.000200	-0.000782	-0.062712	0.061317
NW_006804874.1	84562	0.000218	-0.000544	-0.062385	0.069065
NW_006805582.1	9919	0.000238	0.000388	-0.064990	0.065054
NW_006804620.1	986	0.000245	0.000680	-0.062841	0.063793
NW_006805479.1	14321	0.000246	0.000405	-0.063088	0.063279
NW_006804132.1	2383404	0.000249	-0.001142	-0.063514	0.063613
NW_006803955.1	5880020	0.000261	0.000947	-0.066195	0.064383
NW_006805548.1	63619	0.000270	-0.001279	-0.061183	0.062702
NW_006805212.1	148769	0.000271	0.001069	-0.064893	0.062362
NW_006804328.1	2167267	0.000279	0.000602	-0.062457	0.061927
NW_006804156.1	2656890	0.000287	0.001228	-0.061793	0.061772
NW_006804199.1	1736674	0.000288	0.000504	-0.060923	0.063628
NW_006804707.1	396597	0.000288	0.000190	-0.061601	0.059169
NW_006804168.1	1143822	0.000302	0.001752	-0.062677	0.060317
NW_006804033.1	622368	0.000304	0.000263	-0.062477	0.061665
NW_006805644.1	17880	0.000308	0.000588	-0.063174	0.060473
NW_006805064.1	645	0.000319	-0.000467	-0.061680	0.066861
NW_006804019.1	4358114	0.000338	0.001154	-0.060514	0.064320
NW_006804370.1	1781097	0.000357	0.000977	-0.063122	0.063959
NW_006804084.1	3244761	0.000362	-0.000094	-0.059289	0.062320
NW_006808562.1	970	0.000369	-0.001216	-0.057327	0.060555
NW_006806165.1	5796	0.000370	-0.000213	-0.058971	0.058880
NW_006806541.1	65	0.000375	-0.001752	-0.062231	0.063226
NW_006804359.1	47255	0.000378	0.001143	-0.058617	0.061459
NW_006808341.1	454	0.000383	0.001349	-0.061404	0.064748
NW_006804155.1	69542	0.000392	-0.000369	-0.061514	0.064306
NW_006804150.1	2252371	0.000403	0.000310	-0.060080	0.061687
NW_006805406.1	21981	0.000412	0.000886	-0.062109	0.059975
NW_006804874.1	9101	0.000423	-0.000181	-0.063829	0.058004
NW_006804144.1	2405244	0.000441	0.000159	-0.060142	0.063682
NW_006804670.1	89601	0.000448	-0.000212	-0.057034	0.059168
NW_006805150.1	270427	0.000455	0.000654	-0.060716	0.065284
NW_006805727.1	2153	0.000463	0.001531	-0.061378	0.059851
NW_006805701.1	7838	0.000471	-0.000156	-0.056118	0.059262
NW_006803992.1	3060355	0.000473	0.000242	-0.059695	0.060586
NW_006803946.1	6708946	0.000477	0.000781	-0.059755	0.061655
NW_006805834.1	6294	0.000477	0.000533	-0.065047	0.062714
NW_006804177.1	1372606	0.000480	0.002039	-0.061676	0.068571
NW_006804146.1	2583736	0.000483	0.000422	-0.054683	0.059047
NW_006804590.1	1061589	0.000483	-0.000647	-0.058301	0.064935
NW_006804141.1	2614683	0.000488	-0.000731	-0.058719	0.060068
NW_006804004.1	5184046	0.000494	0.000255	-0.059285	0.062258
NW_006804980.1	479072	0.000499	-0.001309	-0.058423	0.062647
NW_006804654.1	250393	0.000501	-0.001235	-0.059598	0.062936
NW_006803926.1	12426246	0.000502	0.000705	-0.063692	0.062078
NW_006804005.1	2210351	0.000506	-0.002554	-0.060874	0.064029
NW_006805004.1	47331	0.000515	-0.000949	-0.063866	0.068827
NW_006804105.1	3588769	0.000527	0.000161	-0.059122	0.064642
NW_006805085.1	911	0.000538	-0.000461	-0.059676	0.062640
NW_006803965.1	6225037	0.000540	0.000109	-0.061364	0.065840
NW_006804893.1	588912	0.000548	-0.000002	-0.059491	0.063404
NW_006803942.1	1889365	0.000557	-0.000332	-0.065276	0.067062
NW_006804522.1	131928	0.000563	-0.000023	-0.063111	0.063426
NW_006804214.1	2700964	0.000568	-0.001092	-0.062032	0.064713
NW_006803943.1	3919034	0.000571	0.001056	-0.061330	0.061463
NW_006805042.1	341661	0.000577	0.000416	-0.058238	0.059828
NW_006805839.1	9095	0.000581	0.000820	-0.059992	0.059549
NW_006805129.1	331991	0.000586	0.000756	-0.062968	0.064191
NW_006804059.1	605628	0.000590	-0.001472	-0.060577	0.061053
NW_006805327.1	168718	0.000594	-0.000506	-0.061131	0.059743
NW_006808574.1	517	0.000605	-0.000529	-0.062649	0.064254
NW_006805042.1	254167	0.000610	-0.000200	-0.061549	0.061795
NW_006804587.1	1075383	0.000628	-0.000829	-0.064982	0.060993
NW_006804009.1	579933	0.000672	0.001010	-0.062881	0.063534
NW_006804388.1	1189930	0.000679	0.000815	-0.067077	0.068338
NW_006803948.1	4168385	0.000680	0.001731	-0.060982	0.060146
NW_006803926.1	4474949	0.000690	0.000184	-0.059658	0.062613
NW_006804149.1	1153398	0.000697	0.000926	-0.062709	0.062817
NW_006804663.1	141077	0.000709	0.000015	-0.059441	0.060062
NW_006804166.1	1945435	0.000715	0.001366	-0.064046	0.061007
NW_006804095.1	3326519	0.000718	-0.000550	-0.059191	0.063889
NW_006804279.1	1579768	0.000720	-0.000076	-0.062921	0.061770
NW_006804010.1	2115476	0.000722	-0.000838	-0.057978	0.061869
NW_006804271.1	1295961	0.000731	-0.002049	-0.062766	0.061542
NW_006803931.1	7535423	0.000735	0.001067	-0.061816	0.059067
NW_006805085.1	306651	0.000735	-0.000901	-0.059313	0.060824
NW_006805042.1	343934	0.000744	0.001405	-0.061669	0.062255
NW_006803930.1	6969990	0.000764	-0.000877	-0.068242	0.064654
NW_006805042.1	256333	0.000769	0.000450	-0.059815	0.060535
NW_006804016.1	2984451	0.000775	0.000183	-0.063715	0.065746
NW_006805269.1	162680	0.000779	0.001259	-0.060711	0.061630
NW_006803948.1	4523406	0.000780	-0.000513	-0.058458	0.060726
NW_006804441.1	542158	0.000782	0.001004	-0.060082	0.060448
NW_006804233.1	16153	0.000783	0.000099	-0.066189	0.065668
NW_006804592.1	32526	0.000783	0.000607	-0.062163	0.061474
NW_006805228.1	189947	0.000790	0.000440	-0.059141	0.060004
NW_006804144.1	1704223	0.000795	0.001822	-0.059475	0.060726
NW_006804604.1	72725	0.000805	0.001371	-0.057733	0.063499
NW_006803989.1	1703865	0.000810	-0.000097	-0.060571	0.063571
NW_006803968.1	1266727	0.000821	0.000134	-0.064217	0.067227
NW_006804474.1	2284	0.000826	0.001101	-0.062700	0.061390
NW_006805701.1	8167	0.000828	0.001241	-0.060562	0.062133
NW_006804228.1	2224461	0.000835	-0.000674	-0.058420	0.066202
NW_006803982.1	3177554	0.000844	0.002112	-0.062915	0.065202
NW_006804069.1	2564825	0.000856	0.000189	-0.065014	0.061912
NW_006805511.1	56313	0.000865	-0.001921	-0.062047	0.061935
NW_006804592.1	41894	0.000886	0.001122	-0.059583	0.063080
NW_006804148.1	1357388	0.000889	-0.000230	-0.058966	0.060532
NW_006803932.1	6983338	0.000895	-0.000768	-0.062586	0.062738
NW_006804093.1	2456567	0.000911	-0.000466	-0.057160	0.064520
NW_006805129.1	63639	0.000912	-0.000397	-0.062353	0.066954
NW_006805680.1	29574	0.000914	0.000400	-0.059682	0.060062
NW_006803933.1	1134795	0.000916	-0.000864	-0.061365	0.066894
NW_006805490.1	17806	0.000919	0.000968	-0.059453	0.061025
NW_006803955.1	1390888	0.000920	0.000450	-0.060302	0.062136
NW_006804125.1	2799336	0.000924	0.000909	-0.063418	0.062329
NW_006804000.1	3651621	0.000928	0.000565	-0.062225	0.059266
NW_006804321.1	1315707	0.000928	-0.000321	-0.063130	0.068434
NW_006804541.1	590813	0.000931	-0.000662	-0.058178	0.065948
NW_006804214.1	1898938	0.000934	0.002096	-0.062618	0.065985
NW_006804357.1	2026423	0.000934	-0.000903	-0.059078	0.058762
NW_006805839.1	7784	0.000934	0.001127	-0.061060	0.060184
NW_006804265.1	2748856	0.000949	0.001514	-0.063423	0.064224
NW_006804158.1	2352287	0.000955	0.001355	-0.065235	0.062171
NW_006803980.1	2335461	0.000966	0.002392	-0.060230	0.060535
NW_006804929.1	62269	0.000975	0.000325	-0.061623	0.063641
NW_006804119.1	1981653	0.000978	0.000757	-0.058113	0.061229
NW_006804455.1	378663	0.000988	-0.000355	-0.060637	0.061853
NW_006804046.1	2432393	0.000995	0.001209	-0.063325	0.064385
NW_006804683.1	681511	0.001011	-0.000236	-0.058601	0.063217
NW_006804058.1	4133614	0.001012	0.000723	-0.062024	0.059898
NW_006803929.1	10969946	0.001016	0.000892	-0.061921	0.061514
NW_006803930.1	5286978	0.001023	-0.001675	-0.062077	0.067649
NW_006804394.1	528195	0.001030	0.000757	-0.059905	0.064473
NW_006805526.1	110	0.001036	-0.000682	-0.060228	0.059444
NW_006804283.1	464667	0.001058	0.001640	-0.059102	0.062090
NW_006805677.1	4924	0.001060	0.000003	-0.056705	0.063248
NW_006804077.1	1387336	0.001065	0.001690	-0.061077	0.060723
NW_006804381.1	1716433	0.001075	0.000661	-0.061423	0.063819
NW_006805515.1	45109	0.001078	0.001024	-0.060877	0.062791
NW_006804017.1	4835170	0.001082	-0.000429	-0.060759	0.063845
NW_006804221.1	865415	0.001083	-0.000087	-0.057945	0.062454
NW_006804375.1	1836934	0.001083	-0.001075	-0.062724	0.064559
NW_006804007.1	4639147	0.001089	-0.000026	-0.059469	0.062774
NW_006803927.1	3434020	0.001092	0.000680	-0.060694	0.063039
NW_006804614.1	1089526	0.001092	0.000801	-0.063002	0.065855
NW_006805614.1	25233	0.001101	0.001881	-0.063697	0.066605
NW_006805868.1	751	0.001107	0.001114	-0.060213	0.064986
NW_006805078.1	517018	0.001130	0.000064	-0.060594	0.059179
NW_006803944.1	8912243	0.001140	0.000781	-0.063384	0.063580
NW_006803936.1	7595618	0.001142	0.002614	-0.064457	0.066938
NW_006804338.1	1224143	0.001148	0.001134	-0.056862	0.060788
NW_006803934.1	8038881	0.001155	0.001331	-0.060277	0.061784
NW_006804557.1	640085	0.001164	0.002103	-0.060315	0.063355
NW_006804500.1	1339341	0.001166	0.002346	-0.058030	0.061016
NW_006805839.1	8823	0.001167	0.000973	-0.063373	0.061138
NW_006804075.1	526454	0.001179	-0.000029	-0.058987	0.060003
NW_006804548.1	112351	0.001208	0.000133	-0.058062	0.061845
NW_006805698.1	19010	0.001216	0.000915	-0.059493	0.060535
NW_006805228.1	237053	0.001223	0.000971	-0.061750	0.063088
NW_006804686.1	647645	0.001236	0.000429	-0.056463	0.068110
NW_006804650.1	501571	0.001238	-0.000150	-0.062581	0.062565
NW_006803964.1	3735275	0.001246	0.000807	-0.060632	0.059905
NW_006803971.1	2216373	0.001254	0.002251	-0.063660	0.064224
NW_006805538.1	105811	0.001258	0.001784	-0.064208	0.062118
NW_006804351.1	1638543	0.001265	0.002121	-0.061174	0.061794
NW_006803942.1	7485815	0.001287	-0.000371	-0.054755	0.064278
NW_006804157.1	3558268	0.001290	0.000489	-0.060884	0.064739
NW_006804221.1	1874813	0.001293	0.001062	-0.062358	0.065350
NW_006803926.1	12364156	0.001300	0.000894	-0.059982	0.062781
NW_006803979.1	1549015	0.001319	0.001989	-0.062691	0.064457
NW_006804797.1	490587	0.001336	0.000647	-0.056218	0.060811
NW_006804553.1	444181	0.001337	0.001447	-0.061102	0.061846
NW_006804904.1	25470	0.001351	0.000262	-0.054336	0.061597
NW_006805770.1	12524	0.001352	-0.001165	-0.061533	0.060570
NW_006805538.1	106493	0.001373	-0.001158	-0.057182	0.065040
NW_006803927.1	8971930	0.001377	0.000291	-0.059656	0.062660
NW_006804667.1	990692	0.001390	0.000946	-0.059734	0.064468
NW_006805690.1	14443	0.001400	-0.000458	-0.062133	0.060316
NW_006804100.1	1471879	0.001413	0.000767	-0.061540	0.064672
NW_006804254.1	1877138	0.001418	0.000457	-0.060409	0.061097
NW_006803929.1	1967614	0.001424	0.003106	-0.060823	0.062334
NW_006804290.1	729042	0.001429	0.001062	-0.058132	0.062543
NW_006804065.1	202626	0.001446	0.001088	-0.057179	0.059649
NW_006805429.1	124477	0.001446	-0.000330	-0.060513	0.064150
NW_006805447.1	19656	0.001446	0.000432	-0.058281	0.065647
NW_006804033.1	4379002	0.001447	0.001078	-0.060988	0.064292
NW_006804107.1	1502755	0.001455	-0.000014	-0.059455	0.064807
NW_006804036.1	2486030	0.001464	0.000905	-0.063028	0.060862
NW_006804551.1	1238113	0.001467	-0.000114	-0.057984	0.065958
NW_006804133.1	3042282	0.001474	-0.000116	-0.060186	0.065055
NW_006803924.1	8539312	0.001482	0.000359	-0.064479	0.066172
NW_006803927.1	9606476	0.001495	0.001109	-0.058163	0.061162
NW_006804351.1	1635448	0.001495	0.001293	-0.061183	0.063984
NW_006803949.1	3228281	0.001516	-0.001008	-0.058916	0.061187
NW_006805447.1	23865	0.001518	0.000708	-0.064090	0.068056
NW_006804650.1	169	0.001524	-0.000597	-0.056204	0.062282
NW_006804351.1	1635725	0.001526	-0.000392	-0.061379	0.065406
NW_006804132.1	925261	0.001537	0.000708	-0.058379	0.062696
NW_006803995.1	2814706	0.001551	0.000524	-0.057294	0.062938
NW_006805718.1	7827	0.001553	0.001008	-0.061076	0.064084
NW_006804286.1	2298792	0.001568	0.000665	-0.060372	0.064094
NW_006804592.1	1196	0.001591	0.000525	-0.058308	0.064010
NW_006805473.1	67987	0.001592	0.000820	-0.059761	0.061082
NW_006805007.1	116400	0.001595	-0.000177	-0.060839	0.063415
NW_006804519.1	1128549	0.001604	0.000311	-0.059828	0.067301
NW_006803980.1	2321788	0.001611	0.001237	-0.062237	0.067644
NW_006804138.1	1560191	0.001611	0.001075	-0.061712	0.063277
NW_006805228.1	119568	0.001616	0.001711	-0.056574	0.064918
NW_006804538.1	467390	0.001624	-0.000243	-0.058154	0.062105
NW_006804007.1	1550846	0.001633	-0.000222	-0.059493	0.066352
NW_006805327.1	172180	0.001633	0.000428	-0.060657	0.064719
NW_006805228.1	236789	0.001636	-0.000141	-0.064110	0.065883
NW_006804351.1	1661452	0.001648	0.001893	-0.064819	0.066520
NW_006804118.1	2241883	0.001658	0.001571	-0.062316	0.062701
NW_006804217.1	1524816	0.001658	-0.001125	-0.055312	0.060916
NW_006803972.1	1833197	0.001674	-0.001215	-0.059956	0.066570
NW_006805490.1	28855	0.001678	0.001635	-0.059938	0.061555
NW_006804972.1	32764	0.001680	0.002033	-0.056835	0.059944
NW_006804210.1	585448	0.001685	0.000563	-0.063794	0.063460
NW_006805269.1	176660	0.001693	0.001616	-0.061081	0.062392
NW_006804016.1	1069	0.001703	0.001152	-0.059829	0.061757
NW_006805270.1	158748	0.001710	-0.000337	-0.058268	0.062308
NW_006806165.1	6427	0.001717	-0.000076	-0.058662	0.066649
NW_006804033.1	999095	0.001719	0.000081	-0.061567	0.062495
NW_006804022.1	3634855	0.001720	0.001620	-0.061440	0.067291
NW_006805901.1	10591	0.001733	0.001821	-0.062482	0.063563
NW_006804006.1	3481133	0.001737	-0.000233	-0.061123	0.065832
NW_006804047.1	3212960	0.001742	-0.000138	-0.060836	0.065890
NW_006804637.1	833673	0.001743	0.000430	-0.058773	0.065100
NW_006803995.1	4959793	0.001744	0.000600	-0.057040	0.064616
NW_006805049.1	415181	0.001748	0.001582	-0.061177	0.064063
NW_006805364.1	61645	0.001752	0.000899	-0.060717	0.062340
NW_006803951.1	3912476	0.001753	0.001224	-0.060113	0.060381
NW_006804548.1	1017417	0.001760	0.001264	-0.058952	0.064605
NW_006805408.1	101916	0.001787	0.001828	-0.058584	0.061111
NW_006804594.1	638941	0.001790	0.001456	-0.062454	0.063444
NW_006804222.1	2687544	0.001797	-0.000427	-0.058848	0.066149
NW_006804790.1	780695	0.001809	0.001689	-0.056898	0.060729
NW_006804053.1	2807538	0.001817	0.000982	-0.062642	0.067149
NW_006809278.1	98	0.001821	0.001963	-0.058824	0.062823
NW_006804135.1	336645	0.001822	0.000139	-0.061666	0.068048
NW_006803996.1	2939204	0.001839	0.000422	-0.058042	0.066648
NW_006805405.1	52519	0.001841	0.000855	-0.061760	0.062237
NW_006804255.1	1714550	0.001850	0.000440	-0.059070	0.062190
NW_006805780.1	4821	0.001852	0.001141	-0.059681	0.063025
NW_006803950.1	447481	0.001857	0.001538	-0.060436	0.061310
NW_006803969.1	3718419	0.001857	-0.000112	-0.056775	0.064531
NW_006804122.1	3445965	0.001870	0.000163	-0.060913	0.065313
NW_006804387.1	760287	0.001877	-0.000119	-0.061689	0.067826
NW_006803976.1	3667227	0.001887	0.002047	-0.059107	0.065946
NW_006804753.1	216228	0.001893	0.000627	-0.061643	0.064607
NW_006804154.1	1687270	0.001902	0.001550	-0.058906	0.061866
NW_006805657.1	11293	0.001915	0.000998	-0.059881	0.062265
NW_006804576.1	100422	0.001917	0.001590	-0.061049	0.067817
NW_006804216.1	2485026	0.001918	0.000916	-0.061926	0.065584
NW_006803925.1	10516816	0.001927	0.000755	-0.059493	0.064567
NW_006805538.1	106146	0.001942	0.000128	-0.058292	0.065084
NW_006804054.1	167992	0.001964	0.001024	-0.059411	0.064575
NW_006805479.1	78393	0.002015	0.003251	-0.061698	0.064525
NW_006804434.1	1707655	0.002031	0.000393	-0.058622	0.064576
NW_006803925.1	4045896	0.002040	-0.001083	-0.055813	0.060736
NW_006806213.1	2170	0.002048	0.002211	-0.061384	0.065082
NW_006803987.1	1779260	0.002060	0.002271	-0.059422	0.060791
NW_006805582.1	10539	0.002061	0.001920	-0.060471	0.066186
NW_006809602.1	649	0.002065	0.001285	-0.057115	0.062696
NW_006804332.1	5111	0.002086	0.001160	-0.063696	0.067454
NW_006805405.1	5953	0.002089	0.000411	-0.062501	0.065036
NW_006804228.1	528491	0.002100	0.002723	-0.057635	0.066847
NW_006804862.1	173361	0.002101	0.000078	-0.054362	0.060814
NW_006804997.1	339359	0.002113	0.001271	-0.059044	0.061261
NW_006803929.1	11622357	0.002124	-0.001314	-0.057906	0.067389
NW_006804281.1	414859	0.002157	0.001382	-0.057265	0.065722
NW_006804305.1	1927768	0.002159	0.000859	-0.062305	0.066728
NW_006803984.1	1383642	0.002162	-0.000794	-0.062895	0.065900
NW_006803926.1	13206261	0.002171	0.002351	-0.061798	0.067710
NW_006804481.1	1397933	0.002175	0.002838	-0.055233	0.059425
NW_006804063.1	3998063	0.002188	0.002168	-0.054405	0.064436
NW_006804133.1	1473056	0.002223	0.000643	-0.059299	0.062547
NW_006805839.1	5894	0.002223	0.000892	-0.060513	0.064341
NW_006805212.1	149032	0.002232	0.001164	-0.056547	0.064476
NW_006803940.1	5142121	0.002234	0.001432	-0.060934	0.069360
NW_006803925.1	15813543	0.002290	0.000550	-0.061518	0.068071
NW_006805042.1	347562	0.002290	0.001463	-0.059269	0.063903
NW_006803933.1	8591804	0.002291	0.000563	-0.059336	0.064110
NW_006804135.1	3177349	0.002297	0.000709	-0.058549	0.064094
NW_006804102.1	2589702	0.002305	0.000291	-0.056012	0.062340
NW_006804094.1	3117240	0.002312	0.000452	-0.062092	0.066500
NW_006805109.1	40440	0.002318	0.002192	-0.059191	0.061781
NW_006805773.1	29662	0.002321	0.000507	-0.056280	0.063169
NW_006804901.1	448644	0.002332	0.000548	-0.058705	0.063408
NW_006804016.1	1799	0.002335	0.001955	-0.056562	0.067655
NW_006804855.1	684285	0.002336	0.002104	-0.061954	0.060463
NW_006804954.1	173294	0.002340	0.003357	-0.060831	0.062675
NW_006803928.1	1667323	0.002342	0.000863	-0.058796	0.067881
NW_006804307.1	2100526	0.002364	0.001120	-0.058476	0.070395
NW_006804654.1	19712	0.002380	0.000783	-0.056923	0.058759
NW_006805859.1	5612	0.002380	-0.000421	-0.060535	0.066455
NW_006807631.1	649	0.002409	-0.000336	-0.060305	0.065450
NW_006803927.1	9847522	0.002415	0.000842	-0.052188	0.063967
NW_006803987.1	95094	0.002427	0.002099	-0.063949	0.064121
NW_006805088.1	38381	0.002469	0.001452	-0.059482	0.064268
NW_006804503.1	1445141	0.002489	0.001864	-0.059049	0.064767
NW_006804747.1	853458	0.002491	0.000859	-0.056326	0.064120
NW_006803936.1	5305579	0.002517	-0.000715	-0.058360	0.065572
NW_006804096.1	1332328	0.002537	-0.000380	-0.056057	0.061892
NW_006804526.1	1112579	0.002551	-0.000043	-0.059204	0.067085
NW_006804854.1	143986	0.002565	0.001692	-0.061532	0.067725
NW_006804003.1	4126778	0.002603	0.002470	-0.058698	0.063386
NW_006804183.1	2534268	0.002610	0.001424	-0.061908	0.065995
NW_006803949.1	4125487	0.002619	0.000227	-0.059469	0.060628
NW_006804001.1	2243074	0.002646	0.000713	-0.054563	0.063706
NW_006804118.1	1615633	0.002652	0.002288	-0.063134	0.067908
NW_006804081.1	2600472	0.002688	0.002103	-0.059376	0.065944
NW_006804043.1	2538042	0.002716	0.001523	-0.060123	0.064358
NW_006804251.1	917882	0.002739	0.001263	-0.058643	0.066388
NW_006804574.1	574480	0.002741	-0.000209	-0.059417	0.065588
NW_006804722.1	489511	0.002744	0.002031	-0.061531	0.064070
NW_006804263.1	1203043	0.002757	0.000695	-0.059079	0.062737
NW_006804249.1	2049454	0.002798	0.001689	-0.058835	0.064763
NW_006803957.1	7720599	0.002802	0.002611	-0.061288	0.066439
NW_006804303.1	452978	0.002811	0.002416	-0.060177	0.063086
NW_006805634.1	30817	0.002814	0.001953	-0.059303	0.061966
NW_006803935.1	4651861	0.002817	0.001069	-0.059236	0.062804
NW_006803961.1	5683904	0.002850	0.002228	-0.058025	0.063111
NW_006803968.1	2915831	0.002857	0.003248	-0.059658	0.069785
NW_006804028.1	715156	0.002857	0.001783	-0.060608	0.061853
NW_006804629.1	760122	0.002877	0.002346	-0.057633	0.063135
NW_006803934.1	609558	0.002891	0.000485	-0.056334	0.063275
NW_006806572.1	3062	0.002898	0.001926	-0.057803	0.064801
NW_006804084.1	3388322	0.002920	0.000782	-0.058651	0.066596
NW_006805676.1	13558	0.002922	0.000926	-0.058211	0.064210
NW_006804307.1	2247766	0.002931	0.000727	-0.061378	0.065137
NW_006804435.1	1392778	0.002940	0.001463	-0.056882	0.064875
NW_006804148.1	2208495	0.002966	0.002001	-0.058727	0.065290
NW_006805723.1	19880	0.002986	0.002303	-0.061214	0.068200
NW_006804353.1	1827232	0.003004	0.001545	-0.059767	0.068792
NW_006804584.1	500447	0.003014	0.001307	-0.057085	0.064334
NW_006805839.1	11853	0.003027	0.000516	-0.057641	0.064911
NW_006803986.1	4828668	0.003039	-0.000035	-0.058701	0.064087
NW_006804572.1	872862	0.003093	0.003324	-0.061411	0.062263
NW_006805129.1	332596	0.003143	0.000989	-0.056329	0.063294
NW_006805657.1	16985	0.003156	0.001176	-0.058775	0.063876
NW_006804501.1	590683	0.003226	0.001919	-0.058230	0.067998
NW_006804389.1	1180642	0.003239	0.001069	-0.055356	0.065011
NW_006804520.1	841312	0.003245	0.002215	-0.055361	0.064344
NW_006803970.1	4185590	0.003252	0.002340	-0.056606	0.064328
NW_006805042.1	277522	0.003265	0.001794	-0.056467	0.063654
NW_006804075.1	2209258	0.003270	0.001317	-0.061858	0.068515
NW_006803965.1	1904556	0.003285	0.000898	-0.060726	0.068608
NW_006804160.1	1024987	0.003296	0.001139	-0.057528	0.067379
NW_006804020.1	908305	0.003337	0.002004	-0.059000	0.068449
NW_006804033.1	569129	0.003350	0.000999	-0.055245	0.060445
NW_006803939.1	5680172	0.003358	0.000405	-0.060462	0.066282
NW_006804369.1	1120505	0.003368	0.001503	-0.059834	0.066847
NW_006805687.1	4388	0.003393	0.001604	-0.052694	0.064950
NW_006804765.1	448435	0.003395	0.001607	-0.056399	0.062755
NW_006803993.1	2004908	0.003417	0.002534	-0.056481	0.064595
NW_006804328.1	1807831	0.003438	0.002607	-0.053247	0.061551
NW_006803990.1	1215025	0.003445	0.000688	-0.059844	0.065799
NW_006804510.1	182385	0.003465	0.001713	-0.057352	0.063760
NW_006805212.1	160203	0.003478	0.001398	-0.059988	0.066701
NW_006803977.1	6405459	0.003481	0.000816	-0.054737	0.063343
NW_006804049.1	4495037	0.003497	0.002289	-0.060564	0.064743
NW_006804158.1	408788	0.003533	0.002287	-0.060113	0.067263
NW_006805703.1	1399	0.003573	0.001632	-0.061182	0.067283
NW_006804581.1	1163293	0.003585	0.000046	-0.056258	0.066222
NW_006804089.1	1282207	0.003604	0.001357	-0.058308	0.067592
NW_006805515.1	9763	0.003610	0.003184	-0.056946	0.063861
NW_006804556.1	401441	0.003624	0.002835	-0.057751	0.068514
NW_006804294.1	720469	0.003702	0.000709	-0.059929	0.067592
NW_006804105.1	3422454	0.003705	0.002042	-0.057124	0.065122
NW_006804064.1	2688777	0.003731	0.002464	-0.063765	0.072665
NW_006804474.1	1180091	0.003764	0.000867	-0.056766	0.069195
NW_006804581.1	1198552	0.003787	0.002982	-0.058482	0.063796
NW_006804297.1	839323	0.003797	0.002018	-0.058050	0.063784
NW_006804081.1	3559983	0.003800	0.000770	-0.055837	0.065834
NW_006804020.1	232747	0.003820	0.000895	-0.056872	0.064800
NW_006803993.1	5590772	0.003834	0.002512	-0.060018	0.065779
NW_006804368.1	52914	0.003851	0.001005	-0.057888	0.066001
NW_006803937.1	7748271	0.003875	0.001412	-0.056462	0.069729
NW_006804382.1	266034	0.003994	0.002185	-0.060761	0.069959
NW_006804305.1	1165115	0.003995	0.001866	-0.060368	0.064970
NW_006804178.1	1385979	0.004054	0.001776	-0.057409	0.065372
NW_006805405.1	6527	0.004091	0.003006	-0.057062	0.066039
NW_006805541.1	77503	0.004091	0.000743	-0.055454	0.068495
NW_006803962.1	5728733	0.004116	0.000945	-0.053883	0.064330
NW_006804147.1	721871	0.004220	0.002223	-0.057195	0.064858
NW_006804303.1	186415	0.004328	0.001074	-0.059937	0.070106
NW_006804434.1	1707331	0.004428	0.002448	-0.055872	0.066142
NW_006804335.1	1553452	0.004537	0.002253	-0.058449	0.064342
NW_006804957.1	339457	0.004539	0.000959	-0.053187	0.066533
NW_006804331.1	123056	0.004574	0.001837	-0.055831	0.072515
NW_006804597.1	880595	0.004714	0.001992	-0.055523	0.074387
NW_006804235.1	1966957	0.004941	0.002057	-0.059257	0.065416
NW_006804228.1	1274615	0.004988	0.002907	-0.055285	0.068908
NW_006803933.1	9615890	0.005007	0.001955	-0.053405	0.067484
NW_006804437.1	1048373	0.005047	0.002029	-0.058211	0.064822
NW_006804226.1	819832	0.005106	0.003224	-0.056171	0.069327
NW_006804245.1	1359559	0.005165	0.001944	-0.057914	0.068999
NW_006803940.1	2116087	0.005171	0.003186	-0.054730	0.064745
NW_006803949.1	2534809	0.005518	0.003925	-0.056550	0.068422
NW_006804745.1	10852	0.005561	0.003658	-0.056865	0.068485
NW_006804006.1	1471246	0.005562	0.002611	-0.054410	0.065612
NW_006804421.1	1353789	0.005588	0.002873	-0.057332	0.066611
NW_006803931.1	4399642	0.005607	0.002329	-0.056265	0.070615
NW_006804241.1	2495490	0.005963	0.003938	-0.055960	0.068133
NW_006804561.1	1236630	0.006062	0.003470	-0.058627	0.064935
NW_006804227.1	1682630	0.006286	0.004005	-0.055950	0.070308
NW_006803965.1	6120364	0.006583	0.002219	-0.056893	0.076379
