locus NW_006803924.1:5663849
17 0
10 0
17 0
6 0
20 0
21 0
5 0
6 0
15 0
4 0
6 0
5 0
5 0
locus NW_006803924.1:8539312
18 0
24 0
17 0
10 0
9 0
25 0
13 0
4 0
10 0
7 0
9 0
14 0
6 0
locus NW_006803925.1:816280
11 0
9 0
8 0
4 2
0 7
10 14
4 6
0 10
6 0
8 0
0 4
6 0
6 0
locus NW_006803925.1:1300842
16 0
18 0
25 0
11 0
11 0
17 0
7 0
21 0
19 0
4 1
7 0
14 0
11 0
locus NW_006803925.1:4045896
13 0
20 0
10 0
4 0
25 0
18 0
8 0
16 0
16 0
4 0
5 1
9 0
21 0
locus NW_006803925.1:10516816
9 0
9 0
18 0
11 0
16 0
30 0
7 0
10 1
9 0
4 0
6 0
11 0
12 0
locus NW_006803925.1:13053708
7 0
12 0
10 0
5 0
9 0
9 0
4 0
13 0
7 0
7 0
5 0
8 0
7 0
locus NW_006803925.1:15813543
7 1
13 1
11 0
5 0
6 0
20 0
14 0
18 0
6 0
8 0
4 0
8 0
17 0
locus NW_006803926.1:1670331
10 0
17 0
9 0
8 0
6 0
13 0
13 0
6 0
5 1
5 0
8 0
18 0
10 0
locus NW_006803926.1:3240787
13 0
17 0
18 0
8 0
9 0
21 0
5 0
24 0
21 0
6 0
5 0
9 0
9 0
locus NW_006803926.1:4474949
9 0
25 0
14 0
6 0
9 0
20 0
7 0
8 0
14 0
4 2
6 0
15 0
24 0
locus NW_006803926.1:9708680
9 0
11 0
15 0
8 0
7 0
23 0
11 0
16 0
9 0
5 0
5 0
8 0
13 0
locus NW_006803926.1:11076432
17 0
26 0
40 0
8 0
25 0
53 0
24 0
27 0
27 0
5 2
7 0
18 0
15 0
locus NW_006803926.1:12364156
5 0
15 0
16 0
5 0
6 0
14 0
15 0
8 0
12 0
5 0
5 0
12 0
10 5
locus NW_006803926.1:12426246
6 0
10 0
16 0
14 0
7 0
17 0
8 0
9 0
6 0
5 0
4 0
13 0
8 1
locus NW_006803926.1:13206261
8 0
11 0
10 0
7 0
5 0
13 8
9 0
0 6
14 0
7 0
5 0
12 0
6 0
locus NW_006803926.1:13962339
0 6
12 0
9 7
0 4
19 0
7 14
12 0
15 0
10 0
5 0
0 6
20 0
9 0
locus NW_006803926.1:15083129
14 0
13 0
21 0
10 0
8 0
17 0
12 0
19 0
8 0
0 4
5 0
11 0
0 11
locus NW_006803927.1:2820279
9 0
0 10
17 0
8 0
14 0
17 0
24 0
22 0
0 17
4 0
5 0
0 14
16 0
locus NW_006803927.1:3434020
0 11
27 0
0 8
0 5
8 4
17 9
5 8
0 14
11 0
0 5
0 8
10 0
0 10
locus NW_006803927.1:8971930
11 0
18 0
12 0
6 0
10 0
20 0
15 0
22 0
15 0
9 0
8 0
8 0
6 0
locus NW_006803927.1:9606476
5 0
4 0
12 0
7 0
16 0
16 0
5 2
12 0
21 0
7 0
4 0
20 0
4 0
locus NW_006803927.1:9847522
10 0
11 0
14 0
7 0
9 0
18 0
5 0
18 0
11 0
7 2
4 0
14 0
11 0
locus NW_006803928.1:1667323
23 0
12 0
12 0
8 0
17 0
17 0
7 0
13 0
19 0
0 5
6 0
16 0
0 7
locus NW_006803929.1:1887980
11 0
13 0
19 0
4 0
17 0
20 1
6 0
10 1
11 1
4 0
9 0
10 0
10 0
locus NW_006803929.1:1967614
11 0
8 0
16 0
5 0
6 0
18 0
10 0
8 0
20 0
1 4
6 0
6 0
8 0
locus NW_006803929.1:2571040
10 0
8 0
14 0
4 0
18 0
7 0
6 0
10 0
16 0
7 0
4 0
4 0
7 0
locus NW_006803929.1:7796562
11 0
8 0
24 0
5 0
9 0
33 0
9 0
18 0
10 0
7 1
4 0
7 0
13 0
locus NW_006803929.1:10969946
8 0
11 0
20 0
8 0
12 0
17 0
7 0
15 0
15 0
5 0
4 0
8 0
16 0
locus NW_006803929.1:11622357
5 0
21 0
22 0
10 0
17 0
24 0
12 0
13 0
8 0
5 0
7 0
14 0
8 0
locus NW_006803930.1:4286788
6 0
13 0
14 0
9 0
8 0
17 0
9 0
16 0
7 0
4 0
6 0
10 0
4 0
locus NW_006803930.1:4863884
11 0
5 0
14 0
5 0
13 0
14 0
10 0
18 0
9 0
5 0
4 0
15 0
13 0
locus NW_006803930.1:5286978
34 10
46 18
42 9
24 7
31 7
50 12
18 6
43 14
50 32
12 9
6 3
31 6
59 8
locus NW_006803930.1:6718903
10 0
8 0
8 0
8 0
13 0
28 0
6 0
17 0
19 0
4 0
4 0
13 0
13 0
locus NW_006803930.1:6969990
9 0
23 0
27 0
6 0
10 0
23 0
7 0
9 0
10 0
12 0
6 0
8 0
8 0
locus NW_006803930.1:7126032
10 0
5 0
23 0
5 0
8 0
21 0
4 0
7 0
10 0
4 0
9 0
17 0
12 0
locus NW_006803931.1:4271720
14 0
20 0
12 0
5 0
12 0
22 0
10 0
10 0
6 0
6 0
4 0
9 0
8 0
locus NW_006803931.1:4399642
12 0
11 0
17 0
5 0
13 0
16 0
8 0
8 0
22 0
4 0
6 0
4 0
8 0
locus NW_006803931.1:7535423
8 0
25 0
15 0
4 0
16 0
14 0
13 0
17 0
0 13
5 0
4 0
0 18
13 0
locus NW_006803932.1:6983338
11 0
11 0
14 0
10 0
8 0
17 0
7 0
20 0
9 0
7 0
6 0
5 0
5 0
locus NW_006803932.1:7478791
0 16
21 0
13 3
0 6
0 6
7 13
0 8
0 15
8 0
0 5
0 10
7 0
0 17
locus NW_006803933.1:1134795
9 0
27 1
18 0
6 0
13 0
20 0
5 0
15 0
10 0
5 0
8 0
4 0
11 0
locus NW_006803933.1:8591804
16 0
13 0
16 0
7 0
8 0
22 0
10 0
18 1
16 0
9 0
5 0
13 0
5 0
locus NW_006803933.1:9065546
4 0
17 0
16 0
11 0
7 0
17 1
9 0
12 0
24 0
4 0
5 0
20 0
19 0
locus NW_006803933.1:9615890
9 0
21 0
17 0
4 0
8 0
20 0
9 0
12 0
12 0
8 0
4 0
9 0
14 0
locus NW_006803934.1:609558
20 0
16 0
29 2
11 0
14 0
19 0
16 0
15 0
23 0
6 0
7 2
12 0
9 0
locus NW_006803934.1:1444477
5 0
18 0
20 0
11 0
10 0
25 1
9 0
13 0
11 0
8 0
4 0
10 0
14 0
locus NW_006803934.1:2535757
2 2
12 0
15 0
2 3
6 0
6 0
9 0
7 0
4 0
4 0
4 1
6 0
4 0
locus NW_006803934.1:4579305
9 0
19 0
16 0
10 0
13 0
37 0
7 0
8 0
13 0
5 0
4 0
7 0
8 0
locus NW_006803934.1:8038881
11 0
12 0
15 0
7 0
14 0
21 0
9 0
13 0
5 0
4 0
7 0
8 0
15 0
locus NW_006803934.1:8906006
16 0
28 0
22 0
8 0
4 0
19 0
4 0
19 0
8 0
6 0
6 0
4 0
11 0
locus NW_006803935.1:4651861
17 0
15 0
12 0
10 0
5 1
31 0
15 0
13 0
8 0
4 0
5 0
10 0
7 0
locus NW_006803935.1:4746135
10 0
12 0
5 7
3 4
0 8
5 7
0 8
6 0
12 0
9 0
4 0
23 0
6 0
locus NW_006803935.1:5518520
11 0
11 0
9 0
4 0
4 0
15 0
12 0
15 0
10 0
5 0
7 0
10 0
9 0
locus NW_006803935.1:8339563
7 1
18 0
19 0
8 0
15 0
18 0
12 0
16 0
7 0
5 0
5 0
7 0
13 0
locus NW_006803935.1:11028732
11 1
15 0
26 2
12 4
16 7
66 23
27 4
32 5
26 0
14 0
20 1
28 0
47 0
locus NW_006803936.1:4694355
12 0
10 1
21 0
8 0
12 0
18 0
11 0
10 0
15 0
4 0
4 0
12 0
6 0
locus NW_006803936.1:5305579
32 0
19 0
8 0
6 0
10 0
16 1
9 0
6 0
11 1
4 0
5 0
0 8
5 0
locus NW_006803936.1:5845271
15 0
15 0
12 0
6 0
6 0
7 0
10 0
14 0
5 0
7 0
8 0
10 0
11 0
locus NW_006803936.1:7595618
19 0
9 0
12 0
8 0
7 0
19 0
4 0
20 0
14 0
4 0
5 0
14 0
5 0
locus NW_006803937.1:7748271
8 1
11 0
11 0
5 0
13 0
28 0
8 0
12 0
5 0
6 0
10 0
18 0
9 0
locus NW_006803938.1:3206326
11 0
19 0
11 0
8 0
10 0
23 0
9 0
10 0
8 0
11 0
4 0
9 0
9 0
locus NW_006803938.1:8876948
9 0
12 0
6 0
10 0
9 1
14 0
4 0
18 0
18 0
5 0
4 0
5 0
12 0
locus NW_006803938.1:9592611
0 16
10 0
0 9
0 5
0 7
0 21
0 4
0 10
6 0
4 0
7 0
13 0
8 0
locus NW_006803939.1:4962127
15 0
9 0
7 0
10 0
17 0
24 0
6 6
12 0
12 0
8 0
4 0
7 0
6 0
locus NW_006803939.1:5680172
0 22
1 20
20 0
0 10
6 10
0 23
1 14
0 16
0 8
0 10
0 5
14 0
0 10
locus NW_006803940.1:2116087
17 0
11 0
17 0
13 0
6 0
23 0
11 0
11 0
18 0
6 0
4 0
16 0
11 0
locus NW_006803940.1:5142121
11 0
21 0
16 0
8 1
12 0
12 0
8 0
16 0
15 0
6 0
7 0
10 0
11 0
locus NW_006803941.1:2010950
9 0
14 0
13 1
4 0
6 0
14 0
10 0
10 0
11 0
6 0
4 0
15 0
8 0
locus NW_006803941.1:7349414
4 0
13 7
10 7
5 1
10 2
17 8
4 2
17 6
11 5
4 2
4 1
3 4
10 3
locus NW_006803942.1:1889365
26 0
12 0
20 0
9 0
4 0
23 0
11 0
8 0
14 0
4 0
4 0
10 0
5 0
locus NW_006803942.1:2424180
3 4
6 10
3 26
5 7
1 4
12 21
2 5
3 9
5 16
2 3
4 4
2 8
3 2
locus NW_006803942.1:7094300
7 0
16 0
21 2
12 0
10 0
23 0
7 0
18 0
10 0
7 0
6 0
16 0
14 0
locus NW_006803942.1:7485815
0 14
10 0
0 22
0 5
0 16
0 25
0 6
0 9
18 0
0 6
0 5
7 0
0 13
locus NW_006803942.1:8804211
1 6
21 0
0 22
0 12
0 12
0 18
0 6
0 9
0 18
0 5
0 5
14 1
0 5
locus NW_006803943.1:3769448
4 42
1 43
4 44
1 18
4 33
18 74
11 47
4 76
8 48
3 28
0 15
6 29
11 93
locus NW_006803943.1:3769846
93 1
107 0
131 1
50 0
81 0
175 0
19 0
132 0
66 0
18 0
40 0
63 0
78 0
locus NW_006803943.1:3785720
34 0
83 0
47 0
27 0
42 0
67 0
24 0
59 0
49 0
9 0
14 0
57 0
54 0
locus NW_006803943.1:3894939
2 19
5 23
2 33
3 15
2 21
6 60
0 14
1 37
7 36
1 12
0 5
3 34
3 63
locus NW_006803943.1:3919034
8 8
20 3
16 0
12 1
9 11
28 5
9 5
10 7
16 0
3 1
5 8
7 9
8 0
locus NW_006803944.1:1749858
13 6
29 16
28 11
2 3
20 19
38 10
29 6
17 28
9 10
1 3
8 0
9 6
12 9
locus NW_006803944.1:8833497
14 0
29 0
27 5
15 0
24 0
35 0
8 4
20 8
19 0
5 0
5 0
23 0
24 0
locus NW_006803944.1:8912243
9 0
16 0
13 0
6 0
11 0
27 0
8 0
8 0
8 0
5 0
5 0
9 0
12 0
locus NW_006803945.1:782285
7 0
20 0
10 0
9 0
7 0
34 0
14 0
13 0
16 0
4 0
5 0
13 0
12 0
locus NW_006803945.1:2816637
7 0
12 0
20 0
7 0
6 0
15 0
8 1
20 0
11 0
7 0
5 1
4 1
6 0
locus NW_006803946.1:6708946
0 22
7 7
0 11
0 6
8 7
0 26
0 11
0 17
1 8
4 0
0 4
6 5
0 11
locus NW_006803947.1:3518201
7 0
14 0
11 0
6 0
10 0
26 0
9 0
14 0
23 1
4 0
6 0
11 0
9 0
locus NW_006803948.1:4168385
6 0
16 0
10 0
11 0
5 0
15 0
1 7
13 0
9 0
5 0
5 0
8 0
10 0
locus NW_006803948.1:4523406
13 1
12 0
10 0
4 0
13 0
16 0
5 0
17 0
18 0
4 0
6 0
7 0
4 0
locus NW_006803948.1:6021632
10 0
20 0
12 0
8 0
12 0
24 0
5 0
21 1
14 0
5 0
6 0
8 0
5 0
locus NW_006803949.1:2534809
5 7
8 8
17 0
5 0
4 1
5 10
0 10
6 8
7 0
4 0
5 0
16 0
7 0
locus NW_006803949.1:3228281
14 0
27 0
17 0
5 1
7 0
39 0
7 0
6 0
19 0
4 0
5 0
19 0
24 0
locus NW_006803949.1:4125487
8 0
16 0
17 0
6 0
8 0
25 0
5 0
24 1
5 0
5 0
4 0
6 0
10 0
locus NW_006803950.1:447481
10 0
6 0
13 0
5 0
15 0
21 0
7 0
19 0
0 12
4 0
4 0
7 0
7 0
locus NW_006803951.1:3912476
10 0
16 0
20 0
11 0
10 0
24 0
6 0
14 1
15 0
4 0
4 0
14 0
11 0
locus NW_006803951.1:4784567
13 0
30 0
8 0
5 0
16 0
22 0
4 0
22 0
7 0
6 0
8 0
14 0
11 0
locus NW_006803953.1:1871085
10 0
11 0
19 0
9 0
6 0
14 0
14 0
9 0
15 0
9 0
5 0
20 0
12 0
locus NW_006803953.1:4689243
11 0
18 0
25 0
4 0
9 0
29 2
7 6
14 0
14 0
5 0
5 0
8 0
15 0
locus NW_006803954.1:738164
0 14
9 0
0 20
0 5
0 12
0 13
1 7
0 9
15 0
0 5
0 4
16 0
0 16
locus NW_006803954.1:2190196
12 0
15 0
12 0
5 0
13 0
17 0
5 0
5 0
5 0
4 0
4 0
8 0
0 10
locus NW_006803954.1:5819615
7 0
13 0
15 0
8 0
6 0
34 0
10 0
20 0
8 0
5 0
4 1
11 0
12 0
locus NW_006803955.1:1390888
13 1
15 0
18 0
12 0
9 0
20 0
7 0
14 0
7 0
4 0
8 0
12 0
9 0
locus NW_006803955.1:5880020
7 0
4 0
9 0
14 0
8 0
26 0
6 0
13 0
12 0
4 0
8 0
13 0
9 0
locus NW_006803956.1:1720985
4 0
12 0
24 0
7 0
14 0
29 0
15 0
16 0
22 0
7 0
5 0
18 0
8 0
locus NW_006803956.1:4861231
5 0
12 0
10 0
7 0
5 0
15 0
6 0
16 0
10 0
4 0
4 0
19 0
12 0
locus NW_006803956.1:5034514
8 0
25 0
12 0
11 0
7 0
15 0
4 0
5 0
14 0
5 0
5 0
7 0
9 0
locus NW_006803957.1:7720599
12 0
16 23
35 0
14 0
16 0
29 0
12 0
21 0
25 0
7 0
6 0
9 14
20 0
locus NW_006803961.1:5683904
5 1
21 0
21 0
6 0
6 0
14 0
5 1
12 0
6 0
6 0
1 3
12 0
19 0
locus NW_006803962.1:4372160
0 11
23 0
1 20
0 6
3 2
0 16
10 2
0 12
4 0
5 0
2 2
16 0
9 0
locus NW_006803962.1:5728733
7 0
10 0
12 0
7 0
9 0
17 0
4 0
16 0
10 0
6 0
5 0
9 0
11 0
locus NW_006803963.1:2327961
11 0
20 0
11 0
7 0
5 0
14 0
7 0
11 0
7 0
4 0
4 0
6 0
2 6
locus NW_006803964.1:668496
9 0
6 0
13 0
5 0
15 0
19 0
9 0
8 0
6 0
1 4
6 0
5 0
0 11
locus NW_006803964.1:3735275
8 0
19 0
9 0
6 0
8 0
14 0
17 0
20 0
1 16
4 0
5 0
15 0
11 0
locus NW_006803965.1:1904556
11 0
21 1
23 0
17 0
12 0
40 0
17 0
30 0
12 0
5 0
6 0
16 0
22 0
locus NW_006803965.1:6120364
8 0
14 0
18 0
6 0
8 0
29 0
16 0
14 0
11 0
12 0
6 0
8 0
13 0
locus NW_006803965.1:6225037
10 0
34 0
16 0
7 0
6 0
11 0
7 0
8 7
9 0
4 0
7 0
13 0
5 0
locus NW_006803966.1:1466216
9 0
11 0
23 0
14 0
11 0
24 0
7 0
12 0
14 0
0 5
6 0
15 0
1 10
locus NW_006803968.1:312138
7 0
5 0
14 0
7 0
14 0
24 0
8 0
10 0
12 0
6 0
7 0
5 0
10 0
locus NW_006803968.1:1266727
27 0
24 0
17 0
6 0
9 0
31 0
11 0
17 0
9 0
10 0
5 0
8 0
19 0
locus NW_006803968.1:1378325
14 0
26 0
19 0
11 0
15 0
12 0
7 0
12 0
15 0
4 0
5 0
4 0
10 0
locus NW_006803968.1:2915831
18 0
14 0
14 0
7 0
5 0
27 0
6 0
14 0
8 0
6 0
5 1
5 0
12 0
locus NW_006803968.1:4209111
4 0
16 0
18 0
6 0
6 0
28 0
4 0
9 0
17 0
5 0
4 0
7 0
11 0
locus NW_006803968.1:4643087
0 4
8 0
0 8
0 5
5 1
5 8
0 6
0 4
8 0
5 0
0 5
5 0
9 0
locus NW_006803969.1:3718419
15 0
28 0
19 0
5 0
12 0
16 0
10 0
9 1
10 0
10 0
3 1
14 0
6 0
locus NW_006803970.1:1723145
11 0
14 0
18 0
11 0
9 0
27 0
11 0
8 1
8 0
8 0
11 0
8 0
14 0
locus NW_006803970.1:4185590
9 0
9 0
15 1
8 0
6 0
11 0
5 0
10 0
14 0
4 0
7 0
17 0
11 0
locus NW_006803971.1:2216373
11 0
15 0
13 0
4 0
8 0
15 0
8 0
13 0
7 0
10 0
4 0
21 0
15 0
locus NW_006803971.1:4959650
8 0
7 0
8 0
7 0
9 0
22 0
4 0
13 0
17 0
4 0
6 0
9 0
10 0
locus NW_006803972.1:1833197
12 0
19 0
15 0
5 0
10 0
17 0
6 0
7 0
11 1
2 8
5 0
6 0
13 0
locus NW_006803973.1:5434676
9 0
19 0
18 0
11 0
8 0
16 0
5 0
11 0
12 0
4 0
4 0
8 0
8 1
locus NW_006803975.1:415049
18 0
18 0
14 1
5 0
17 0
34 0
11 0
12 0
16 0
4 0
10 0
13 0
12 0
locus NW_006803975.1:525617
12 0
22 0
22 0
8 0
17 0
44 0
13 0
27 0
16 0
5 1
7 0
13 0
13 0
locus NW_006803975.1:2892730
0 16
7 0
23 0
0 4
0 6
0 17
2 2
10 4
10 0
0 8
0 8
8 0
0 9
locus NW_006803975.1:4989470
13 0
11 0
20 0
6 0
11 0
17 0
15 0
13 0
12 0
4 0
7 0
10 0
5 1
locus NW_006803976.1:3667227
12 0
13 0
19 0
4 0
5 0
28 0
9 0
11 0
13 0
9 0
5 0
13 0
8 0
locus NW_006803976.1:5340358
5 0
10 0
17 0
9 0
12 0
23 0
6 0
17 0
14 0
4 0
10 0
7 0
8 0
locus NW_006803977.1:1180082
15 0
15 0
18 1
9 0
6 0
22 0
13 0
13 0
8 0
6 0
7 0
11 0
6 0
locus NW_006803977.1:6405459
21 0
21 0
10 0
8 0
17 0
23 0
12 0
14 0
8 0
4 0
5 0
10 0
14 0
locus NW_006803979.1:1549015
8 0
10 0
14 0
6 0
13 0
26 0
9 0
15 0
27 0
8 0
8 0
5 0
11 0
locus NW_006803979.1:4559343
7 0
14 0
16 0
10 0
9 0
20 0
5 0
20 0
7 0
5 0
3 1
7 0
11 0
locus NW_006803980.1:2321788
10 0
15 0
14 0
7 0
11 0
17 0
5 0
14 0
17 0
5 0
4 0
10 0
10 0
locus NW_006803980.1:2335461
10 0
11 0
13 0
4 0
6 0
19 0
9 0
16 0
8 0
4 1
2 2
16 0
9 0
locus NW_006803982.1:2570870
0 12
19 1
12 0
1 6
6 4
9 6
0 8
0 12
18 0
0 6
0 4
8 0
0 4
locus NW_006803982.1:3177554
18 0
12 0
24 0
5 0
9 0
24 0
12 0
7 0
11 0
5 0
4 0
9 0
7 0
locus NW_006803983.1:5003063
6 0
12 0
8 0
10 0
13 0
19 0
8 0
9 0
13 0
5 0
6 0
15 0
4 0
locus NW_006803984.1:763643
15 0
12 0
14 0
9 0
4 0
23 0
4 0
11 0
7 0
4 0
5 0
13 0
5 0
locus NW_006803984.1:940562
4 0
21 0
10 0
5 0
4 2
15 0
8 0
17 0
13 0
4 0
4 0
11 0
13 0
locus NW_006803984.1:1383642
5 0
26 0
17 0
5 0
9 0
11 0
8 0
6 0
17 0
8 0
4 0
9 0
6 0
locus NW_006803984.1:1464510
14 0
12 0
13 0
9 0
11 0
23 0
4 0
14 0
12 0
5 0
4 0
8 0
8 0
locus NW_006803984.1:4830127
17 0
16 0
24 0
5 0
7 0
17 0
13 0
13 0
11 0
0 6
4 0
12 0
0 13
locus NW_006803985.1:1143085
19 0
22 0
8 0
7 0
8 0
24 0
6 0
18 0
15 0
5 0
10 0
23 0
28 0
locus NW_006803986.1:1438999
19 0
14 0
16 0
9 0
10 0
28 0
6 0
12 0
7 0
10 0
5 0
6 0
4 0
locus NW_006803986.1:2847824
6 0
12 0
12 0
6 0
5 0
24 0
11 0
16 0
11 0
7 0
4 0
12 0
16 0
locus NW_006803986.1:4828668
6 0
20 0
22 0
6 0
7 0
24 0
10 1
12 0
14 0
4 0
5 0
10 0
15 0
locus NW_006803986.1:4981189
4 0
13 0
10 0
5 0
14 0
19 0
6 0
15 0
9 0
3 1
5 0
7 0
10 0
locus NW_006803987.1:95094
15 0
7 0
15 0
5 0
10 0
14 0
6 0
15 0
18 0
4 0
5 0
6 0
4 1
locus NW_006803987.1:1779260
10 0
11 0
15 0
11 0
12 0
13 0
6 0
17 0
13 0
5 0
8 0
12 0
18 0
locus NW_006803989.1:1703865
5 0
16 0
9 0
8 0
7 0
15 0
5 0
13 0
13 0
5 0
5 0
6 0
9 0
locus NW_006803990.1:1215025
16 0
0 12
21 0
7 0
9 0
17 0
6 0
5 5
0 18
7 0
6 0
0 16
8 1
locus NW_006803991.1:3635239
8 0
20 0
14 0
7 0
6 0
22 0
4 0
13 0
7 8
9 1
4 0
12 0
15 0
locus NW_006803992.1:2271247
1 16
17 0
0 22
0 11
0 15
12 19
0 8
0 13
14 0
0 9
0 10
9 0
0 9
locus NW_006803992.1:3060355
7 0
9 1
13 0
9 0
10 0
23 0
4 0
11 0
27 0
4 0
4 0
4 0
5 0
locus NW_006803992.1:3827221
10 1
19 0
15 0
7 0
9 0
19 0
15 0
6 0
11 0
5 0
6 1
5 0
8 0
locus NW_006803992.1:5713509
36 0
37 5
68 0
17 0
23 0
70 0
27 2
40 5
22 9
7 0
10 0
10 10
16 0
locus NW_006803993.1:2004908
12 0
30 0
18 0
5 0
9 0
24 0
9 0
11 0
6 0
6 0
6 0
9 0
10 0
locus NW_006803993.1:5590772
0 4
11 0
8 10
0 4
8 3
0 21
0 11
0 15
16 0
4 0
0 4
0 8
4 0
locus NW_006803995.1:2814706
0 14
9 0
8 3
0 7
0 13
22 0
0 8
9 8
6 0
4 0
0 4
12 0
11 0
locus NW_006803995.1:3140651
7 0
2 7
21 0
7 0
8 0
18 0
9 0
12 0
7 9
7 0
7 0
0 13
7 0
locus NW_006803995.1:4959793
9 0
13 0
17 0
8 0
5 0
18 0
5 0
11 0
27 0
4 0
11 0
19 0
7 0
locus NW_006803996.1:2939204
9 0
14 0
17 0
7 0
7 0
12 0
5 1
13 0
10 0
10 1
5 0
16 0
8 0
locus NW_006803999.1:4293524
12 0
7 0
13 7
5 0
12 0
19 0
4 0
9 0
12 0
7 0
4 0
16 0
8 0
locus NW_006803999.1:4427356
8 0
12 0
27 0
9 0
4 0
22 0
5 0
20 0
15 0
4 0
4 0
16 0
6 0
locus NW_006804000.1:3651621
9 0
7 0
9 0
6 0
4 0
16 0
4 1
6 0
9 0
4 0
4 3
6 0
13 0
locus NW_006804001.1:2243074
8 0
13 0
18 0
8 0
7 0
20 0
7 0
15 0
15 0
5 0
3 1
13 0
8 0
locus NW_006804002.1:181718
26 0
25 0
33 0
5 0
8 0
29 0
7 0
14 0
13 0
10 0
5 0
8 0
7 0
locus NW_006804002.1:2476157
7 0
20 0
22 0
5 0
6 0
24 0
12 0
22 0
10 0
4 0
4 0
12 0
14 0
locus NW_006804003.1:922335
8 0
13 0
11 0
12 0
9 0
14 0
7 0
15 0
10 0
5 0
7 1
6 0
16 0
locus NW_006804003.1:2837737
4 0
18 0
15 0
10 0
11 0
17 0
11 0
7 0
22 0
6 1
7 0
9 0
13 0
locus NW_006804003.1:4126778
20 0
20 0
29 0
17 0
11 0
42 0
10 0
22 0
27 0
5 0
6 0
15 0
14 0
locus NW_006804003.1:4337396
1 10
13 0
0 21
0 5
0 4
0 10
0 4
0 10
24 0
0 4
0 4
12 0
0 9
locus NW_006804004.1:5184046
12 0
23 0
9 0
10 0
6 0
22 0
12 0
10 0
14 0
8 0
8 0
9 0
10 0
locus NW_006804005.1:1673856
8 0
6 0
12 0
8 0
12 0
24 0
5 0
16 0
4 5
4 0
4 0
9 0
10 0
locus NW_006804005.1:2210351
6 0
12 0
9 0
3 1
3 8
14 0
11 0
0 15
13 0
0 5
4 0
7 0
0 9
locus NW_006804006.1:1471246
4 1
25 0
12 1
6 0
8 0
34 0
11 0
10 0
8 0
4 0
7 0
7 0
13 0
locus NW_006804006.1:3481133
10 0
23 0
12 0
6 0
6 0
11 0
4 0
9 0
6 0
7 0
4 0
9 0
6 0
locus NW_006804007.1:1472293
6 0
17 0
19 0
5 0
11 0
16 0
11 0
13 0
19 0
4 0
5 0
13 0
12 0
locus NW_006804007.1:1550846
9 1
24 1
21 0
7 0
14 0
19 0
10 0
6 0
8 0
5 0
4 0
11 0
9 0
locus NW_006804007.1:4390823
13 0
11 0
21 0
10 0
11 0
13 0
5 0
7 0
18 0
4 2
6 0
9 0
0 11
locus NW_006804007.1:4425630
7 0
13 0
17 0
9 0
9 0
23 0
4 0
20 0
5 0
11 0
4 0
4 0
13 0
locus NW_006804007.1:4470134
16 0
9 0
21 0
7 0
15 0
29 0
5 0
14 0
0 8
6 0
4 0
10 0
5 0
locus NW_006804007.1:4639147
8 0
17 0
14 2
13 0
11 0
24 0
5 0
7 0
13 0
4 0
5 0
7 0
5 0
locus NW_006804007.1:4952132
18 0
16 0
22 0
9 0
11 0
35 0
5 0
17 0
15 0
4 0
9 0
13 0
12 0
locus NW_006804009.1:579933
1 20
9 13
5 33
1 8
7 9
11 14
0 13
3 24
17 10
0 11
3 3
9 0
20 33
locus NW_006804009.1:5060840
4 0
13 0
24 0
8 0
7 0
13 0
5 0
14 0
14 0
4 0
4 1
11 0
17 0
locus NW_006804010.1:2115476
6 3
2 19
7 19
1 3
2 7
7 31
4 3
11 11
11 20
2 6
4 4
3 3
2 13
locus NW_006804010.1:5073122
29 0
52 0
58 0
23 0
50 0
75 0
20 0
27 0
19 2
5 0
12 0
27 9
39 0
locus NW_006804010.1:5099906
5 16
3 31
9 25
0 18
10 28
14 48
7 31
6 31
1 21
3 11
3 10
5 38
12 26
locus NW_006804012.1:1409622
11 0
7 0
13 0
5 0
11 0
16 0
10 0
14 0
7 0
4 1
4 1
9 0
9 0
locus NW_006804012.1:4477741
6 0
14 0
25 1
5 0
7 0
30 0
8 0
24 0
12 0
5 0
6 0
14 0
5 0
locus NW_006804015.1:253444
5 8
17 0
9 5
5 0
4 5
12 12
9 7
18 12
11 8
4 2
2 4
15 0
9 5
locus NW_006804015.1:833914
15 0
17 0
17 0
6 0
4 0
23 0
11 0
14 0
0 10
6 0
4 0
15 0
17 0
locus NW_006804015.1:2488272
2 9
21 0
27 0
5 0
8 0
7 0
7 0
10 0
12 0
5 0
5 0
11 0
8 0
locus NW_006804015.1:3325227
6 0
11 0
14 0
10 0
5 0
32 1
10 0
9 0
0 20
5 0
4 0
6 0
4 0
locus NW_006804016.1:1069
48 8
102 2
57 25
32 7
50 2
67 5
51 5
77 15
110 16
36 6
24 0
85 3
89 7
locus NW_006804016.1:1799
33 2
75 13
40 6
19 1
26 2
64 0
25 4
62 2
54 4
25 0
16 0
46 3
39 4
locus NW_006804016.1:2242
25 1
62 0
58 0
40 0
49 0
161 0
27 0
72 2
83 0
19 0
21 1
48 0
70 0
locus NW_006804016.1:97728
8 9
13 9
10 10
3 2
15 8
11 8
9 7
14 13
10 4
5 3
5 0
16 4
15 5
locus NW_006804016.1:2984451
13 0
13 0
23 0
9 0
16 0
13 0
9 0
12 0
13 0
9 0
5 0
17 0
12 0
locus NW_006804016.1:3658729
16 0
15 0
11 1
6 0
6 0
16 0
7 0
4 0
20 0
7 0
4 0
12 0
8 0
locus NW_006804017.1:4835170
6 0
20 0
13 0
7 0
12 0
14 0
9 0
10 0
11 0
11 0
7 0
22 0
12 0
locus NW_006804019.1:4358114
9 0
14 0
6 0
5 0
13 0
22 0
7 0
10 0
14 0
8 0
6 0
8 0
11 0
locus NW_006804020.1:232747
20 0
21 0
56 0
16 0
16 0
42 0
18 0
23 0
24 0
12 1
9 0
19 0
8 10
locus NW_006804020.1:535135
12 0
15 0
16 0
7 0
10 0
18 0
7 0
15 0
8 0
5 0
6 0
8 0
13 0
locus NW_006804020.1:908305
8 0
7 0
11 0
6 0
10 0
19 0
7 0
6 0
17 0
5 0
4 0
8 0
3 1
locus NW_006804021.1:425662
18 0
20 0
16 0
6 0
8 0
19 0
7 0
8 0
11 0
4 0
5 0
14 0
7 0
locus NW_006804022.1:727231
21 0
5 0
13 0
10 0
11 0
17 0
10 0
9 0
12 0
7 0
5 0
10 0
11 0
locus NW_006804022.1:3064995
8 0
8 0
11 0
9 0
10 0
15 0
4 0
16 0
12 0
5 0
6 0
7 0
8 0
locus NW_006804022.1:3634855
18 0
13 0
21 0
5 0
9 0
29 0
9 0
23 0
7 0
5 1
7 0
11 0
9 0
locus NW_006804023.1:771155
9 0
21 0
15 0
9 0
12 0
27 0
10 0
11 0
9 0
5 0
4 0
12 0
11 0
locus NW_006804023.1:4245596
4 0
9 0
13 0
6 0
6 0
12 0
6 0
4 0
7 0
4 0
4 0
8 0
15 0
locus NW_006804025.1:2351180
11 0
21 0
22 0
8 0
13 0
27 0
22 0
10 1
9 0
5 0
4 0
14 0
6 0
locus NW_006804025.1:3843815
18 0
17 0
18 0
8 0
8 0
20 0
8 0
10 0
5 0
6 0
4 0
4 0
7 0
locus NW_006804026.1:4093606
11 0
18 0
10 0
11 0
8 0
31 0
5 0
13 0
11 0
6 0
9 0
6 0
13 0
locus NW_006804027.1:1015278
9 0
21 0
14 0
15 0
10 0
37 0
8 0
10 0
11 0
8 0
6 0
7 0
13 1
locus NW_006804028.1:715156
8 0
13 0
12 0
5 0
11 0
20 0
9 0
6 0
8 1
4 0
6 0
8 0
16 0
locus NW_006804029.1:1231743
5 0
22 0
11 0
7 0
5 0
20 0
4 0
9 0
8 0
3 1
4 0
6 0
14 0
locus NW_006804029.1:1825776
6 0
5 0
11 0
4 0
12 0
18 0
8 0
11 0
11 0
4 0
5 0
7 0
6 0
locus NW_006804031.1:3095257
10 0
16 0
12 0
13 0
5 0
30 0
10 0
9 0
9 0
7 0
5 0
13 0
14 0
locus NW_006804032.1:4834422
5 8
16 0
16 0
0 4
0 10
0 22
0 7
0 13
11 0
0 4
0 4
12 0
2 15
locus NW_006804033.1:569129
8 0
18 0
24 0
22 0
15 0
13 0
14 0
14 0
14 0
5 0
5 0
10 0
7 0
locus NW_006804033.1:622368
7 0
13 0
21 0
4 0
14 0
28 0
10 0
14 0
18 0
6 0
5 0
19 0
11 0
locus NW_006804033.1:999095
11 0
13 0
17 0
4 0
8 0
10 15
7 0
22 0
12 0
5 0
4 0
17 0
11 0
locus NW_006804033.1:4379002
13 0
11 0
23 0
7 0
10 0
21 0
8 0
11 0
8 0
2 3
5 0
7 0
0 6
locus NW_006804034.1:4188278
18 0
9 0
26 0
14 0
9 0
23 0
10 0
13 0
11 0
4 0
5 0
11 0
12 0
locus NW_006804035.1:1713433
9 0
21 0
13 0
6 0
16 0
20 0
5 0
12 0
11 0
6 0
4 0
12 0
12 0
locus NW_006804035.1:4288245
11 0
22 0
11 0
6 0
10 0
25 0
11 0
13 0
11 0
8 0
4 0
9 0
9 1
locus NW_006804036.1:1972751
9 0
12 0
22 0
5 0
7 0
23 0
8 0
9 0
11 0
5 1
8 0
13 0
5 0
locus NW_006804036.1:2350974
8 0
20 0
13 0
7 0
18 0
27 0
10 0
15 0
10 0
4 0
7 0
11 0
8 0
locus NW_006804036.1:2486030
8 0
11 0
22 0
4 0
7 0
16 0
11 0
10 0
19 0
4 0
9 0
8 0
8 0
locus NW_006804041.1:2724318
9 0
14 0
17 0
4 0
8 0
22 0
8 0
14 0
15 0
4 1
7 0
12 0
9 0
locus NW_006804041.1:4209886
18 0
13 0
18 0
5 0
6 0
15 0
10 0
8 0
14 0
5 0
4 0
12 0
7 0
locus NW_006804043.1:2538042
9 0
10 0
14 0
5 0
22 0
16 0
6 0
10 0
10 0
5 0
5 0
8 0
12 0
locus NW_006804045.1:607534
6 6
25 0
9 12
5 0
8 0
13 0
5 3
12 0
22 0
7 0
6 0
10 0
12 0
locus NW_006804046.1:2432393
4 0
15 0
17 0
6 0
11 0
12 0
9 0
17 0
12 0
4 0
6 0
12 0
13 0
locus NW_006804047.1:1826150
10 0
20 0
19 0
12 0
9 0
14 0
7 0
11 0
6 0
4 0
5 0
14 0
11 0
locus NW_006804047.1:3212960
6 8
8 0
11 3
0 4
0 12
7 18
13 0
0 8
19 0
0 4
0 7
9 0
0 7
locus NW_006804048.1:1027505
7 0
24 0
15 0
9 0
9 0
23 0
5 0
10 0
9 0
4 0
4 0
10 0
11 0
locus NW_006804049.1:4495037
3 31
7 58
0 91
0 16
1 25
5 78
0 51
2 58
9 101
1 22
1 25
6 67
1 77
locus NW_006804051.1:3808918
1 114
13 179
1 167
4 30
1 68
4 51
2 22
6 30
6 30
1 14
1 12
5 31
3 20
locus NW_006804052.1:2893560
6 0
9 0
18 0
4 0
2 4
18 0
10 0
13 0
0 11
0 8
5 0
4 0
0 7
locus NW_006804052.1:4156203
4 5
11 1
6 0
6 1
9 5
12 13
0 5
6 4
18 0
4 0
0 4
18 0
8 0
locus NW_006804053.1:1228940
8 0
19 0
15 0
7 0
5 0
15 0
8 0
16 0
12 0
6 0
5 0
5 0
8 0
locus NW_006804053.1:2807538
10 0
22 0
18 0
7 0
9 0
26 0
7 0
17 0
14 0
5 0
8 0
8 0
9 0
locus NW_006804054.1:167992
12 2
25 0
25 0
4 0
4 0
27 1
9 0
12 0
11 0
4 0
4 0
15 0
15 0
locus NW_006804055.1:249466
16 2
29 2
21 6
11 7
11 4
38 10
10 7
31 3
15 13
12 4
10 0
26 5
18 11
locus NW_006804057.1:3268431
6 9
13 0
5 13
10 0
11 0
13 15
4 3
8 0
0 9
4 0
4 0
0 10
13 0
locus NW_006804058.1:4133614
20 0
27 0
39 0
11 0
24 0
33 0
9 0
27 0
17 0
4 0
4 0
15 0
10 0
locus NW_006804059.1:605628
14 0
15 0
15 0
10 0
13 0
18 0
10 0
11 0
17 0
5 0
5 0
8 0
6 0
locus NW_006804060.1:1743854
0 8
20 0
0 16
0 7
0 10
0 16
5 2
0 8
3 9
0 9
0 7
10 0
0 6
locus NW_006804061.1:865537
8 0
6 0
8 0
7 0
5 0
14 0
10 0
10 0
18 0
4 0
6 0
4 0
24 0
locus NW_006804061.1:1713345
7 0
19 0
7 0
5 0
9 0
17 0
12 0
9 0
6 0
4 0
4 0
5 0
7 0
locus NW_006804063.1:3998063
6 0
27 0
7 0
7 0
9 0
11 0
5 0
13 0
16 0
4 0
3 1
7 0
13 0
locus NW_006804064.1:2688777
0 17
18 0
0 11
0 5
16 0
0 17
0 9
0 7
14 0
3 1
0 4
12 0
0 5
locus NW_006804065.1:202626
8 0
14 1
15 0
13 0
9 0
26 0
11 0
11 0
4 0
7 0
6 0
6 0
11 0
locus NW_006804066.1:3674173
19 0
38 0
39 0
16 0
15 0
46 0
11 0
45 0
26 0
15 0
7 0
30 0
24 0
locus NW_006804068.1:875677
33 0
9 0
19 0
18 0
22 0
35 0
15 0
11 0
7 0
4 0
11 0
11 0
13 0
locus NW_006804068.1:1632222
13 0
8 0
10 0
8 0
17 0
21 0
10 0
13 1
13 0
7 0
4 0
4 0
5 0
locus NW_006804069.1:2564825
13 1
20 0
21 0
8 0
22 0
17 0
6 0
16 0
16 0
7 0
5 0
13 0
8 0
locus NW_006804075.1:526454
0 12
17 0
1 17
0 9
0 5
0 27
0 14
0 19
14 0
8 0
1 4
7 0
2 7
locus NW_006804075.1:2209258
4 0
10 0
12 0
4 0
5 0
17 0
6 0
7 0
13 0
5 0
8 0
5 0
10 0
locus NW_006804077.1:1387336
4 0
21 0
14 0
4 0
4 0
18 0
4 0
15 0
12 6
5 0
4 0
8 0
5 0
locus NW_006804078.1:2721525
8 0
15 0
10 0
5 0
6 0
30 0
13 0
10 0
10 0
8 0
9 0
15 0
10 0
locus NW_006804079.1:2282666
5 0
13 0
15 0
7 0
15 0
20 0
7 0
24 0
6 0
0 7
4 0
5 0
2 13
locus NW_006804081.1:2600472
10 0
44 0
21 0
8 0
11 0
15 0
6 0
10 0
8 0
6 0
5 0
12 0
6 0
locus NW_006804081.1:3559983
14 0
11 1
22 1
5 0
11 0
16 1
7 0
16 0
10 0
5 0
4 0
17 0
15 0
locus NW_006804084.1:3244761
0 4
6 0
0 25
0 7
9 4
9 7
10 3
0 11
5 0
3 1
0 5
15 0
0 4
locus NW_006804084.1:3388322
6 0
18 0
15 0
6 0
12 1
24 0
15 0
20 0
9 0
4 0
5 0
12 0
8 0
locus NW_006804084.1:3972750
18 0
14 0
14 1
6 0
11 0
28 0
5 0
11 0
9 0
4 0
4 0
9 0
12 0
locus NW_006804085.1:1170003
2 33
5 80
4 54
8 40
2 48
9 137
8 94
18 118
1 105
4 37
1 26
7 94
21 84
locus NW_006804087.1:1043606
54 0
43 0
79 0
16 0
40 0
95 0
52 0
71 0
41 0
21 0
26 0
23 0
133 0
locus NW_006804088.1:1218233
5 0
9 0
12 0
5 0
8 1
15 0
6 0
12 0
12 0
4 0
4 0
7 0
7 0
locus NW_006804089.1:1282207
15 0
10 0
15 0
6 0
10 0
15 0
8 0
11 0
14 0
5 0
6 0
6 0
22 0
locus NW_006804091.1:1837641
12 0
15 0
24 0
9 0
15 0
30 0
8 0
13 0
13 0
6 0
7 0
10 0
13 0
locus NW_006804093.1:534510
9 0
12 0
15 0
12 0
19 0
41 0
10 0
22 0
8 0
8 0
7 0
11 0
14 0
locus NW_006804093.1:2456567
9 0
11 0
22 0
13 0
12 0
28 0
14 0
11 0
14 0
4 0
6 0
11 0
10 0
locus NW_006804094.1:3117240
5 0
12 0
13 0
10 0
9 0
31 0
10 0
17 0
11 0
6 0
4 0
7 0
7 0
locus NW_006804095.1:2840063
10 0
12 0
19 0
7 0
13 0
20 0
12 0
16 0
5 0
9 0
5 0
8 0
15 0
locus NW_006804095.1:3326519
5 0
17 0
14 0
6 0
5 0
20 0
13 0
14 0
21 0
3 1
6 0
12 0
7 0
locus NW_006804096.1:1332328
8 0
21 0
14 0
10 0
11 0
15 0
12 0
13 0
12 0
5 0
7 0
13 0
5 0
locus NW_006804097.1:1109033
9 0
25 0
21 0
7 0
10 0
28 0
8 0
8 0
20 0
4 0
4 0
8 0
8 0
locus NW_006804097.1:3115900
9 0
21 0
17 0
4 0
15 0
22 0
8 0
19 0
9 0
10 0
7 0
12 0
8 0
locus NW_006804098.1:3694724
4 0
17 0
19 0
4 0
7 0
12 0
5 0
17 0
7 0
4 0
6 0
7 0
6 0
locus NW_006804099.1:3356704
4 0
19 0
17 0
5 0
10 0
16 0
8 0
6 0
11 0
4 0
4 0
9 0
16 0
locus NW_006804100.1:243483
9 0
4 0
13 0
4 0
13 0
19 0
5 0
16 0
16 0
5 0
4 0
9 0
9 0
locus NW_006804100.1:1312740
0 9
11 0
0 26
0 10
0 6
0 21
7 11
0 9
13 0
5 0
0 4
5 1
12 0
locus NW_006804100.1:1471879
9 0
16 0
6 0
7 0
7 0
13 0
5 0
14 0
13 0
4 0
5 0
10 1
8 0
locus NW_006804102.1:2589702
0 22
23 0
0 14
0 7
6 3
0 23
0 7
0 9
10 0
0 5
0 13
13 0
14 0
locus NW_006804105.1:3422454
18 0
15 0
20 0
7 0
8 0
25 0
11 1
22 0
17 0
6 0
5 0
19 0
8 0
locus NW_006804105.1:3588769
15 0
10 0
23 0
9 0
15 0
25 0
4 0
15 0
12 0
4 0
5 0
6 0
4 0
locus NW_006804107.1:1502755
11 0
19 3
16 0
9 0
8 0
20 0
7 0
14 0
12 0
4 0
6 0
16 0
11 0
locus NW_006804108.1:2969316
22 0
18 0
17 0
11 0
5 0
22 0
13 0
11 0
7 0
4 0
6 0
7 0
9 0
locus NW_006804109.1:1157122
0 12
18 0
0 5
0 6
0 11
0 27
0 4
0 4
8 0
1 4
0 4
9 0
0 8
locus NW_006804110.1:2157266
10 0
15 0
9 0
5 0
9 0
18 0
14 0
9 0
6 0
5 0
5 0
6 0
13 0
locus NW_006804111.1:251360
6 0
9 0
18 0
6 0
10 0
28 0
9 0
15 0
11 0
8 0
6 0
17 0
15 0
locus NW_006804111.1:1106901
1 8
9 0
0 10
0 12
0 15
0 20
0 13
0 16
13 0
0 5
0 8
14 0
0 9
locus NW_006804111.1:3425208
17 0
21 1
10 1
9 0
14 0
18 0
9 0
12 0
9 0
6 0
4 0
18 0
5 0
locus NW_006804112.1:2901351
12 0
17 0
12 0
8 0
10 0
15 0
9 0
14 0
19 0
4 0
7 0
10 0
11 0
locus NW_006804113.1:1009328
12 0
10 0
10 0
8 0
12 0
15 0
5 0
12 0
4 0
6 0
4 0
9 0
6 0
locus NW_006804113.1:2193991
9 0
16 1
6 0
6 0
12 0
22 0
5 0
13 0
19 0
5 0
5 0
5 0
9 0
locus NW_006804116.1:3432603
9 7
5 5
6 17
3 6
6 4
5 9
3 4
3 11
3 10
3 3
0 7
3 14
2 9
locus NW_006804117.1:1517276
9 1
8 0
18 0
4 0
7 0
16 0
7 0
6 0
10 0
6 0
7 0
11 0
7 0
locus NW_006804117.1:1903494
7 0
9 0
13 0
6 0
9 0
27 0
8 0
13 9
11 0
5 0
6 0
11 0
7 0
locus NW_006804118.1:1615633
15 0
9 0
25 0
6 0
10 0
16 0
10 0
16 0
15 0
7 0
5 0
21 0
12 0
locus NW_006804118.1:2241883
18 0
20 0
15 0
6 0
11 0
14 0
9 0
13 0
10 0
6 0
5 0
6 0
6 0
locus NW_006804119.1:1010228
6 0
18 0
6 0
5 0
17 0
13 0
8 0
9 0
13 0
7 0
6 0
15 0
5 0
locus NW_006804119.1:1981653
12 0
17 0
15 1
10 0
5 0
29 0
4 0
11 0
11 0
4 0
4 0
17 0
9 0
locus NW_006804122.1:2328417
6 0
5 0
6 0
12 0
10 0
13 0
12 0
16 0
9 0
6 0
4 0
8 0
17 0
locus NW_006804122.1:3445965
14 0
11 0
11 0
6 0
10 0
21 0
18 0
24 0
18 0
4 0
4 0
5 0
8 0
locus NW_006804122.1:3742172
10 16
19 14
11 15
3 3
3 4
17 18
9 6
5 7
10 10
3 4
3 3
10 14
7 10
locus NW_006804123.1:953856
11 0
7 0
21 0
7 0
7 0
15 0
4 0
8 0
11 0
4 0
11 0
8 0
12 0
locus NW_006804123.1:1443477
4 0
9 0
16 0
9 0
4 0
22 0
7 0
10 0
7 0
5 0
4 0
9 0
8 0
locus NW_006804124.1:2580463
0 11
12 0
0 17
0 6
0 6
0 23
5 4
0 13
0 7
1 4
0 4
13 0
0 11
locus NW_006804124.1:3127716
11 0
8 0
17 0
7 0
0 5
12 13
4 0
0 24
9 0
0 6
4 0
6 0
0 10
locus NW_006804125.1:2799336
5 0
19 0
21 0
7 0
4 0
19 0
6 0
10 0
11 0
10 0
4 0
11 0
7 0
locus NW_006804129.1:2213865
0 8
33 0
6 17
0 6
0 13
0 19
0 6
0 12
11 0
5 0
1 5
4 0
11 0
locus NW_006804130.1:5756
8 1
7 11
13 5
3 2
9 0
17 1
5 4
9 5
6 5
5 0
4 0
3 4
15 0
locus NW_006804130.1:2253861
44 1
22 0
50 0
11 0
36 0
61 0
25 0
36 0
30 0
12 1
13 0
15 0
24 0
locus NW_006804132.1:925261
17 0
11 0
18 0
5 0
8 0
22 0
10 0
8 0
11 0
5 0
13 0
6 0
14 0
locus NW_006804132.1:2383404
10 3
13 0
4 0
4 0
13 0
20 0
9 0
9 0
11 0
8 0
5 0
13 0
8 0
locus NW_006804133.1:1473056
10 0
10 0
12 0
10 0
14 0
16 0
12 0
7 0
4 0
4 1
7 0
5 0
10 0
locus NW_006804133.1:3042282
12 0
12 0
19 0
12 0
9 0
40 0
10 0
21 0
17 0
4 0
5 0
19 0
8 0
locus NW_006804135.1:336645
13 0
7 0
15 0
4 0
10 0
17 0
20 0
15 0
7 0
5 0
5 0
5 0
10 0
locus NW_006804135.1:3177349
6 0
22 2
8 0
11 0
12 0
18 0
9 0
14 0
11 0
5 0
6 0
14 0
4 0
locus NW_006804137.1:336775
14 1
14 0
14 0
18 0
6 0
34 0
11 0
14 0
10 0
5 0
8 0
5 0
23 0
locus NW_006804138.1:9513
9 0
17 0
14 0
7 0
13 0
14 0
7 0
17 0
6 0
5 0
5 0
20 0
15 0
locus NW_006804138.1:1560191
11 0
21 0
18 0
8 0
9 0
22 0
14 0
21 0
7 0
6 0
6 0
16 0
8 0
locus NW_006804139.1:1055043
5 10
10 0
16 0
7 0
8 0
13 0
5 0
10 4
0 8
0 4
2 4
13 0
0 9
locus NW_006804141.1:531196
15 0
17 1
10 0
5 0
9 0
17 0
8 0
18 0
4 0
5 0
5 0
9 0
15 1
locus NW_006804141.1:1368308
11 0
11 0
15 0
12 0
11 0
20 0
12 0
13 0
13 0
4 0
7 0
7 0
10 0
locus NW_006804141.1:2614683
10 0
19 0
16 0
7 0
13 0
18 0
16 0
9 0
14 0
5 0
5 0
16 0
13 0
locus NW_006804142.1:872366
14 0
17 0
19 0
13 0
7 0
27 0
8 0
8 0
24 0
4 0
4 0
10 0
8 0
locus NW_006804142.1:998342
3 1
15 0
9 0
4 0
4 0
10 0
4 0
10 0
8 0
4 0
4 0
7 0
11 0
locus NW_006804144.1:88134
41 9
45 16
35 21
14 8
15 7
28 29
19 14
34 26
37 25
14 9
6 11
25 18
21 24
locus NW_006804144.1:1281324
11 0
15 0
20 1
4 0
13 0
11 0
13 0
13 0
10 0
5 0
4 0
4 0
8 0
locus NW_006804144.1:1704223
11 0
13 0
24 0
6 0
9 0
12 0
6 0
10 0
6 0
5 0
5 0
12 0
13 0
locus NW_006804144.1:2405244
7 0
12 0
21 0
7 0
7 0
13 0
8 0
23 0
7 0
5 0
5 0
6 0
16 0
locus NW_006804146.1:2583736
6 0
16 0
29 0
4 0
15 0
18 0
6 0
7 0
12 0
5 0
9 0
10 0
13 0
locus NW_006804147.1:721871
8 0
20 0
20 0
6 0
15 0
18 0
6 0
17 0
14 0
5 0
5 0
7 0
17 1
locus NW_006804147.1:2102618
16 0
17 0
27 0
7 0
12 0
13 0
7 0
11 0
9 0
5 1
5 0
4 0
17 0
locus NW_006804147.1:2166443
18 0
8 0
7 0
4 0
7 0
16 0
12 0
11 0
7 0
7 0
4 0
15 0
9 0
locus NW_006804148.1:1357388
8 0
0 28
9 4
4 0
7 0
5 11
6 0
12 0
0 13
4 0
4 0
0 12
5 0
locus NW_006804148.1:2208495
6 0
13 1
12 0
10 0
9 0
25 0
7 0
6 0
10 0
7 0
4 0
5 0
9 0
locus NW_006804149.1:1153398
11 0
14 0
28 0
6 0
9 0
18 0
9 0
15 0
11 0
4 0
7 2
15 0
16 0
locus NW_006804149.1:2278966
14 0
14 0
13 0
8 0
5 9
33 0
9 0
14 3
12 0
4 2
4 0
9 0
0 8
locus NW_006804150.1:2252371
16 0
24 0
11 0
7 0
7 0
9 0
10 0
13 0
9 0
7 0
0 5
8 0
11 0
locus NW_006804154.1:1687270
5 0
17 0
15 0
10 0
4 0
15 0
4 0
20 0
0 7
6 0
5 0
6 0
14 0
locus NW_006804155.1:69542
16 0
17 0
19 0
8 0
6 0
25 1
16 0
11 0
8 0
7 0
6 0
12 0
23 0
locus NW_006804156.1:2656890
14 0
21 0
14 0
6 0
8 0
15 0
4 0
4 0
13 0
4 2
6 0
8 0
14 0
locus NW_006804157.1:3558268
52 0
39 0
55 0
33 0
24 0
75 0
41 0
67 0
32 1
4 0
18 0
18 0
37 0
locus NW_006804158.1:408788
11 0
12 0
15 0
8 0
11 0
11 0
5 0
9 0
20 0
6 0
5 0
8 0
13 0
locus NW_006804158.1:2352287
13 0
12 0
12 0
11 0
4 0
36 0
13 0
8 0
9 0
4 0
3 1
7 0
8 0
locus NW_006804159.1:2966308
18 0
16 0
16 0
7 0
12 0
24 0
8 0
14 0
11 0
4 0
4 2
6 0
7 2
locus NW_006804160.1:8254
16 48
59 64
42 58
10 22
17 27
24 66
18 38
25 44
50 65
12 7
12 23
25 49
47 34
locus NW_006804160.1:9648
57 0
91 0
76 0
49 3
55 4
193 0
36 6
103 0
117 0
23 0
11 0
66 0
73 0
locus NW_006804160.1:1024987
40 7
48 2
108 12
24 2
64 3
60 7
69 4
133 16
45 12
25 3
28 6
26 3
39 8
locus NW_006804161.1:2212546
6 0
11 0
17 0
7 0
13 0
26 0
8 0
6 0
12 0
2 2
6 0
7 0
6 0
locus NW_006804164.1:1239177
12 0
11 7
1 9
4 0
5 3
21 0
4 4
1 4
17 0
4 0
0 7
0 9
9 0
locus NW_006804166.1:1945435
13 0
17 0
8 0
6 0
7 0
17 0
4 0
10 0
16 0
1 3
6 0
11 0
13 0
locus NW_006804168.1:128681
8 0
12 0
18 2
11 0
8 0
20 0
7 0
21 0
4 0
6 0
4 0
13 0
12 0
locus NW_006804168.1:1143822
12 0
17 0
17 0
5 0
5 0
17 0
5 0
13 0
10 0
5 0
6 0
10 0
9 0
locus NW_006804170.1:1095607
4 0
25 0
15 0
6 0
7 0
15 0
12 0
18 0
9 0
9 0
8 0
11 0
8 0
locus NW_006804172.1:2559340
2 6
9 1
7 14
0 6
0 7
4 17
12 5
7 5
7 0
7 0
6 0
5 0
8 0
locus NW_006804173.1:1581937
11 0
7 1
27 0
5 0
10 0
18 0
6 0
9 0
4 1
4 0
4 0
10 1
11 1
locus NW_006804174.1:1448406
6 1
17 0
11 0
8 0
9 0
16 0
9 0
10 0
6 0
4 0
6 0
7 0
6 0
locus NW_006804176.1:87986
5 6
20 0
13 0
4 10
8 0
9 0
7 1
5 6
4 0
4 0
6 0
10 0
11 0
locus NW_006804176.1:1026308
18 0
20 0
31 0
7 0
9 0
27 0
6 0
12 0
11 0
6 1
4 0
8 0
9 0
locus NW_006804177.1:1372606
17 0
12 0
13 1
5 0
4 0
19 0
7 2
10 0
12 0
4 0
4 1
12 0
10 0
locus NW_006804178.1:1385979
12 0
27 0
9 0
4 0
6 0
14 0
11 0
5 0
4 0
3 1
5 1
8 0
11 0
locus NW_006804179.1:1256864
9 0
9 0
12 0
7 0
5 0
18 0
12 0
13 0
14 0
6 0
8 0
7 0
9 0
locus NW_006804180.1:148502
23 0
20 0
23 0
10 0
18 0
35 0
7 0
24 0
24 0
5 1
5 0
18 0
11 0
locus NW_006804181.1:2690651
15 0
12 0
14 0
12 0
7 0
19 0
5 1
8 0
15 0
8 0
6 1
12 0
8 1
locus NW_006804183.1:2534268
8 0
6 0
15 0
6 0
13 0
21 0
8 0
6 0
14 0
6 0
4 0
20 0
14 0
locus NW_006804185.1:1778020
10 0
18 0
15 1
10 0
11 0
16 0
7 0
21 0
12 0
5 0
5 0
8 0
4 0
locus NW_006804186.1:1944309
6 0
21 0
13 0
5 0
12 0
21 0
4 0
10 0
6 0
6 0
6 0
9 0
8 0
locus NW_006804193.1:1015447
13 0
15 0
11 0
13 0
7 0
10 0
6 0
8 0
13 0
5 0
6 0
11 0
12 0
locus NW_006804195.1:2680536
17 0
13 0
9 0
10 0
12 0
11 0
7 0
12 0
8 0
4 0
4 0
7 0
18 0
locus NW_006804195.1:2884466
11 0
0 12
26 0
4 0
8 0
25 0
7 0
12 0
25 0
10 0
4 0
17 0
13 0
locus NW_006804199.1:1736674
8 0
25 0
26 0
8 0
12 0
10 10
6 6
10 0
9 0
5 0
5 0
13 0
9 0
locus NW_006804200.1:1439477
9 0
17 0
13 0
8 0
14 0
27 0
4 1
14 0
10 0
4 0
5 0
17 0
14 0
locus NW_006804200.1:2282262
8 0
19 0
16 0
4 0
8 0
21 0
6 0
12 0
7 0
5 0
5 0
13 0
6 0
locus NW_006804203.1:1523992
15 0
18 0
17 0
13 0
10 0
34 0
6 0
11 0
15 0
11 0
6 0
13 0
18 0
locus NW_006804204.1:155294
5 0
17 0
12 0
6 0
11 0
26 0
10 0
17 0
11 0
7 0
5 0
14 0
13 0
locus NW_006804206.1:305545
10 0
17 0
29 0
4 0
12 0
17 0
11 0
18 0
13 0
4 0
6 0
9 0
15 0
locus NW_006804206.1:676098
16 0
15 0
21 0
6 0
7 0
34 0
9 0
24 0
13 0
5 0
4 0
8 0
7 0
locus NW_006804209.1:662049
5 0
18 0
18 0
8 0
9 0
21 0
6 0
14 0
11 0
10 0
7 0
8 0
11 0
locus NW_006804209.1:970960
13 1
14 0
12 0
7 0
7 0
26 0
14 0
13 0
15 0
4 0
5 0
8 0
4 0
locus NW_006804210.1:585448
0 9
17 10
5 28
0 6
6 6
10 17
1 4
0 7
8 6
3 3
0 5
7 11
11 18
locus NW_006804210.1:732925
10 0
13 0
19 0
7 0
9 0
14 0
11 0
16 0
13 0
5 0
9 0
6 0
9 0
locus NW_006804214.1:1838689
11 0
9 0
12 0
6 0
12 0
27 0
5 0
18 0
14 0
4 0
5 0
10 0
17 0
locus NW_006804214.1:1898938
12 2
17 1
19 1
11 0
11 0
37 0
4 0
21 0
20 0
6 0
4 0
19 0
22 0
locus NW_006804214.1:2700964
6 0
7 0
14 0
6 0
15 1
32 0
5 0
13 0
11 0
4 0
10 0
7 0
11 0
locus NW_006804215.1:3101547
9 0
19 0
12 0
9 0
11 0
21 0
4 0
21 0
10 0
4 0
6 0
6 0
14 0
locus NW_006804216.1:2485026
24 0
36 0
21 0
5 0
5 0
26 0
12 0
16 0
25 0
4 0
6 0
15 0
21 0
locus NW_006804217.1:1524816
12 0
23 0
18 0
6 0
13 0
25 0
12 0
13 0
15 0
6 0
10 0
8 0
6 0
locus NW_006804217.1:2622438
16 0
9 0
12 0
4 0
8 0
12 0
4 0
10 0
9 0
4 0
4 0
7 0
6 0
locus NW_006804219.1:537178
10 0
8 0
23 0
7 0
13 0
17 0
8 0
11 0
13 0
5 0
4 0
6 0
9 0
locus NW_006804221.1:865415
8 9
12 14
12 18
6 8
8 7
10 19
4 3
16 6
4 10
2 3
4 3
9 12
10 7
locus NW_006804221.1:1147767
13 0
13 0
11 0
8 0
8 0
16 0
4 0
20 0
14 0
4 0
4 0
4 0
9 0
locus NW_006804221.1:1341390
5 0
20 0
11 0
4 0
9 0
20 0
5 0
4 0
7 0
4 0
4 0
14 0
12 0
locus NW_006804221.1:1874813
14 0
16 0
7 0
9 0
7 0
13 0
5 0
15 0
5 0
5 0
5 0
18 0
9 0
locus NW_006804222.1:2229034
15 0
15 0
12 0
7 0
10 0
41 0
5 0
16 0
17 0
4 0
5 0
13 0
9 0
locus NW_006804222.1:2687544
12 1
23 0
21 0
6 1
7 0
13 0
9 0
10 0
7 0
4 0
7 1
9 0
14 0
locus NW_006804226.1:819832
9 0
12 0
24 0
7 0
11 0
18 0
10 0
16 0
6 0
4 0
5 0
10 0
7 0
locus NW_006804227.1:1682630
6 0
7 0
13 0
10 0
13 0
29 0
11 0
9 0
13 0
4 0
4 0
12 0
7 0
locus NW_006804227.1:2453104
5 6
11 0
8 0
10 0
8 0
13 0
10 0
10 0
13 0
4 0
6 0
9 0
9 0
locus NW_006804228.1:528491
15 0
12 0
12 12
14 0
7 0
16 0
5 0
7 0
15 0
7 0
4 0
12 0
6 0
locus NW_006804228.1:1274615
16 1
17 0
16 0
7 0
11 0
27 0
13 0
19 0
12 0
5 0
7 0
17 0
16 0
locus NW_006804228.1:2224461
11 0
23 1
14 0
8 0
13 0
21 0
7 0
7 0
5 0
9 0
9 0
10 0
9 0
locus NW_006804229.1:671482
12 0
25 0
38 0
5 0
14 0
38 0
16 0
34 0
28 0
11 0
14 0
21 0
30 1
locus NW_006804233.1:15436
66 0
71 1
60 0
35 2
36 2
87 3
22 0
68 1
19 0
4 0
30 0
55 1
29 2
locus NW_006804233.1:15772
13 0
10 0
6 0
13 1
11 0
22 0
12 0
22 0
10 0
4 0
10 0
7 0
7 0
locus NW_006804233.1:16153
49 0
65 0
95 0
29 0
39 0
104 0
52 0
94 1
43 0
23 1
31 0
65 0
102 1
locus NW_006804233.1:30696
29 18
14 20
77 30
19 13
30 14
71 18
15 9
41 19
20 9
10 3
3 4
10 10
25 7
locus NW_006804233.1:190840
14 0
11 0
10 0
4 0
9 0
18 0
5 1
12 0
14 0
5 0
3 1
10 0
11 0
locus NW_006804235.1:1500847
12 0
8 0
15 0
12 0
15 0
19 0
6 0
17 0
16 0
4 0
4 0
8 0
6 0
locus NW_006804235.1:1966957
14 0
15 0
22 0
6 0
16 0
25 0
9 1
19 0
14 0
4 0
4 0
10 0
17 2
locus NW_006804237.1:792128
8 0
14 0
7 0
6 0
11 0
16 0
7 0
17 0
8 0
4 0
4 0
12 0
15 0
locus NW_006804238.1:1782003
5 0
8 0
14 0
8 0
6 0
14 0
6 0
11 0
12 0
7 0
4 0
7 0
7 0
locus NW_006804239.1:863815
4 0
16 0
15 0
4 0
4 0
14 0
8 0
17 0
9 0
7 0
6 0
17 0
8 0
locus NW_006804240.1:407807
10 0
20 1
24 0
9 0
13 0
25 0
11 0
5 0
13 0
6 0
4 0
7 0
13 0
locus NW_006804241.1:721314
11 0
8 0
11 0
14 0
9 0
32 0
4 0
11 0
6 0
6 0
8 0
9 0
11 0
locus NW_006804241.1:1804686
6 0
11 0
21 0
6 0
8 0
27 0
8 0
11 0
8 0
6 0
5 0
22 0
7 0
locus NW_006804241.1:2495490
17 0
19 0
15 0
6 0
15 0
18 0
13 0
11 0
5 0
4 0
4 0
8 0
7 0
locus NW_006804244.1:88803
13 0
24 0
15 0
7 0
6 0
35 0
9 0
8 0
8 0
6 0
6 0
8 0
8 0
locus NW_006804244.1:271823
13 0
23 0
20 0
10 0
7 0
26 0
7 0
20 0
5 0
4 0
7 0
15 0
6 0
locus NW_006804245.1:1359559
17 0
17 0
16 0
8 0
5 0
33 0
8 0
8 0
11 0
6 0
6 0
9 1
11 0
locus NW_006804248.1:1785518
17 0
15 0
15 0
6 0
15 0
18 0
7 0
16 1
12 0
7 1
4 0
10 0
5 0
locus NW_006804249.1:2049454
8 0
7 0
15 0
14 0
6 0
14 0
7 7
11 0
15 0
6 0
4 0
14 0
12 0
locus NW_006804250.1:1123581
6 0
11 0
14 0
6 0
5 0
11 0
9 0
20 0
10 0
6 0
4 0
11 0
9 0
locus NW_006804251.1:917882
11 0
8 0
14 1
4 0
5 0
17 0
5 0
8 0
6 0
5 0
4 0
7 0
15 0
locus NW_006804251.1:2312858
8 0
13 0
15 0
7 0
9 0
30 0
6 0
8 0
17 0
5 0
5 0
10 0
7 0
locus NW_006804253.1:2269222
11 6
14 13
16 5
8 2
9 5
19 5
5 1
13 5
6 2
3 1
9 3
11 4
4 2
locus NW_006804254.1:1877138
12 0
20 0
15 0
5 0
11 0
15 0
4 0
13 0
14 0
5 0
6 0
5 0
8 0
locus NW_006804255.1:1714550
9 0
19 0
15 0
4 0
8 0
14 0
10 0
19 0
13 0
6 0
9 0
5 0
7 0
locus NW_006804257.1:377831
8 0
14 0
18 0
5 0
6 0
18 0
10 0
8 0
8 0
6 0
4 0
12 0
7 0
locus NW_006804259.1:1723745
15 0
14 1
20 0
5 0
6 0
20 0
9 0
14 0
16 0
5 0
4 0
10 0
8 0
locus NW_006804262.1:312986
11 0
16 0
25 0
13 0
9 0
24 0
12 0
11 0
13 0
4 0
6 1
4 0
15 0
locus NW_006804263.1:1203043
3 8
6 7
16 9
5 3
7 10
14 9
5 4
15 3
9 8
1 9
4 1
7 5
10 13
locus NW_006804265.1:2748856
0 9
19 0
0 8
0 5
0 13
0 23
0 6
0 10
17 0
0 8
0 6
11 0
0 12
locus NW_006804268.1:769598
8 0
22 0
15 0
7 0
10 0
18 0
4 0
14 0
11 0
9 0
7 0
11 0
10 0
locus NW_006804268.1:1023684
8 0
9 0
26 0
8 0
6 0
11 0
8 0
17 0
17 0
4 0
5 0
17 0
15 0
locus NW_006804271.1:1295961
14 0
21 0
23 0
7 0
9 0
16 0
14 0
19 0
4 0
8 0
7 0
13 0
13 0
locus NW_006804275.1:994840
18 0
15 0
14 0
5 0
6 0
25 0
4 0
11 0
7 0
4 0
6 0
5 0
7 0
locus NW_006804279.1:1579768
19 5
18 9
18 21
9 6
5 10
22 23
10 6
14 7
6 12
4 7
3 3
17 10
7 11
locus NW_006804281.1:414859
5 0
16 0
16 0
4 0
5 0
26 0
11 0
16 0
10 0
8 0
5 0
9 0
9 0
locus NW_006804283.1:464667
4 0
22 0
26 0
5 0
10 0
25 0
12 0
12 0
16 0
8 0
4 0
9 0
8 0
locus NW_006804286.1:2298792
23 0
0 12
10 0
10 0
10 0
19 0
7 0
17 0
0 6
5 0
10 0
6 1
8 0
locus NW_006804287.1:1540834
12 0
17 0
22 0
5 0
6 0
19 0
17 0
13 0
13 0
7 0
7 0
5 0
7 0
locus NW_006804290.1:729042
12 0
15 0
21 0
6 0
17 0
27 0
5 0
17 0
20 0
1 3
5 0
19 0
0 6
locus NW_006804290.1:940133
8 0
16 0
18 0
7 0
5 0
18 0
8 0
14 0
5 6
4 0
4 0
7 0
13 0
locus NW_006804294.1:720469
0 4
15 0
0 13
0 9
0 12
0 23
0 7
0 12
16 0
0 6
0 6
13 0
0 25
locus NW_006804296.1:422511
27 3
52 3
59 9
19 0
33 1
69 2
11 3
21 2
32 2
4 0
8 0
25 2
24 1
locus NW_006804297.1:839323
5 0
20 0
19 0
8 0
9 0
14 0
5 0
9 0
0 14
11 0
4 0
7 0
9 0
locus NW_006804302.1:1289272
21 0
18 0
22 0
7 0
10 0
19 0
10 0
10 0
0 15
4 0
10 0
4 0
8 0
locus NW_006804303.1:186415
4 0
11 0
18 0
5 0
6 0
15 0
10 0
7 0
11 0
6 0
7 0
7 0
10 0
locus NW_006804303.1:452978
12 0
9 0
13 0
10 0
7 0
18 0
12 0
17 1
15 0
8 0
7 0
10 0
6 0
locus NW_006804303.1:551013
6 0
10 0
11 0
6 0
5 0
26 0
9 0
13 0
10 0
3 1
10 0
17 1
11 1
locus NW_006804305.1:1165115
8 1
20 0
21 0
4 0
16 0
22 0
10 0
15 0
11 0
6 0
6 0
7 0
10 0
locus NW_006804305.1:1927768
8 0
10 0
20 0
5 0
9 0
22 0
11 0
10 0
17 0
4 0
5 0
8 0
8 0
locus NW_006804307.1:2100526
10 0
22 0
24 0
4 0
9 0
27 0
13 0
15 0
0 13
4 0
5 0
15 0
17 0
locus NW_006804307.1:2247766
10 0
13 0
20 0
4 0
10 0
21 0
8 0
15 0
7 0
8 0
4 0
9 0
12 0
locus NW_006804309.1:1476705
13 0
12 0
18 0
8 0
8 0
17 0
8 0
10 0
22 0
4 0
6 0
9 0
18 0
locus NW_006804310.1:1934820
6 0
22 0
15 0
4 0
9 0
35 0
8 0
13 0
8 0
5 0
5 0
8 0
12 0
locus NW_006804314.1:561276
6 0
11 0
20 0
11 0
12 0
10 0
8 0
11 0
10 0
4 0
5 0
13 0
10 0
locus NW_006804316.1:2267158
9 0
14 1
9 5
3 1
0 7
1 19
0 8
0 10
16 0
0 5
0 5
16 0
0 9
locus NW_006804321.1:1315707
5 0
27 0
21 0
11 0
13 0
16 0
11 0
16 0
4 0
4 0
4 0
8 0
12 0
locus NW_006804326.1:974752
8 0
21 0
19 0
4 0
8 0
21 0
7 0
12 0
10 0
1 4
5 0
13 0
9 0
locus NW_006804327.1:1565350
2 14
5 17
3 20
1 7
1 7
1 22
4 9
1 20
2 9
0 4
0 5
0 9
7 7
locus NW_006804328.1:1807831
4 0
8 0
13 0
6 0
10 0
28 0
10 0
4 0
8 0
4 0
5 0
8 0
6 0
locus NW_006804328.1:2167267
0 13
20 0
0 15
0 5
0 6
1 17
0 13
0 12
12 0
0 5
0 4
9 0
0 12
locus NW_006804329.1:710500
10 0
16 1
11 0
7 0
7 0
17 0
10 0
9 0
16 0
5 1
5 0
9 0
9 0
locus NW_006804331.1:123056
7 0
15 1
15 0
4 0
7 0
17 0
4 0
22 0
12 0
5 0
4 0
5 0
14 0
locus NW_006804331.1:1040843
11 0
9 0
9 0
5 0
9 0
13 0
8 0
11 0
13 0
5 0
5 0
4 0
10 0
locus NW_006804332.1:5111
7 1
10 5
27 0
5 8
12 0
21 11
11 2
22 2
3 1
0 4
4 0
7 8
4 3
locus NW_006804335.1:55345
13 0
23 0
20 0
14 0
16 0
22 0
8 0
24 0
22 0
4 0
6 0
18 0
13 1
locus NW_006804335.1:1553452
17 0
9 0
9 0
9 0
15 0
18 0
10 1
10 0
6 0
4 0
4 0
9 1
11 0
locus NW_006804338.1:1224143
6 0
10 0
7 0
7 0
11 0
11 0
5 0
9 0
10 0
4 0
6 0
4 0
6 0
locus NW_006804339.1:684999
9 0
14 0
13 0
7 0
5 0
24 0
12 0
15 0
15 0
6 0
5 0
16 0
10 1
locus NW_006804339.1:1266839
11 7
16 7
15 7
7 5
13 6
8 17
7 2
10 14
14 15
1 4
0 6
3 3
4 13
locus NW_006804341.1:692672
20 0
13 0
19 0
9 0
11 0
12 0
4 0
11 0
10 0
4 0
6 1
8 0
5 0
locus NW_006804343.1:1842013
6 0
18 0
13 0
7 0
17 0
31 0
7 1
15 0
11 0
4 0
5 0
15 0
12 0
locus NW_006804351.1:1619640
19 9
5 25
21 17
15 3
7 7
15 11
5 1
9 10
10 13
6 1
9 4
10 8
21 9
locus NW_006804351.1:1635448
41 0
66 0
77 0
39 0
33 0
117 0
23 0
22 0
42 0
10 0
10 0
30 0
41 0
locus NW_006804351.1:1635725
17 0
31 4
32 2
16 3
18 0
53 3
9 1
8 0
16 4
4 0
2 2
12 1
18 0
locus NW_006804351.1:1638543
33 0
27 0
38 0
14 0
29 0
51 0
14 0
18 0
16 0
9 0
6 0
4 0
15 0
locus NW_006804351.1:1650648
13 18
19 47
21 23
3 4
14 17
17 38
5 11
9 10
13 33
2 15
1 3
15 23
8 25
locus NW_006804351.1:1661452
4 57
12 54
8 65
1 17
6 52
12 82
2 9
6 32
6 36
0 11
0 16
6 19
4 45
locus NW_006804353.1:1827232
0 6
12 0
0 17
0 5
0 6
0 25
0 9
0 11
0 12
0 4
0 4
11 0
0 10
locus NW_006804356.1:447
20 7
25 19
7 21
8 13
14 3
30 14
17 12
13 13
20 6
8 1
3 2
14 9
8 6
locus NW_006804357.1:1705491
17 0
19 0
9 0
7 0
8 0
27 0
10 0
9 1
11 0
5 0
5 0
13 0
10 0
locus NW_006804357.1:1972075
34 0
14 0
26 0
14 0
22 0
33 0
4 0
36 0
13 0
8 0
8 0
16 0
23 0
locus NW_006804357.1:2026423
9 16
22 0
18 17
6 4
4 7
13 22
7 9
4 16
0 14
6 0
4 0
0 18
6 0
locus NW_006804359.1:47255
7 5
17 2
13 7
3 2
8 1
13 9
4 2
8 2
7 2
6 0
3 3
11 2
4 0
locus NW_006804359.1:1852469
6 0
17 0
16 0
8 0
6 0
16 0
4 0
16 0
16 0
6 0
4 0
15 0
16 0
locus NW_006804368.1:52914
9 5
10 0
21 0
8 0
8 0
25 0
8 0
9 0
12 0
5 0
5 0
8 0
20 0
locus NW_006804368.1:1651424
25 28
23 44
38 35
15 19
12 33
42 75
24 26
33 63
21 48
7 14
4 15
13 35
25 58
locus NW_006804369.1:877710
4 0
18 0
14 0
3 1
12 0
16 0
7 0
12 0
6 0
5 0
6 0
7 0
5 0
locus NW_006804369.1:1120505
6 0
15 0
5 0
5 0
6 0
13 0
11 0
22 0
15 0
4 0
6 0
10 0
10 0
locus NW_006804370.1:1781097
0 11
19 0
9 7
4 2
0 7
27 0
2 3
7 0
0 11
0 7
8 0
13 0
0 14
locus NW_006804375.1:1836934
5 0
9 0
29 0
7 0
4 0
16 0
9 0
8 0
12 0
4 0
6 0
11 0
21 0
locus NW_006804379.1:1518931
18 0
30 0
25 0
11 1
9 0
36 0
13 0
19 1
6 7
5 0
7 0
9 0
16 0
locus NW_006804381.1:1611597
11 0
15 1
14 0
5 0
4 0
24 0
10 0
6 0
22 0
4 0
9 0
16 0
8 0
locus NW_006804381.1:1716433
19 0
20 0
28 0
7 0
15 0
19 0
11 0
14 0
9 0
4 0
6 0
9 0
8 0
locus NW_006804382.1:266034
12 0
17 0
25 0
6 0
13 0
32 0
12 0
13 0
13 1
4 0
5 0
5 0
8 0
locus NW_006804387.1:760287
6 0
11 0
7 0
5 0
12 0
15 0
10 0
9 0
0 10
4 0
4 0
11 0
11 0
locus NW_006804388.1:1189930
14 0
15 0
10 0
6 0
10 0
18 0
5 0
14 0
11 0
9 0
4 0
11 0
10 1
locus NW_006804389.1:1180642
5 0
26 0
14 0
14 0
10 0
23 0
5 0
16 0
9 0
4 0
7 0
13 0
12 0
locus NW_006804391.1:217956
11 0
11 0
21 0
9 0
4 0
21 0
6 0
15 0
6 0
15 0
6 0
6 0
11 0
locus NW_006804394.1:528195
11 0
12 0
17 0
6 0
4 0
30 0
13 0
9 0
12 0
5 0
5 0
15 0
15 0
locus NW_006804413.1:1833187
7 0
14 0
21 0
5 0
5 0
30 0
10 0
10 0
4 0
5 0
8 0
18 0
10 0
locus NW_006804420.1:1513060
7 0
17 0
23 0
7 0
10 0
16 0
4 0
15 0
9 0
5 0
5 0
14 0
11 0
locus NW_006804421.1:1353789
19 0
25 0
29 0
16 0
24 0
40 0
11 0
29 0
21 0
4 1
7 0
21 0
22 0
locus NW_006804429.1:1334504
12 0
29 0
20 0
10 0
13 0
16 0
10 0
18 0
13 0
5 0
6 0
7 0
10 0
locus NW_006804430.1:487136
8 0
20 0
25 0
5 0
6 0
20 0
11 0
11 0
10 0
5 0
6 0
16 0
8 0
locus NW_006804433.1:48374
18 0
23 1
31 0
15 0
15 0
44 0
12 0
14 0
27 0
4 0
11 0
16 0
9 0
locus NW_006804434.1:1692333
3 18
12 9
18 17
5 10
13 20
29 36
6 8
21 19
11 7
1 5
4 4
9 9
9 7
locus NW_006804434.1:1707331
31 13
58 19
60 30
26 19
51 10
127 58
35 14
104 25
93 50
30 4
15 3
68 35
36 11
locus NW_006804434.1:1707655
36 9
94 31
52 20
29 10
34 19
79 46
32 11
79 24
69 23
24 6
12 6
74 19
47 18
locus NW_006804435.1:1392778
11 0
14 0
13 0
4 0
18 0
17 0
9 0
15 0
14 0
7 0
7 0
8 0
14 0
locus NW_006804435.1:1623632
26 17
67 23
41 33
8 16
12 14
66 43
21 28
25 40
38 90
2 7
9 7
36 4
18 30
locus NW_006804437.1:1048373
13 0
19 0
30 0
6 0
13 0
25 0
13 0
10 0
7 0
4 2
8 0
14 0
11 0
locus NW_006804441.1:542158
18 0
25 0
15 0
4 0
8 0
31 0
15 0
17 0
11 0
4 1
4 0
10 0
6 0
locus NW_006804446.1:664345
0 6
15 1
0 18
0 4
0 5
0 31
1 6
0 12
13 0
4 0
0 4
13 0
12 0
locus NW_006804451.1:1104081
15 4
36 0
14 10
9 2
11 2
29 10
10 3
16 0
23 0
3 2
4 3
4 5
8 6
locus NW_006804455.1:378663
7 0
15 0
13 0
7 0
6 0
16 0
12 0
15 0
9 0
3 1
4 0
9 0
6 0
locus NW_006804455.1:1088691
6 0
7 0
14 0
6 0
17 0
19 0
5 0
14 0
9 0
5 0
4 0
4 0
4 0
locus NW_006804456.1:1284841
20 15
12 4
5 13
4 0
13 11
0 26
12 9
0 19
0 11
0 4
7 0
0 8
0 13
locus NW_006804456.1:1332320
7 0
15 3
11 0
9 0
2 5
0 15
7 0
15 0
0 7
8 0
8 0
0 18
10 0
locus NW_006804464.1:1229740
12 0
15 0
10 0
4 0
11 0
26 0
8 0
11 0
0 9
4 0
10 0
8 0
12 0
locus NW_006804470.1:38870
13 0
9 0
14 0
5 0
6 0
19 0
10 0
15 0
4 0
5 0
8 0
17 0
6 0
locus NW_006804474.1:2284
28 40
52 90
12 60
8 16
1 46
6 43
1 29
3 41
5 8
1 11
1 4
1 15
2 19
locus NW_006804474.1:1180091
7 0
9 0
17 0
10 0
7 0
23 0
6 0
15 0
11 0
3 1
4 0
11 0
12 0
locus NW_006804475.1:961087
11 0
20 0
12 0
7 0
7 0
28 0
7 0
11 0
11 0
6 0
7 0
8 0
12 0
locus NW_006804481.1:1397933
11 0
10 0
12 0
6 0
8 0
28 0
8 0
10 0
14 0
5 0
5 0
13 0
9 0
locus NW_006804484.1:638207
5 0
25 0
20 0
10 0
9 0
16 0
9 0
16 0
0 18
4 0
7 0
5 0
12 0
locus NW_006804500.1:1339341
5 0
25 0
12 0
5 0
6 0
16 0
8 0
9 0
9 0
4 0
5 0
10 0
6 0
locus NW_006804501.1:590683
12 0
14 0
22 0
5 0
7 0
9 0
11 0
13 0
13 0
10 0
6 0
5 0
6 0
locus NW_006804503.1:1445141
12 0
18 0
10 0
5 0
13 0
13 0
7 0
10 0
16 0
6 0
5 0
4 0
11 0
locus NW_006804510.1:182385
0 7
16 0
7 3
0 16
0 6
10 9
0 12
0 12
0 4
0 6
0 4
5 0
0 14
locus NW_006804519.1:1128549
10 0
15 0
13 0
6 0
10 0
24 0
6 0
14 0
21 0
5 0
4 0
14 0
11 0
locus NW_006804520.1:841312
9 0
9 1
24 0
6 0
6 0
9 0
4 0
7 0
8 0
4 0
2 2
14 0
11 0
locus NW_006804520.1:1503472
8 0
16 0
14 0
8 0
8 0
18 0
14 0
12 0
20 0
5 0
6 0
6 0
12 0
locus NW_006804521.1:2140
6 0
22 2
9 2
4 1
6 6
13 17
8 0
5 12
14 2
1 3
4 1
3 6
6 11
locus NW_006804521.1:210623
8 17
15 23
15 34
6 13
9 19
29 38
4 17
18 21
6 35
2 4
3 10
10 32
4 44
locus NW_006804521.1:860603
15 0
16 0
16 0
7 0
9 0
28 0
8 0
11 0
11 1
6 0
5 0
4 0
5 0
locus NW_006804522.1:131928
9 0
13 0
23 0
6 0
11 0
24 0
11 0
21 0
17 0
4 0
8 0
14 0
10 0
locus NW_006804526.1:1112579
16 0
25 0
21 0
7 0
10 0
27 0
11 0
10 0
12 0
6 0
3 1
5 0
13 0
locus NW_006804535.1:797633
12 0
20 0
11 1
10 0
11 0
16 0
7 0
15 0
7 0
4 2
5 1
16 0
6 0
locus NW_006804538.1:467390
9 0
16 0
15 0
8 0
13 1
20 0
19 0
11 0
13 0
5 0
6 0
10 0
7 0
locus NW_006804541.1:590813
7 1
22 0
12 0
13 0
16 0
19 0
6 0
15 0
11 0
8 0
5 0
7 0
13 0
locus NW_006804548.1:112351
10 13
26 0
18 25
12 4
17 5
24 29
8 3
24 4
38 0
14 0
5 0
13 0
15 0
locus NW_006804548.1:1017417
3 2
12 0
0 7
3 5
0 7
9 6
0 4
6 3
23 0
0 4
8 0
15 0
0 13
locus NW_006804551.1:714184
8 0
23 0
24 0
8 0
10 0
11 0
6 0
14 0
8 2
7 0
4 0
11 0
4 1
locus NW_006804551.1:1238113
10 0
8 0
19 0
9 0
3 4
17 0
6 2
6 0
9 0
4 0
4 0
10 0
10 0
locus NW_006804553.1:444181
5 3
4 0
21 0
5 0
9 0
20 0
2 6
5 4
15 0
7 0
4 0
5 0
7 0
locus NW_006804555.1:213861
11 0
10 0
14 0
6 0
10 0
24 0
4 0
18 0
11 0
6 0
4 0
15 0
14 0
locus NW_006804556.1:401441
16 0
16 0
12 0
8 0
8 0
26 0
12 0
20 0
11 0
4 0
5 0
15 0
10 0
locus NW_006804557.1:640085
9 0
20 0
15 0
10 0
6 0
12 0
5 0
13 0
20 0
4 0
4 0
10 0
9 0
locus NW_006804559.1:1302719
18 0
10 0
51 0
6 0
32 0
59 0
49 0
11 0
19 0
12 0
19 0
35 0
42 0
locus NW_006804560.1:12665
5 0
16 0
16 0
8 0
9 0
23 0
4 0
11 0
10 0
4 0
5 0
21 0
16 0
locus NW_006804561.1:1123484
44 3
39 0
44 17
27 14
19 3
45 7
35 2
34 6
45 0
4 0
12 5
16 0
17 7
locus NW_006804561.1:1236630
8 0
18 0
30 0
6 0
19 0
11 0
6 0
17 0
19 0
11 0
5 0
11 0
13 0
locus NW_006804572.1:872862
10 0
15 0
20 0
5 0
7 0
15 0
5 0
17 0
16 0
8 0
5 0
11 0
5 0
locus NW_006804574.1:574480
19 0
8 0
13 0
9 0
7 0
19 0
8 0
10 0
17 0
4 0
0 4
4 0
11 0
locus NW_006804576.1:100422
17 0
24 0
8 0
4 0
8 0
26 0
6 0
15 0
11 0
8 0
5 0
8 0
6 0
locus NW_006804581.1:1163293
7 0
24 0
18 0
6 0
9 0
24 0
13 0
9 0
12 0
4 0
4 0
14 0
12 0
locus NW_006804581.1:1198552
12 0
18 0
24 0
4 0
13 0
30 0
9 0
17 0
14 0
6 0
3 4
12 0
17 0
locus NW_006804584.1:500447
10 0
19 1
11 0
7 0
11 0
20 0
13 0
14 0
19 0
7 0
8 0
8 0
12 0
locus NW_006804587.1:1075383
13 0
6 0
13 0
6 0
4 0
7 0
9 0
6 6
12 0
6 0
9 0
7 0
12 0
locus NW_006804587.1:1156240
14 0
15 0
18 0
10 0
7 0
20 0
10 1
10 0
14 0
4 0
4 0
17 0
11 0
locus NW_006804589.1:863968
13 0
7 0
17 0
6 0
5 0
37 0
6 0
10 0
6 0
7 0
4 0
11 0
16 0
locus NW_006804590.1:1061589
18 0
12 0
13 0
13 0
16 0
27 0
7 1
14 0
10 0
7 0
6 1
12 0
4 0
locus NW_006804591.1:643375
6 0
14 0
13 0
5 0
7 0
26 0
5 0
9 0
9 5
4 0
4 0
9 0
9 0
locus NW_006804592.1:522
32 4
41 6
58 17
16 5
44 5
94 28
43 11
72 25
36 3
10 2
14 5
51 3
47 3
locus NW_006804592.1:1196
2 14
1 19
2 31
0 7
3 18
5 29
1 20
4 60
2 14
1 9
0 8
3 11
3 29
locus NW_006804592.1:21602
35 1
18 4
52 1
21 0
63 5
31 0
39 1
49 0
9 0
12 0
16 0
9 1
21 0
locus NW_006804592.1:29338
1 30
1 47
5 65
0 33
10 32
6 65
1 22
8 54
0 45
0 19
3 14
1 32
2 63
locus NW_006804592.1:32526
15 2
13 1
24 0
10 0
23 0
12 0
9 0
21 0
5 0
4 0
6 0
4 0
19 0
locus NW_006804592.1:32938
21 10
8 15
34 19
15 4
29 6
15 2
4 0
22 0
6 5
14 2
6 0
8 3
37 2
locus NW_006804592.1:41894
39 2
43 8
56 2
15 3
37 3
56 2
26 2
60 5
34 5
12 0
25 2
21 4
68 7
locus NW_006804592.1:42240
3 81
16 61
3 83
2 26
7 59
16 69
10 33
13 74
11 44
2 21
1 33
8 34
22 84
locus NW_006804594.1:638941
11 0
16 0
13 0
10 0
7 0
22 0
11 0
12 0
17 0
5 0
4 0
24 0
9 0
locus NW_006804597.1:880595
17 0
21 0
9 1
5 0
5 0
8 0
4 0
8 0
12 0
4 0
4 0
7 0
13 0
locus NW_006804600.1:371655
14 0
20 0
13 0
5 3
9 0
9 13
3 5
0 14
7 0
6 0
5 0
9 0
9 0
locus NW_006804604.1:72725
7 0
21 0
10 0
4 0
11 0
18 0
9 0
22 0
14 0
7 0
4 0
6 0
11 0
locus NW_006804611.1:241020
10 0
8 0
11 0
4 0
11 0
11 0
9 0
7 0
15 0
7 0
6 0
13 0
11 0
locus NW_006804612.1:711614
13 1
12 0
14 0
4 0
9 0
32 0
9 0
13 0
21 0
11 0
5 0
5 0
12 0
locus NW_006804614.1:1089526
12 0
11 0
21 0
5 0
5 0
29 0
6 0
6 0
10 0
7 0
4 0
11 0
8 0
locus NW_006804615.1:951836
6 2
18 0
22 0
5 0
10 0
8 0
11 0
11 0
12 0
5 0
5 0
8 0
10 2
locus NW_006804617.1:864573
4 0
9 0
18 0
14 0
14 0
25 0
5 0
14 0
13 0
5 0
7 0
11 0
6 0
locus NW_006804620.1:550
63 0
117 59
184 0
60 0
30 7
137 0
73 7
112 0
120 15
56 0
43 0
41 15
168 0
locus NW_006804620.1:986
38 0
85 0
80 0
23 0
31 0
55 0
39 0
44 0
74 3
21 0
19 0
44 0
113 0
locus NW_006804620.1:62059
10 0
15 0
20 0
12 0
15 0
16 0
10 0
14 0
10 0
6 0
8 0
13 0
8 0
locus NW_006804625.1:1003429
13 0
20 1
15 1
10 0
10 0
22 0
7 0
18 0
7 0
5 0
6 0
8 0
11 0
locus NW_006804629.1:760122
5 0
15 0
16 0
3 2
8 0
13 0
16 0
0 11
9 0
4 0
4 0
10 0
8 0
locus NW_006804633.1:221394
10 13
11 12
7 11
5 3
4 6
15 21
6 4
7 8
12 9
5 2
7 5
8 11
6 7
locus NW_006804635.1:1194487
6 0
7 8
6 0
8 2
7 2
13 10
5 1
10 6
13 9
6 4
6 0
5 6
10 3
locus NW_006804637.1:170945
6 8
12 3
14 12
4 10
8 10
14 10
5 4
7 9
6 4
2 4
1 5
11 11
11 6
locus NW_006804637.1:833673
8 0
22 0
29 0
22 0
11 0
40 0
15 0
22 0
5 0
7 3
4 0
21 0
7 8
locus NW_006804650.1:169
13 0
24 0
23 0
10 0
14 0
23 0
10 0
15 0
15 0
6 0
7 0
17 0
14 0
locus NW_006804650.1:501571
30 0
31 0
40 0
23 0
20 0
32 0
17 0
29 0
20 0
9 0
13 0
18 0
20 0
locus NW_006804654.1:19712
18 0
17 0
30 0
12 0
18 0
29 0
8 0
18 0
33 0
7 0
5 0
16 0
21 0
locus NW_006804654.1:250393
8 0
0 10
0 16
6 0
8 0
30 0
10 0
14 0
5 0
4 0
4 0
12 0
5 0
locus NW_006804655.1:792676
7 0
14 0
5 0
13 0
9 0
27 0
4 0
15 0
8 0
4 0
5 1
6 0
16 0
locus NW_006804659.1:817473
9 0
8 0
12 0
9 0
5 0
20 0
6 0
12 0
8 0
5 0
5 0
13 0
8 0
locus NW_006804663.1:141077
8 0
8 0
14 0
9 0
7 0
36 0
15 0
14 0
7 0
5 0
7 0
11 0
6 0
locus NW_006804667.1:990692
15 0
25 0
9 0
3 4
6 9
23 0
14 0
10 1
7 0
4 0
4 0
12 0
6 0
locus NW_006804669.1:523409
8 0
13 0
12 0
11 0
8 0
17 0
5 0
14 0
14 0
4 0
5 0
7 0
7 0
locus NW_006804670.1:89601
11 0
19 0
13 0
4 0
9 0
16 0
11 0
7 0
4 0
4 0
5 0
12 0
11 0
locus NW_006804683.1:681511
10 0
15 0
15 0
6 0
7 0
24 0
11 0
7 0
9 0
7 0
5 0
7 0
7 1
locus NW_006804686.1:647645
7 0
10 0
20 0
5 0
4 0
14 0
6 0
7 0
9 0
3 1
6 0
6 0
14 0
locus NW_006804688.1:410733
5 0
21 0
7 0
8 0
5 0
20 0
5 0
7 0
20 0
4 0
5 0
9 0
20 0
locus NW_006804693.1:597179
14 0
27 0
12 0
12 0
8 0
23 0
12 0
10 0
18 0
5 0
4 0
9 0
21 0
locus NW_006804699.1:936429
19 3
23 6
9 4
7 3
3 3
15 5
10 7
12 6
16 0
6 1
8 1
10 2
17 7
locus NW_006804703.1:627691
21 0
11 0
10 0
7 0
7 0
26 0
6 0
6 0
8 0
6 1
4 0
17 0
16 0
locus NW_006804707.1:164628
12 0
10 0
7 0
5 0
5 0
17 0
4 0
11 0
10 0
6 0
5 0
12 0
10 0
locus NW_006804707.1:303579
11 0
22 0
28 0
4 0
4 0
15 0
7 0
13 0
12 0
6 0
1 6
13 0
5 0
locus NW_006804707.1:396597
0 28
12 3
0 13
0 11
0 6
0 11
0 4
1 17
18 0
0 4
0 4
10 0
0 18
locus NW_006804711.1:905952
13 0
67 0
65 0
15 0
22 0
44 0
18 0
36 0
46 0
18 0
19 0
65 0
74 0
locus NW_006804715.1:361170
0 19
0 14
0 14
0 7
0 7
0 20
0 8
0 12
0 6
0 5
0 5
0 6
0 14
locus NW_006804722.1:489511
9 0
14 0
18 0
8 0
4 0
29 0
15 0
13 0
9 0
4 0
5 0
12 0
9 0
locus NW_006804725.1:464700
4 0
12 0
18 0
5 0
13 0
18 0
8 0
14 0
11 1
4 0
4 0
6 0
9 0
locus NW_006804735.1:73414
12 0
28 0
18 0
7 0
13 0
22 0
12 0
23 0
18 0
4 0
4 0
16 0
14 0
locus NW_006804743.1:904772
15 3
8 1
28 0
17 0
7 0
42 0
11 0
26 0
12 0
6 0
10 1
6 0
27 1
locus NW_006804745.1:10852
13 8
15 9
25 5
16 3
13 13
41 22
9 8
24 10
7 6
7 3
3 2
13 16
8 1
locus NW_006804747.1:853458
15 0
8 0
21 0
9 0
10 0
18 0
9 0
4 0
8 0
7 0
6 0
7 0
0 6
locus NW_006804748.1:669869
10 0
5 0
16 0
9 0
7 0
32 0
5 0
16 0
11 0
9 1
4 0
15 0
7 0
locus NW_006804753.1:216228
19 0
25 0
34 0
8 0
9 0
29 0
12 0
10 0
6 0
6 0
6 0
5 0
12 0
locus NW_006804759.1:373201
4 0
21 0
10 0
4 0
8 0
18 0
6 0
9 0
18 0
4 0
6 0
11 0
10 0
locus NW_006804764.1:805047
7 0
9 0
11 0
5 0
7 0
16 0
9 0
9 0
21 0
3 1
6 1
7 0
15 0
locus NW_006804765.1:448435
10 1
12 0
17 0
8 0
7 0
10 0
6 0
6 0
14 0
5 0
5 0
15 0
12 0
locus NW_006804772.1:311494
8 0
28 0
32 0
4 0
19 0
17 0
6 0
15 0
12 0
5 0
5 0
9 0
11 0
locus NW_006804779.1:306684
11 0
10 3
5 7
2 2
0 7
14 6
0 14
8 0
12 0
4 0
0 4
0 15
16 1
locus NW_006804790.1:780695
10 0
14 1
23 1
5 0
11 0
10 0
10 0
14 0
14 0
7 0
4 0
9 0
10 0
locus NW_006804791.1:814485
4 4
11 26
4 22
2 14
4 12
4 25
13 6
8 12
20 14
3 3
0 5
8 14
6 8
locus NW_006804797.1:490587
6 0
12 0
19 0
7 0
6 0
18 0
9 0
7 0
5 0
2 2
6 0
12 0
14 0
locus NW_006804811.1:428137
13 0
13 0
9 0
6 0
14 0
16 0
4 0
14 0
13 0
6 0
7 0
16 0
12 0
locus NW_006804825.1:404465
15 0
18 0
19 0
5 0
12 0
27 0
9 0
8 0
5 4
7 0
6 0
8 0
11 0
locus NW_006804844.1:446243
5 0
23 0
21 0
9 0
12 0
31 0
6 0
10 0
12 0
4 1
4 0
12 0
13 0
locus NW_006804847.1:426850
6 0
13 0
15 0
8 0
4 0
19 0
8 0
19 0
6 0
6 0
5 0
9 0
10 0
locus NW_006804854.1:143986
6 0
20 1
18 1
5 0
9 0
20 0
6 0
22 0
6 0
4 1
1 3
17 0
8 0
locus NW_006804855.1:684285
13 0
5 8
31 0
6 0
5 0
15 0
7 0
27 0
13 9
4 0
5 0
5 5
32 0
locus NW_006804861.1:512400
11 0
8 0
16 0
4 0
18 0
29 0
6 0
10 0
14 0
5 0
5 0
7 0
13 0
locus NW_006804862.1:173361
6 2
14 0
22 0
7 0
3 5
0 15
9 0
17 0
12 0
7 0
6 0
9 0
11 0
locus NW_006804863.1:94990
6 0
26 0
23 0
6 0
18 0
27 0
16 0
20 0
17 0
4 0
5 0
11 0
18 0
locus NW_006804874.1:9101
17 10
29 10
35 8
14 7
13 9
34 11
10 5
15 14
64 20
10 6
5 0
14 1
24 2
locus NW_006804874.1:84562
12 0
32 0
25 0
18 0
13 0
25 0
16 0
14 0
51 0
7 0
7 0
7 0
14 0
locus NW_006804878.1:439873
8 0
9 0
18 0
7 0
4 0
19 0
5 0
12 0
10 0
6 0
5 0
10 0
10 0
locus NW_006804879.1:61506
17 0
18 0
23 0
4 0
6 0
18 0
10 0
8 0
13 0
4 0
11 0
16 0
9 0
locus NW_006804886.1:620711
5 31
4 40
7 58
0 22
1 32
0 80
0 14
0 46
0 44
0 8
0 13
0 25
0 43
locus NW_006804886.1:630307
39 0
69 0
70 0
29 0
41 0
81 0
39 0
66 0
63 0
6 2
12 0
63 0
43 0
locus NW_006804886.1:654165
4 8
6 25
15 27
2 12
4 6
4 20
2 5
7 26
6 23
2 5
0 15
1 15
2 23
locus NW_006804892.1:438883
33 4
17 0
33 5
6 0
3 1
14 6
12 4
36 2
57 1
22 5
3 2
23 2
85 44
locus NW_006804893.1:588912
8 9
8 15
14 13
3 11
4 9
14 12
5 6
10 10
15 18
3 1
3 2
8 11
9 5
locus NW_006804898.1:530363
6 13
19 5
19 4
3 1
6 5
20 8
15 1
13 8
20 0
3 1
9 4
18 4
13 3
locus NW_006804901.1:448644
34 10
28 8
20 12
18 3
18 12
41 7
13 9
29 9
21 8
6 3
6 5
39 8
24 8
locus NW_006804904.1:18762
10 0
17 0
17 0
10 0
7 0
20 0
8 0
18 0
19 0
4 0
10 0
12 0
13 0
locus NW_006804904.1:25470
21 0
17 0
22 0
5 0
7 0
33 0
14 0
16 0
25 1
5 0
5 0
19 0
19 0
locus NW_006804916.1:40963
7 10
7 0
0 6
0 4
0 8
12 6
1 11
0 14
11 0
9 0
0 6
11 0
8 0
locus NW_006804924.1:546
19 11
45 44
36 29
15 16
18 10
50 37
20 6
52 51
48 32
8 10
10 6
28 26
19 19
locus NW_006804929.1:62269
8 0
17 1
29 0
12 0
9 0
16 0
8 0
13 0
13 0
5 0
4 0
17 0
12 0
locus NW_006804935.1:539566
6 8
10 0
24 0
0 6
3 1
9 8
0 10
6 0
17 0
4 0
1 4
17 0
7 0
locus NW_006804954.1:173294
0 18
14 0
4 9
0 4
0 6
0 16
0 8
0 12
10 0
0 5
0 7
13 0
0 12
locus NW_006804957.1:339457
0 12
8 0
9 0
6 3
0 12
0 22
0 5
4 3
9 0
0 5
0 4
15 0
4 10
locus NW_006804961.1:161833
27 11
44 10
57 9
14 6
21 3
79 16
51 10
62 15
31 0
16 0
10 1
27 7
41 11
locus NW_006804961.1:162097
22 8
30 4
20 17
13 4
17 6
51 6
38 11
36 12
14 0
13 2
6 1
22 5
29 11
locus NW_006804972.1:32764
26 0
33 0
29 0
12 0
15 0
56 0
12 0
13 0
31 0
18 0
12 0
18 0
29 0
locus NW_006804975.1:133258
0 11
12 0
18 0
0 9
4 3
0 18
5 7
3 6
8 0
8 0
0 7
9 0
8 0
locus NW_006804980.1:479072
4 5
23 0
9 0
8 0
8 0
32 0
4 0
17 2
12 0
4 0
5 0
12 0
12 0
locus NW_006804997.1:339359
16 0
23 0
13 0
7 0
10 0
14 0
6 0
5 0
9 0
4 0
5 0
9 0
15 0
locus NW_006805004.1:47331
10 12
21 4
17 2
7 5
7 6
7 7
6 7
11 15
16 8
3 3
1 8
9 1
10 11
locus NW_006805004.1:47597
4 15
9 10
5 7
1 5
0 10
1 8
0 9
2 15
2 9
3 6
0 7
2 8
5 8
locus NW_006805006.1:374000
11 0
27 0
25 0
7 0
11 0
23 0
9 0
13 0
20 0
6 0
4 0
10 0
5 0
locus NW_006805007.1:116400
4 0
11 0
18 0
7 0
10 0
23 0
7 0
21 0
8 0
4 0
5 0
7 0
9 0
locus NW_006805018.1:225010
2 3
11 18
12 9
6 6
6 8
19 19
7 5
12 14
9 9
3 5
5 4
5 6
9 3
locus NW_006805033.1:178138
7 0
17 0
37 0
4 0
11 0
19 0
7 0
5 0
5 0
4 0
4 0
14 0
6 0
locus NW_006805042.1:254167
1 32
0 90
6 93
4 62
3 49
6 143
5 77
15 128
12 95
2 55
2 28
6 112
6 160
locus NW_006805042.1:254543
3 25
7 22
7 51
5 48
2 21
4 49
4 18
9 38
4 32
5 19
1 13
9 37
4 96
locus NW_006805042.1:255690
2 48
4 46
2 66
0 19
3 23
5 66
0 32
2 44
0 34
0 11
0 10
2 30
0 44
locus NW_006805042.1:255963
48 25
91 6
97 29
40 8
39 14
87 46
61 20
70 23
50 15
23 5
15 13
56 6
71 23
locus NW_006805042.1:256333
26 15
9 30
28 30
23 11
12 11
44 33
20 11
33 17
16 19
5 7
17 4
8 30
28 17
locus NW_006805042.1:277522
8 28
11 29
21 56
7 19
15 22
20 111
7 45
13 59
13 31
6 16
6 17
11 35
3 45
locus NW_006805042.1:304217
30 0
37 0
46 0
25 0
30 0
96 0
17 0
41 0
33 0
14 0
8 0
24 0
33 0
locus NW_006805042.1:320903
41 27
46 9
83 31
46 18
48 15
100 47
15 3
76 26
57 8
14 5
13 4
30 5
86 41
locus NW_006805042.1:341661
4 16
2 22
9 45
4 21
8 29
14 52
0 14
4 32
5 17
5 9
1 5
2 12
11 25
locus NW_006805042.1:343934
2 25
2 44
3 53
0 17
1 18
5 66
0 33
2 48
3 31
1 17
2 9
4 39
7 56
locus NW_006805042.1:347562
45 0
49 0
63 0
29 0
44 0
76 0
23 0
51 0
43 0
15 0
9 0
40 0
65 0
locus NW_006805042.1:398499
39 24
57 33
140 58
35 20
38 23
90 45
34 16
71 28
80 20
35 6
14 13
63 24
90 30
locus NW_006805049.1:415181
15 33
12 62
6 30
4 15
5 29
14 59
4 11
13 59
18 27
6 7
0 5
9 23
2 31
locus NW_006805050.1:405938
8 0
11 0
20 0
4 0
19 0
21 0
4 0
15 0
8 0
7 0
4 0
11 0
10 0
locus NW_006805064.1:645
22 5
18 8
23 1
16 4
18 2
36 3
7 3
22 3
14 4
5 1
5 0
14 1
17 3
locus NW_006805078.1:517018
15 0
11 0
12 0
7 0
11 0
14 0
6 0
16 0
10 0
6 0
5 0
6 0
9 0
locus NW_006805085.1:911
18 0
34 0
42 0
17 0
17 0
36 0
17 0
25 0
22 0
10 0
15 0
15 0
29 0
locus NW_006805085.1:306651
1 17
6 57
7 29
1 17
3 16
17 34
2 10
15 34
10 32
5 11
0 4
3 16
14 18
locus NW_006805088.1:38381
9 0
21 0
34 0
6 0
19 0
35 0
14 0
20 0
13 0
8 0
7 0
13 0
12 0
locus NW_006805093.1:229716
10 0
11 1
22 0
6 0
7 0
24 0
9 0
16 0
14 0
4 0
8 0
15 0
11 0
locus NW_006805101.1:315715
10 0
21 0
18 0
5 0
5 0
21 0
11 0
19 0
13 0
4 0
5 0
10 0
8 0
locus NW_006805109.1:25937
13 7
16 33
29 28
2 11
5 16
20 32
7 19
13 27
17 12
1 6
1 6
6 32
6 15
locus NW_006805109.1:28588
10 10
7 25
12 24
4 12
5 27
27 23
11 22
9 25
5 16
3 10
3 11
8 21
4 29
locus NW_006805109.1:38347
15 3
36 11
27 13
11 4
23 2
33 9
14 1
20 0
29 6
12 0
8 3
19 2
26 5
locus NW_006805109.1:40440
37 1
50 0
53 0
26 0
45 0
47 0
31 0
47 0
40 0
20 0
14 0
37 0
26 0
locus NW_006805109.1:251601
10 0
30 0
32 0
10 0
6 0
80 0
32 0
19 0
26 0
4 0
8 0
20 0
17 0
locus NW_006805111.1:8615
51 53
66 32
57 112
30 7
26 69
74 125
13 30
41 103
35 24
8 11
30 34
58 40
35 26
locus NW_006805111.1:11765
36 16
34 2
77 34
16 7
40 16
111 34
27 3
91 21
29 2
12 2
25 10
47 3
39 13
locus NW_006805111.1:239435
2 37
9 87
3 106
7 45
3 58
0 175
5 27
3 117
12 46
1 21
2 52
8 78
5 67
locus NW_006805129.1:63639
0 8
8 0
0 11
0 8
0 5
0 13
1 8
0 5
8 0
0 4
0 5
6 0
0 8
locus NW_006805129.1:331991
9 58
10 51
6 48
2 25
2 22
2 28
3 14
5 45
7 16
1 20
1 27
3 31
8 64
locus NW_006805129.1:332596
36 0
22 0
33 0
27 0
24 0
59 0
27 0
56 0
16 0
11 0
17 0
27 0
43 0
locus NW_006805150.1:270427
15 0
12 0
23 0
11 0
9 0
27 0
7 3
14 0
26 0
5 0
12 0
10 0
17 0
locus NW_006805204.1:203224
13 0
14 0
11 0
9 0
12 0
23 0
7 0
10 0
9 0
4 1
5 0
10 0
5 0
locus NW_006805208.1:129091
11 0
7 0
14 0
8 0
8 0
23 0
8 0
6 0
17 0
4 0
5 0
6 0
14 0
locus NW_006805210.1:86424
8 1
31 0
18 0
8 0
6 0
17 0
15 0
14 0
22 0
6 0
6 0
14 0
12 0
locus NW_006805210.1:113714
4 0
21 11
16 11
3 8
14 8
12 8
5 1
11 10
21 9
3 7
7 3
6 13
13 16
locus NW_006805210.1:155225
11 0
14 19
30 0
12 0
8 3
22 0
10 0
25 0
14 7
3 2
4 0
11 6
6 11
locus NW_006805212.1:148769
10 0
10 4
30 0
10 0
11 0
12 0
4 0
12 0
29 6
8 0
6 0
15 6
15 2
locus NW_006805212.1:149032
29 0
66 0
88 0
20 0
33 0
50 0
21 0
50 0
73 0
8 5
10 0
49 0
39 12
locus NW_006805212.1:160203
25 3
29 14
29 19
2 3
14 10
28 6
6 2
12 6
13 11
3 6
4 3
16 2
8 6
locus NW_006805228.1:119197
4 39
20 117
11 118
11 43
5 46
18 77
7 51
9 82
5 87
4 35
5 19
17 96
6 155
locus NW_006805228.1:119568
15 0
47 0
38 0
21 0
22 0
32 0
23 0
23 0
24 0
11 0
9 0
54 0
51 0
locus NW_006805228.1:129319
47 0
66 0
80 0
21 0
40 0
71 0
30 0
69 0
66 0
23 0
12 0
46 0
81 0
locus NW_006805228.1:129606
5 4
7 12
9 13
1 6
3 2
4 16
4 12
4 25
6 24
0 15
2 4
5 18
3 24
locus NW_006805228.1:188039
11 0
21 1
20 0
10 0
17 0
39 0
15 0
26 2
27 0
8 0
6 0
10 0
19 0
locus NW_006805228.1:189947
45 0
55 0
55 0
18 0
28 0
96 0
15 0
56 0
23 0
8 0
11 0
31 0
24 0
locus NW_006805228.1:236789
16 16
35 4
42 25
20 10
20 7
30 22
15 1
32 28
26 3
7 5
6 4
18 4
24 27
locus NW_006805228.1:237053
2 68
0 69
8 158
2 50
0 66
0 177
4 15
4 94
5 78
0 29
1 9
0 40
2 106
locus NW_006805228.1:239106
0 6
0 14
0 17
0 8
0 6
0 15
0 8
0 20
0 7
0 4
0 8
0 20
0 26
locus NW_006805229.1:207998
59 2
111 0
51 7
36 0
36 0
127 1
40 3
58 2
98 0
15 0
12 1
48 0
40 0
locus NW_006805243.1:65336
4 14
5 4
7 24
1 4
2 19
4 46
0 9
4 45
4 29
0 6
0 10
6 1
4 15
locus NW_006805243.1:65624
7 42
10 11
13 67
4 16
2 41
11 105
2 25
11 98
12 53
1 13
0 23
15 9
9 40
locus NW_006805245.1:149078
9 0
14 0
20 0
12 0
12 0
23 0
8 2
13 0
9 0
7 0
8 0
13 0
10 0
locus NW_006805250.1:17698
22 0
44 0
48 0
30 0
31 0
77 0
26 0
45 0
22 10
7 5
16 0
44 0
30 9
locus NW_006805269.1:162680
32 0
29 0
30 0
22 0
33 0
54 0
10 0
42 0
16 0
5 0
6 0
22 0
22 0
locus NW_006805269.1:176660
17 0
55 0
35 0
13 0
15 0
45 0
19 0
25 0
18 0
6 0
14 0
22 0
31 1
locus NW_006805270.1:158748
0 25
2 43
0 36
0 19
2 24
6 44
0 8
1 24
1 34
0 9
2 18
4 21
0 30
locus NW_006805270.1:159034
38 8
70 45
64 28
35 12
49 15
102 28
21 5
55 21
47 31
21 6
17 7
31 45
55 18
locus NW_006805287.1:204416
19 7
29 0
16 15
9 7
7 7
48 6
9 2
22 2
20 0
6 1
4 3
23 0
15 0
locus NW_006805299.1:62309
7 0
16 0
21 0
6 0
16 0
12 0
10 0
10 0
8 0
5 0
4 0
10 0
8 0
locus NW_006805327.1:168718
13 14
12 36
10 28
4 14
8 12
7 29
3 10
12 42
6 22
5 5
4 5
4 21
9 27
locus NW_006805327.1:172180
33 6
49 8
40 4
14 0
21 4
32 0
25 1
24 2
30 2
6 1
10 0
28 2
37 5
locus NW_006805327.1:188748
15 0
27 0
13 0
8 0
6 0
16 0
18 0
14 0
14 0
4 0
4 0
17 0
10 0
locus NW_006805363.1:102599
7 31
28 68
10 53
4 27
8 25
12 76
6 34
9 40
23 53
5 23
2 13
7 36
5 44
locus NW_006805363.1:102875
17 0
38 0
24 0
10 0
13 0
34 0
21 0
21 0
31 0
10 0
7 0
12 1
25 0
locus NW_006805364.1:61645
13 25
18 33
19 22
8 22
13 13
16 39
10 32
12 21
14 32
2 9
6 7
12 26
19 23
locus NW_006805364.1:61927
8 4
13 6
5 11
10 2
5 7
16 5
15 4
9 5
12 4
4 1
3 3
15 4
13 6
locus NW_006805364.1:193139
17 0
29 0
47 0
28 0
22 0
73 0
16 0
54 0
36 0
37 0
11 0
42 0
42 0
locus NW_006805366.1:114631
18 1
49 0
53 0
15 2
29 3
35 2
14 0
46 0
39 0
17 0
13 1
24 0
30 0
locus NW_006805390.1:13607
0 11
19 0
0 16
0 4
0 12
0 21
0 9
0 18
16 0
0 5
0 4
15 0
0 7
locus NW_006805392.1:40587
0 37
0 69
0 71
0 28
0 65
0 115
0 79
0 111
0 108
0 47
0 36
0 71
0 118
locus NW_006805392.1:98141
0 29
0 46
3 53
0 20
0 30
0 38
1 16
1 42
7 20
0 4
0 7
1 19
2 23
locus NW_006805392.1:121016
4 44
9 95
2 60
0 28
1 70
9 92
1 80
2 95
6 57
1 20
0 38
1 51
1 77
locus NW_006805401.1:167618
15 12
64 29
72 29
19 13
22 18
54 33
25 12
32 32
19 22
7 12
4 6
39 37
21 19
locus NW_006805404.1:105489
11 0
21 0
28 0
10 0
7 0
27 0
12 0
20 0
11 0
9 0
5 0
13 0
18 0
locus NW_006805405.1:5953
37 5
44 14
51 9
26 4
46 6
71 8
16 4
54 5
47 10
10 1
7 3
24 7
49 17
locus NW_006805405.1:6527
10 34
4 43
16 53
7 33
28 46
26 103
26 22
54 70
13 65
11 11
2 13
8 35
34 60
locus NW_006805405.1:52519
45 11
51 9
61 6
20 4
47 3
79 20
34 4
73 11
44 7
6 0
15 3
28 9
36 13
locus NW_006805405.1:53176
29 0
45 0
45 0
12 3
38 0
52 0
38 1
62 0
61 0
19 0
18 0
49 0
55 0
locus NW_006805406.1:21981
2 13
1 39
0 34
0 16
0 24
0 48
0 20
0 48
0 18
0 4
0 7
0 10
0 27
locus NW_006805406.1:22326
16 37
79 65
28 111
8 24
17 51
26 97
8 51
22 80
22 40
3 11
5 13
14 23
11 41
locus NW_006805406.1:30073
2 19
4 99
7 75
0 28
1 29
6 49
0 19
10 75
2 78
0 29
2 14
1 42
2 123
locus NW_006805406.1:35612
1 24
2 58
0 59
2 29
1 51
2 74
2 59
5 68
2 56
0 7
0 17
1 30
3 39
locus NW_006805406.1:71835
8 3
37 19
11 5
4 3
15 5
11 18
14 19
18 18
14 9
4 3
7 6
18 17
14 13
locus NW_006805408.1:101916
15 0
22 0
15 0
4 0
10 0
20 0
4 1
13 0
9 0
6 0
4 0
4 0
11 0
locus NW_006805427.1:87315
19 0
43 0
37 0
30 0
19 0
59 0
14 0
47 0
25 0
16 0
14 0
41 0
28 0
locus NW_006805429.1:124477
9 19
9 37
12 40
0 14
7 6
15 15
4 11
8 38
8 18
7 2
2 7
13 15
7 23
locus NW_006805447.1:19656
63 0
19 0
85 0
27 1
35 0
92 0
32 0
64 0
48 0
10 0
11 0
17 0
34 0
locus NW_006805447.1:23865
35 0
15 0
76 1
21 0
28 0
62 0
29 1
84 0
44 0
10 0
20 0
7 0
37 0
locus NW_006805447.1:51821
14 31
14 2
52 13
16 17
14 12
51 41
12 7
72 18
59 0
10 0
10 6
6 1
30 0
locus NW_006805447.1:97229
13 41
11 0
42 51
18 2
14 12
80 0
22 0
74 0
59 0
16 0
8 0
9 0
49 0
locus NW_006805448.1:84008
16 5
27 18
15 11
6 2
9 0
10 3
11 3
11 11
17 16
8 10
8 2
12 15
15 11
locus NW_006805461.1:11292
2 22
4 11
5 23
6 7
0 4
1 4
1 3
4 16
8 13
2 12
2 5
2 15
10 22
locus NW_006805470.1:13129
8 116
5 93
3 173
3 55
17 70
13 139
4 27
7 114
4 52
1 22
5 14
7 27
9 97
locus NW_006805470.1:72996
86 8
84 0
167 10
40 3
111 11
161 10
102 15
155 25
93 0
35 1
55 11
78 0
72 0
locus NW_006805470.1:74559
17 15
25 4
46 18
13 9
36 29
64 51
30 18
56 29
41 7
2 3
16 5
16 5
24 19
locus NW_006805473.1:61825
21 35
30 14
33 37
5 18
6 16
34 33
10 5
26 16
29 10
12 0
4 3
23 8
22 21
locus NW_006805473.1:64766
47 15
56 7
70 19
28 6
30 5
95 19
48 12
67 18
56 23
33 2
14 5
63 4
74 10
locus NW_006805473.1:67987
61 1
33 3
43 0
33 0
35 0
74 5
34 1
61 4
47 7
20 0
9 0
52 3
91 3
locus NW_006805479.1:14321
33 31
23 12
35 16
25 3
16 0
33 1
13 9
30 0
13 16
16 0
9 4
10 72
30 0
locus NW_006805479.1:51151
4 3
20 5
14 15
6 0
6 1
12 9
4 2
9 4
6 7
4 7
7 2
11 13
14 3
locus NW_006805479.1:78393
8 63
4 59
15 97
4 41
4 63
6 88
6 37
6 115
1 39
1 26
2 27
4 26
1 114
locus NW_006805490.1:17806
3 9
5 10
6 16
7 6
10 18
7 16
7 9
14 18
0 10
3 1
8 3
6 15
6 9
locus NW_006805490.1:28855
2 4
11 9
3 13
8 7
6 7
8 17
1 13
12 14
17 0
1 5
9 4
3 14
11 9
locus NW_006805505.1:15203
7 0
5 6
20 0
9 0
10 0
13 0
9 0
17 0
10 0
7 0
4 0
9 0
14 0
locus NW_006805507.1:75440
18 0
38 0
54 0
15 0
17 0
33 0
11 0
29 1
29 0
5 0
4 0
26 0
11 4
locus NW_006805511.1:56313
34 0
42 0
29 0
16 0
23 0
44 0
11 0
28 0
22 0
5 0
5 0
16 0
22 0
locus NW_006805515.1:9477
46 0
56 0
69 1
23 0
58 0
122 0
47 0
58 0
40 0
15 0
23 0
42 0
63 0
locus NW_006805515.1:9763
4 22
3 28
2 15
7 8
5 15
6 36
4 10
3 14
5 22
1 7
3 6
1 14
5 20
locus NW_006805515.1:45109
28 1
26 0
23 0
11 0
11 0
44 0
14 0
20 0
13 0
4 0
7 0
15 0
27 0
locus NW_006805526.1:110
22 0
101 2
50 0
8 0
14 0
45 0
24 0
32 0
109 0
13 0
10 0
43 0
39 0
locus NW_006805538.1:105811
8 0
28 0
17 0
10 0
17 0
20 0
11 0
12 0
17 0
4 0
4 0
10 0
42 0
locus NW_006805538.1:106146
25 0
29 0
42 0
11 0
22 0
38 0
10 0
38 0
32 0
15 0
5 0
26 0
53 1
locus NW_006805538.1:106493
4 5
34 1
28 4
11 6
11 8
16 27
18 5
38 9
40 0
13 0
5 6
23 0
34 7
locus NW_006805541.1:77503
20 0
20 0
28 0
20 0
17 0
47 0
22 0
14 0
35 0
6 0
4 0
19 3
22 0
locus NW_006805548.1:63619
9 0
14 0
9 0
8 0
11 0
20 0
9 0
9 0
15 0
4 0
3 1
11 0
13 0
locus NW_006805555.1:362
21 4
27 6
28 9
21 4
21 10
30 25
15 4
16 18
28 15
1 10
2 2
20 15
8 15
locus NW_006805558.1:12913
11 0
9 0
23 0
4 0
9 0
20 0
9 0
12 0
13 0
4 0
4 0
8 0
9 0
locus NW_006805578.1:16081
42 0
41 0
60 0
26 0
40 0
74 0
26 0
47 0
19 1
18 0
22 0
33 0
39 0
locus NW_006805582.1:9025
11 3
29 9
21 2
6 1
5 6
14 7
16 3
22 10
7 9
7 2
4 0
10 4
25 12
locus NW_006805582.1:9919
1 50
1 54
0 55
0 46
2 43
3 101
2 25
4 88
3 46
0 15
0 8
3 28
9 127
locus NW_006805582.1:10539
4 40
3 54
5 57
4 38
2 48
4 90
1 45
3 100
3 59
0 31
1 17
0 33
1 107
locus NW_006805589.1:4499
7 2
18 6
16 7
5 3
5 1
5 7
8 6
18 0
16 4
7 8
5 1
13 7
16 3
locus NW_006805614.1:25233
7 6
26 0
3 12
1 4
12 6
22 12
8 5
16 11
13 0
12 0
3 2
23 0
17 0
locus NW_006805618.1:1712
15 1
33 3
23 4
4 1
11 2
25 4
11 4
18 2
17 2
7 2
5 0
27 3
40 2
locus NW_006805634.1:30817
28 10
18 1
20 25
17 10
20 8
31 26
13 17
22 15
24 0
5 8
7 2
16 1
9 9
locus NW_006805644.1:17880
7 0
22 0
11 0
5 0
9 0
17 1
6 0
8 0
15 0
6 0
7 0
13 0
11 0
locus NW_006805657.1:11293
23 2
16 17
37 2
11 0
17 0
16 0
8 0
14 0
9 8
12 4
8 0
3 7
43 6
locus NW_006805657.1:16985
10 0
16 0
30 0
7 0
17 0
40 0
27 0
14 0
16 0
11 0
10 0
9 0
16 0
locus NW_006805659.1:20711
39 0
130 2
91 0
25 0
59 1
103 8
67 1
83 1
62 1
9 0
31 0
108 6
18 7
locus NW_006805662.1:2198
77 0
33 0
50 0
8 0
25 0
105 0
24 0
33 0
28 0
8 0
24 0
26 0
38 0
locus NW_006805662.1:3441
14 5
27 11
37 13
8 3
9 2
36 5
19 8
12 8
20 11
15 0
13 1
13 5
33 4
locus NW_006805674.1:18692
15 0
25 0
41 0
12 0
11 0
33 0
13 0
18 0
17 0
7 0
8 0
19 0
19 0
locus NW_006805676.1:518
14 31
17 63
20 57
8 18
8 39
24 79
5 18
10 41
9 36
1 9
0 14
7 39
11 31
locus NW_006805676.1:1255
28 0
55 0
57 0
37 0
28 0
74 0
23 0
66 0
59 0
39 0
5 0
61 0
95 0
locus NW_006805676.1:8545
2 31
2 57
0 118
0 28
3 29
1 43
1 31
4 55
4 50
1 25
1 11
1 65
0 75
locus NW_006805676.1:13558
108 0
149 0
191 0
79 0
97 0
187 0
59 0
157 0
103 0
48 0
23 0
168 0
170 0
locus NW_006805677.1:4924
23 4
15 9
20 15
11 10
14 11
42 16
7 3
22 6
21 8
8 2
2 2
20 10
24 6
locus NW_006805680.1:29574
0 16
3 26
1 26
1 23
2 19
1 69
4 19
4 19
1 29
1 6
0 8
2 15
2 21
locus NW_006805687.1:4388
30 0
25 17
25 7
16 2
9 5
73 0
21 0
34 0
41 0
9 0
5 0
19 11
16 0
locus NW_006805690.1:14443
22 0
27 0
30 0
13 0
17 0
43 0
24 0
25 0
19 0
6 0
7 0
12 0
19 0
locus NW_006805691.1:15575
1 26
5 37
2 58
1 42
1 40
2 133
3 73
4 144
0 82
0 43
4 21
3 61
2 184
locus NW_006805698.1:19010
4 0
42 0
24 0
4 0
19 0
9 13
6 0
19 0
14 0
7 0
5 0
12 0
18 0
locus NW_006805701.1:7838
66 0
75 0
93 0
29 0
72 0
135 0
51 0
57 0
56 0
27 0
19 0
45 0
66 0
locus NW_006805701.1:8167
28 1
26 5
20 1
8 0
12 2
45 8
10 4
24 2
25 0
7 4
9 0
8 7
33 8
locus NW_006805703.1:1399
17 0
29 0
46 0
10 0
12 0
18 0
8 0
30 0
22 0
13 0
8 0
16 0
12 0
locus NW_006805718.1:7827
42 0
55 0
46 0
21 0
20 0
57 0
27 0
9 1
45 1
7 1
13 0
28 0
23 0
locus NW_006805723.1:19880
0 16
0 28
8 15
0 14
0 19
0 25
0 11
5 32
0 12
0 4
0 11
24 1
0 26
locus NW_006805727.1:2153
33 29
47 31
26 38
31 24
19 9
78 23
20 8
42 26
18 9
15 3
21 2
36 7
35 17
locus NW_006805736.1:10866
35 17
53 36
41 13
9 3
32 12
40 9
20 10
42 12
36 35
17 9
9 2
22 10
50 26
locus NW_006805742.1:8137
13 7
20 7
32 11
8 7
14 2
35 10
32 12
37 17
23 12
14 7
16 4
16 14
34 28
locus NW_006805750.1:536
14 6
43 12
36 10
24 7
29 14
52 18
23 11
40 12
29 8
9 2
6 2
16 12
25 17
locus NW_006805765.1:176
60 9
28 3
59 1
36 5
40 7
95 18
67 9
115 21
77 16
36 3
8 3
50 8
149 24
locus NW_006805768.1:10143
44 24
29 31
68 29
30 15
27 17
64 40
48 16
32 25
15 33
14 3
9 11
15 24
35 13
locus NW_006805770.1:12524
32 5
37 10
34 3
21 7
27 2
77 6
39 5
29 12
22 0
12 2
14 1
28 2
33 6
locus NW_006805773.1:29662
46 1
61 0
97 0
40 0
40 0
104 0
31 0
81 1
83 0
39 0
13 0
70 0
115 0
locus NW_006805780.1:4821
8 0
28 4
13 10
6 4
10 2
21 8
14 1
14 2
10 21
7 0
10 1
23 7
29 3
locus NW_006805789.1:5607
17 29
43 24
36 29
19 7
23 19
18 21
11 5
14 15
15 15
9 4
13 15
38 9
14 16
locus NW_006805834.1:6294
42 12
38 0
60 23
35 10
49 12
105 51
13 7
40 14
41 1
38 1
10 6
31 1
65 21
locus NW_006805834.1:6573
18 1
7 1
34 2
18 1
28 1
73 9
7 1
22 5
12 5
21 0
6 1
12 5
45 2
locus NW_006805839.1:5894
6 9
6 25
1 24
1 12
0 10
2 16
0 10
3 18
7 21
0 4
0 9
4 14
2 28
locus NW_006805839.1:7784
29 11
43 26
50 15
9 10
15 14
49 14
23 18
38 40
20 52
13 13
10 4
32 26
26 21
locus NW_006805839.1:8106
27 5
37 12
51 9
12 6
12 13
47 6
20 10
42 20
18 14
4 1
8 2
30 13
20 11
locus NW_006805839.1:8823
37 0
91 1
41 4
23 4
30 2
66 3
26 3
54 2
56 5
17 0
15 0
40 1
42 1
locus NW_006805839.1:9095
20 52
22 144
14 97
3 38
5 67
8 112
11 35
10 111
3 94
3 22
5 21
9 56
2 85
locus NW_006805839.1:11441
23 0
46 0
50 0
22 0
33 0
79 0
30 0
79 0
72 1
16 0
21 0
34 0
78 0
locus NW_006805839.1:11853
14 0
19 0
15 3
13 0
15 0
24 3
8 0
31 0
26 0
5 0
7 0
11 1
27 3
locus NW_006805859.1:3706
50 0
70 1
40 0
30 0
37 0
64 0
22 0
89 0
53 0
26 0
18 0
55 0
104 0
locus NW_006805859.1:5612
10 8
27 10
10 4
9 4
11 5
28 10
11 5
9 17
18 3
8 4
4 6
11 9
10 8
locus NW_006805868.1:751
0 57
1 151
0 116
0 24
0 67
0 77
0 26
0 92
0 81
0 13
0 10
0 57
0 54
locus NW_006805868.1:2041
9 0
22 0
6 0
11 0
6 0
32 0
5 0
17 0
9 0
7 0
4 0
7 0
10 9
locus NW_006805870.1:10772
10 2
13 3
21 1
0 4
13 0
2 5
6 3
7 5
66 0
31 0
6 0
3 1
99 7
locus NW_006805901.1:10305
42 0
82 0
72 0
34 0
45 0
94 0
28 0
63 0
85 0
22 0
17 0
52 0
49 0
locus NW_006805901.1:10591
33 0
41 0
58 0
20 0
32 0
69 0
15 0
42 1
47 0
13 0
11 0
29 0
32 0
locus NW_006806010.1:7842
10 0
17 0
12 0
11 0
6 0
17 0
6 0
9 0
12 0
5 0
7 0
9 0
17 0
locus NW_006806034.1:3993
4 6
25 15
18 32
3 4
3 7
8 15
11 5
7 13
16 13
3 1
1 3
8 6
5 16
locus NW_006806165.1:5508
11 2
34 9
29 3
11 4
12 7
27 5
14 1
29 5
38 4
8 4
17 5
13 4
48 6
locus NW_006806165.1:5796
26 0
77 0
33 0
18 0
18 0
29 0
14 0
31 0
52 0
13 0
20 0
19 0
80 0
locus NW_006806165.1:6072
9 1
41 4
23 0
6 0
10 2
22 2
9 2
36 2
34 5
21 0
7 0
8 3
49 0
locus NW_006806165.1:6427
22 0
25 1
42 0
18 0
18 0
33 0
44 0
49 0
60 0
30 0
9 0
38 0
86 0
locus NW_006806213.1:2170
4 0
14 0
14 0
6 0
9 0
18 0
12 0
9 0
13 0
6 0
6 0
9 0
6 0
locus NW_006806257.1:6597
0 42
5 93
7 72
2 24
2 29
5 41
3 39
1 59
3 41
2 9
0 17
1 47
2 55
locus NW_006806257.1:6900
104 13
157 20
107 51
55 9
65 6
86 39
83 11
86 55
85 12
35 5
48 6
108 8
120 31
locus NW_006806413.1:1060
15 0
27 0
29 1
5 0
14 0
24 0
7 0
16 0
21 0
8 0
11 0
22 0
25 0
locus NW_006806430.1:781
15 0
32 0
51 0
29 0
15 0
18 0
29 0
86 0
36 0
5 3
16 0
15 0
20 2
locus NW_006806445.1:3152
27 43
47 0
40 9
12 10
11 18
24 46
39 52
74 42
156 0
25 34
11 6
47 0
48 55
locus NW_006806541.1:65
64 9
47 13
65 36
29 8
62 7
80 9
19 9
96 25
29 7
15 5
28 3
53 4
56 15
locus NW_006806541.1:779
64 11
82 14
90 14
40 3
47 2
156 35
91 17
170 12
101 7
49 3
42 10
70 16
114 9
locus NW_006806541.1:1075
62 27
41 28
65 12
13 11
24 12
72 35
18 19
54 21
19 21
7 2
16 12
17 19
38 24
locus NW_006806572.1:3062
10 1
29 0
22 2
10 0
13 0
23 0
13 0
22 0
29 0
10 0
4 0
29 0
22 0
locus NW_006806723.1:2759
53 9
57 30
24 19
13 9
19 12
63 33
19 8
40 19
33 28
24 8
6 0
33 15
31 14
locus NW_006806812.1:2881
31 0
19 1
43 0
19 0
25 0
34 0
28 0
33 0
6 1
6 0
6 0
14 1
12 1
locus NW_006807502.1:1118
19 0
40 1
25 0
13 0
8 0
23 0
10 0
22 0
17 0
8 0
6 0
21 0
21 0
locus NW_006807541.1:576
38 0
99 0
90 0
44 0
45 0
150 0
36 0
57 0
143 0
16 0
12 0
31 0
62 0
locus NW_006807631.1:649
19 8
25 3
42 21
12 4
19 4
19 3
5 5
29 8
21 2
1 9
9 1
13 0
35 10
locus NW_006807690.1:529
8 4
19 0
3 13
1 3
0 8
3 20
2 8
8 7
14 0
10 0
0 4
9 0
10 0
locus NW_006807713.1:1108
17 0
37 0
39 0
18 0
12 5
25 9
6 8
11 5
25 0
6 0
5 2
9 0
10 0
locus NW_006807765.1:1040
16 0
14 0
16 0
7 0
9 0
13 0
7 0
13 0
7 0
8 0
8 0
14 0
8 0
locus NW_006808146.1:1276
39 0
34 0
41 0
20 0
16 0
64 0
15 0
43 0
7 22
26 0
8 0
32 0
29 0
locus NW_006808341.1:153
25 2
21 0
29 1
6 2
5 4
23 8
3 2
14 6
20 0
9 0
1 4
7 0
20 0
locus NW_006808341.1:454
36 8
40 16
52 17
12 6
30 14
41 17
17 12
20 16
24 6
12 1
7 7
7 5
42 11
locus NW_006808427.1:1105
4 0
20 0
35 0
16 0
12 0
34 0
13 0
18 0
21 0
18 0
4 0
18 0
40 0
locus NW_006808562.1:970
19 0
22 0
29 0
20 0
22 0
28 0
24 0
30 0
39 0
11 0
8 1
19 0
17 0
locus NW_006808574.1:517
34 0
33 0
26 0
20 0
14 1
43 0
12 0
27 0
27 0
12 0
6 0
38 0
26 0
locus NW_006809278.1:98
22 0
28 0
56 0
16 0
22 0
57 0
24 0
29 0
49 0
12 0
13 0
26 0
46 0
locus NW_006809278.1:556
8 1
16 2
17 5
7 3
4 1
13 5
8 2
15 2
22 2
9 2
5 0
23 2
13 8
locus NW_006809394.1:32
6 1
20 0
22 0
7 0
9 0
18 0
7 0
15 0
9 0
8 0
4 0
19 0
23 0
locus NW_006809602.1:649
30 2
8 0
44 5
8 2
23 8
23 9
42 1
80 0
20 0
9 4
15 0
10 0
13 8
locus NW_006809712.1:318
55 0
95 0
92 0
28 0
49 0
124 0
46 0
69 0
71 0
24 0
19 0
60 1
70 0
locus NW_006809712.1:647
22 0
31 0
28 0
10 0
23 0
47 0
17 0
27 0
27 0
6 0
5 0
16 0
24 0
