locus NW_006803924.1:5663849
1 6
0 12
0 9
0 19
0 11
0 20
0 13
0 10
0 17
0 15
0 5
0 25
1 25
0 8
0 10
0 9
0 11
locus NW_006803924.1:8539312
8 0
5 0
6 0
11 0
11 0
12 0
14 0
10 0
11 0
8 0
8 0
8 0
14 0
6 0
13 0
21 0
0 10
locus NW_006803925.1:816280
5 0
9 0
7 0
11 0
17 0
14 0
10 0
13 0
10 0
9 0
7 0
16 0
24 0
7 0
12 0
7 0
10 0
locus NW_006803925.1:1300842
7 0
17 0
5 0
6 0
8 0
16 0
14 0
13 0
8 0
7 0
5 0
24 0
14 0
10 0
23 0
12 0
4 0
locus NW_006803925.1:4045896
13 0
20 0
6 0
7 0
4 0
17 0
8 0
9 0
10 0
8 0
4 0
18 0
10 0
8 0
21 0
9 0
10 0
locus NW_006803925.1:10516816
0 6
0 22
0 4
0 6
0 13
0 24
0 8
0 10
0 12
0 21
0 4
0 11
0 22
0 13
0 31
0 12
0 15
locus NW_006803925.1:13053708
10 0
12 0
7 0
16 0
16 0
7 5
5 19
8 0
10 0
10 0
6 0
5 0
9 0
8 0
16 0
4 0
11 0
locus NW_006803925.1:15813543
0 7
0 13
0 5
8 14
0 22
0 20
0 17
0 11
0 23
0 17
0 9
0 27
0 22
0 11
0 17
0 26
1 11
locus NW_006803926.1:1670331
8 0
13 0
13 0
13 0
10 0
19 0
19 0
11 0
13 0
7 0
7 0
15 0
10 0
8 0
21 0
8 0
15 0
locus NW_006803926.1:3240787
9 0
16 0
7 0
8 0
15 0
19 0
13 0
16 0
10 0
8 0
7 0
14 0
12 0
11 0
25 0
18 2
14 0
locus NW_006803926.1:4474949
0 15
0 8
0 7
0 11
0 7
0 14
0 18
0 6
0 5
0 17
0 6
0 20
0 14
0 5
0 22
0 9
0 18
locus NW_006803926.1:9708680
4 0
6 0
6 0
21 0
4 0
10 0
19 0
9 0
10 0
15 0
6 0
16 0
9 0
7 0
16 0
10 0
9 0
locus NW_006803926.1:11076432
0 23
0 30
0 9
0 37
0 15
0 37
0 25
0 18
0 21
0 10
0 7
0 32
0 23
0 27
0 31
0 22
0 22
locus NW_006803926.1:12364156
11 0
11 0
10 0
5 0
16 0
11 0
13 0
10 0
9 0
12 0
4 0
11 0
14 0
9 0
17 0
7 0
8 0
locus NW_006803926.1:12426246
0 13
15 0
0 4
0 15
0 8
0 9
0 10
0 10
0 18
0 11
1 5
0 13
0 14
0 11
0 20
9 9
0 6
locus NW_006803926.1:13206261
10 0
9 0
4 0
11 0
17 0
16 0
13 0
13 0
7 0
16 0
6 0
8 0
4 0
10 0
21 0
18 0
4 0
locus NW_006803926.1:13962339
8 0
12 0
11 0
30 0
19 0
5 0
10 0
13 0
16 0
9 0
11 0
10 0
24 0
4 0
11 0
14 0
6 0
locus NW_006803926.1:15083129
7 0
14 0
11 0
9 0
16 0
21 0
9 0
12 0
6 0
11 0
6 0
7 0
13 0
5 0
23 0
12 0
4 0
locus NW_006803927.1:2820279
11 0
13 0
12 0
14 0
16 0
24 0
15 0
12 0
13 0
11 0
14 0
4 0
12 0
10 0
19 0
13 0
11 0
locus NW_006803927.1:3434020
13 0
31 0
4 0
19 0
8 0
24 0
14 0
19 0
17 0
6 0
4 0
17 0
20 0
10 0
17 0
18 0
13 0
locus NW_006803927.1:8971930
0 9
0 11
0 11
0 7
0 12
0 11
0 14
0 15
0 8
0 7
0 4
0 16
0 10
0 5
0 14
0 12
0 11
locus NW_006803927.1:9606476
0 11
0 17
0 8
0 16
0 13
0 7
0 6
0 18
0 16
0 7
0 6
0 15
0 12
0 6
0 11
0 15
0 14
locus NW_006803927.1:9847522
6 0
13 0
6 0
14 0
11 0
23 0
10 0
12 0
4 0
10 0
9 0
13 0
23 0
6 0
17 0
13 0
19 0
locus NW_006803928.1:1667323
13 0
17 0
5 0
17 0
11 0
11 0
9 0
19 0
20 0
16 0
13 0
25 0
25 0
5 0
22 0
14 0
5 0
locus NW_006803929.1:1887980
0 14
0 8
0 5
0 5
0 6
0 4
0 16
0 6
0 5
0 7
0 6
0 12
0 16
0 7
0 13
1 16
0 5
locus NW_006803929.1:1967614
5 0
10 0
8 0
13 0
10 0
18 0
18 0
11 0
18 0
8 0
6 0
8 0
9 0
12 0
18 0
13 0
29 0
locus NW_006803929.1:2571040
8 0
15 0
6 0
6 7
5 0
9 0
7 0
5 0
7 0
8 0
5 0
5 0
13 0
6 0
20 0
14 0
11 0
locus NW_006803929.1:7796562
9 0
13 0
8 0
16 0
22 0
13 0
11 0
12 0
15 0
15 0
4 0
16 0
5 0
9 0
24 0
12 0
15 0
locus NW_006803929.1:10969946
0 6
0 9
0 11
0 21
0 8
0 14
0 12
0 16
0 9
0 8
0 4
0 12
0 15
0 6
0 17
0 11
0 10
locus NW_006803929.1:11622357
11 0
22 0
13 0
9 0
9 0
0 9
0 21
16 0
18 0
9 0
7 0
11 0
25 0
7 0
22 0
9 0
19 0
locus NW_006803930.1:4286788
6 0
7 0
6 0
10 0
7 0
13 0
7 0
11 0
12 0
11 0
4 0
7 0
6 0
8 0
21 0
9 0
13 0
locus NW_006803930.1:4863884
7 0
21 0
6 0
5 0
12 0
11 0
7 0
6 0
13 0
8 0
6 0
14 0
9 0
9 0
24 0
10 0
12 0
locus NW_006803930.1:5286978
15 0
19 0
7 0
17 0
23 0
35 0
29 0
28 0
30 0
29 0
9 0
32 0
54 0
15 0
58 0
25 0
44 0
locus NW_006803930.1:6718903
9 0
18 0
10 0
11 0
5 1
10 0
16 0
12 0
0 9
8 0
1 3
6 0
11 0
16 0
17 0
0 12
11 0
locus NW_006803930.1:6969990
0 4
0 16
0 6
0 14
2 6
0 11
0 6
0 17
0 10
0 13
0 5
0 10
0 14
0 6
0 21
0 12
0 12
locus NW_006803930.1:7126032
10 0
11 0
8 0
4 0
10 0
14 0
6 0
15 0
13 0
5 0
13 0
22 0
10 0
5 0
12 0
9 0
4 0
locus NW_006803931.1:4271720
8 0
14 0
7 0
23 0
12 0
22 0
5 0
12 0
6 7
12 0
9 0
7 0
19 0
11 0
9 0
8 0
13 0
locus NW_006803931.1:4399642
0 12
0 14
0 5
0 5
0 17
0 22
0 12
0 23
0 18
0 20
0 8
0 23
0 14
0 9
0 15
0 13
0 14
locus NW_006803931.1:7535423
7 0
20 0
12 0
11 0
28 0
15 0
14 0
7 0
8 0
11 0
7 0
17 0
14 0
9 0
21 0
8 0
14 0
locus NW_006803932.1:6983338
5 0
11 0
5 0
11 0
14 0
30 0
15 0
8 0
7 0
10 0
5 0
11 0
12 0
0 9
7 0
13 0
9 0
locus NW_006803932.1:7478791
0 13
0 10
0 5
0 11
0 16
0 19
0 13
0 17
0 8
0 12
0 6
0 9
0 16
0 6
0 14
0 17
0 12
locus NW_006803933.1:1134795
0 11
0 13
0 5
0 16
0 17
0 16
0 15
0 9
0 12
0 9
0 5
0 13
0 15
0 5
0 18
1 14
0 11
locus NW_006803933.1:8591804
4 0
10 0
5 0
16 0
6 0
14 0
11 0
10 0
14 0
4 0
8 0
8 0
16 0
4 0
14 0
9 0
9 0
locus NW_006803933.1:9065546
0 11
0 6
0 4
0 22
0 9
0 16
0 12
0 13
0 10
0 6
0 6
0 10
0 13
0 7
0 18
0 8
0 9
locus NW_006803933.1:9615890
0 7
0 9
0 5
0 15
0 22
0 16
0 16
0 23
0 9
0 9
0 9
0 12
0 13
0 9
0 29
0 12
0 14
locus NW_006803934.1:609558
0 9
0 8
0 8
0 22
0 15
0 21
0 17
0 23
0 13
0 15
0 8
0 14
0 14
0 7
0 16
0 13
0 17
locus NW_006803934.1:1444477
0 11
0 17
0 11
0 23
0 5
0 14
0 10
1 12
0 10
0 7
0 7
0 18
0 12
0 7
0 7
0 11
0 16
locus NW_006803934.1:2535757
0 9
0 7
0 4
0 23
0 17
0 16
0 14
0 11
0 12
0 4
0 7
0 6
6 3
0 4
0 14
0 13
0 9
locus NW_006803934.1:4579305
0 9
0 14
0 8
0 14
0 10
0 10
0 6
0 10
0 6
0 5
0 5
14 8
0 7
0 11
0 21
0 11
0 21
locus NW_006803934.1:8038881
9 0
11 0
4 0
12 0
13 0
22 0
13 0
13 0
11 0
6 0
7 0
8 8
10 17
14 0
17 0
8 0
10 0
locus NW_006803934.1:8906006
0 7
0 11
0 4
0 5
0 8
0 18
0 5
0 11
0 10
0 10
0 4
0 7
0 14
0 11
0 14
0 14
0 16
locus NW_006803935.1:4651861
5 0
5 0
13 0
15 0
14 0
8 0
23 0
18 0
14 0
15 0
6 0
10 0
19 0
8 0
23 0
13 0
14 0
locus NW_006803935.1:4746135
12 0
25 0
4 0
9 0
8 0
15 0
19 0
24 0
17 0
6 0
4 0
17 0
12 0
5 0
32 0
12 0
9 0
locus NW_006803935.1:5518520
8 0
9 0
8 0
8 0
7 0
16 0
12 0
17 0
13 0
10 0
4 0
22 1
17 1
4 0
23 0
9 0
12 0
locus NW_006803935.1:8339563
0 11
0 9
0 10
0 23
0 6
0 16
0 7
0 14
0 10
0 7
0 5
0 18
0 8
0 14
0 22
0 12
0 20
locus NW_006803935.1:11028732
26 0
16 0
13 0
8 0
25 0
18 0
40 0
14 0
21 0
20 0
6 0
15 0
35 0
30 0
108 0
66 0
72 0
locus NW_006803936.1:4694355
5 0
20 0
6 0
6 0
17 0
5 10
7 8
17 0
13 0
12 0
5 0
19 0
19 0
6 0
22 0
15 0
10 0
locus NW_006803936.1:5305579
10 0
13 0
6 0
14 0
11 0
11 0
14 0
12 0
7 1
15 0
6 0
8 0
18 0
9 0
20 0
11 0
17 0
locus NW_006803936.1:5845271
0 15
0 13
0 11
0 10
0 8
0 14
0 15
0 12
0 9
0 14
0 6
0 7
0 10
0 8
0 12
0 8
0 13
locus NW_006803936.1:7595618
7 0
18 0
9 0
26 0
20 0
23 0
12 0
12 0
7 1
8 0
4 0
18 0
19 0
15 0
19 0
9 0
19 0
locus NW_006803937.1:7748271
0 11
0 15
0 5
0 12
0 6
0 16
0 16
0 21
0 11
0 16
0 6
0 10
0 12
0 4
0 17
0 13
0 11
locus NW_006803938.1:3206326
5 0
12 0
11 0
14 0
7 0
30 0
19 0
12 0
8 0
11 0
13 0
10 0
17 0
10 0
21 0
14 0
20 0
locus NW_006803938.1:8876948
0 6
0 12
0 6
0 17
0 5
0 9
0 21
0 10
0 11
0 5
0 6
0 19
0 13
0 12
0 24
0 8
0 14
locus NW_006803938.1:9592611
9 0
7 0
7 0
18 0
9 0
18 0
11 0
9 0
15 0
5 0
4 0
7 0
12 0
4 0
18 0
7 0
12 0
locus NW_006803939.1:4962127
5 0
8 0
6 0
11 0
7 0
18 0
12 0
9 0
10 0
5 0
6 0
14 0
11 0
6 0
11 0
13 0
9 0
locus NW_006803939.1:5680172
15 0
18 0
11 0
23 0
18 0
14 0
25 0
22 0
27 0
11 0
6 0
19 0
21 0
4 0
20 0
9 0
12 0
locus NW_006803940.1:2116087
10 4
9 0
9 0
11 0
16 0
6 9
0 10
14 0
3 4
5 1
13 0
2 8
10 0
4 0
0 19
10 3
4 12
locus NW_006803940.1:5142121
14 0
8 0
10 0
12 0
12 0
12 0
12 0
21 0
12 0
21 0
7 0
13 0
6 0
4 0
16 0
14 0
9 0
locus NW_006803941.1:2010950
0 5
0 9
0 5
0 15
0 4
0 12
0 15
0 4
0 11
0 11
0 9
0 9
0 10
0 6
0 22
0 13
0 17
locus NW_006803941.1:7349414
2 5
10 2
9 2
12 2
7 8
8 2
9 4
11 7
4 6
7 3
5 0
3 2
12 3
6 5
10 10
8 3
10 5
locus NW_006803942.1:1889365
12 0
13 0
7 0
17 0
7 0
19 0
19 0
6 0
28 0
1 3
5 0
4 0
7 4
7 0
7 0
4 4
9 0
locus NW_006803942.1:2424180
9 15
4 16
2 10
12 25
3 7
6 27
9 16
5 20
8 11
3 6
3 4
4 23
3 21
1 13
10 19
2 5
2 10
locus NW_006803942.1:7094300
0 8
0 12
0 6
0 23
0 9
0 12
0 7
0 12
0 10
0 9
0 11
0 8
0 6
0 9
0 15
0 10
0 14
locus NW_006803942.1:7485815
0 17
0 18
0 4
0 27
0 13
0 27
0 20
0 16
0 17
0 16
0 5
0 7
0 14
0 18
0 24
0 19
0 25
locus NW_006803942.1:8804211
5 0
8 0
7 0
10 0
16 0
15 0
6 0
9 0
19 0
12 0
7 0
19 0
9 0
5 0
23 0
11 0
22 0
locus NW_006803943.1:3769448
1 31
0 56
1 15
6 38
2 56
10 44
2 53
4 32
3 16
1 46
0 25
4 39
2 61
1 18
4 118
3 52
4 44
locus NW_006803943.1:3769846
62 15
96 24
34 5
94 15
41 6
112 20
82 7
69 11
55 6
52 2
32 3
93 13
64 6
37 3
104 17
53 15
53 9
locus NW_006803943.1:3785720
24 9
35 9
19 5
32 7
31 16
33 14
37 15
35 2
18 12
11 6
10 3
26 11
19 10
18 7
40 15
23 7
35 17
locus NW_006803943.1:3894939
0 37
2 48
2 29
0 38
1 31
4 44
0 24
1 39
3 46
3 54
0 5
7 44
1 50
4 49
10 87
2 72
3 59
locus NW_006803943.1:3919034
15 0
10 0
4 0
11 3
9 1
23 2
7 0
14 1
13 0
8 0
6 1
16 1
11 0
7 0
14 1
15 2
6 0
locus NW_006803944.1:1749858
26 6
24 0
15 0
13 0
16 0
32 0
19 0
12 0
11 0
15 0
7 0
15 0
7 0
7 0
19 0
8 0
6 0
locus NW_006803944.1:8833497
18 0
24 0
16 0
37 0
27 0
24 0
32 0
29 0
40 0
15 0
13 0
29 0
38 0
12 0
38 0
29 0
27 0
locus NW_006803944.1:8912243
0 6
0 10
0 9
0 6
0 17
0 19
0 4
0 9
0 15
0 11
0 13
0 6
0 18
0 10
0 21
0 10
0 9
locus NW_006803945.1:782285
14 0
10 0
5 0
4 0
12 0
0 16
0 15
11 0
23 0
0 5
5 0
4 5
11 5
10 0
29 0
12 0
9 0
locus NW_006803945.1:2816637
0 12
0 10
0 7
0 15
0 20
0 17
0 15
0 16
0 13
0 8
0 10
0 26
0 21
0 12
0 15
0 6
0 8
locus NW_006803946.1:6708946
11 0
9 0
6 0
16 0
12 0
21 0
13 0
13 0
14 0
11 0
12 0
5 0
10 0
11 0
19 0
12 0
14 0
locus NW_006803947.1:3518201
0 9
0 15
0 6
0 13
0 8
0 13
0 27
0 10
0 16
0 10
0 10
0 4
0 11
0 7
0 20
0 17
0 9
locus NW_006803948.1:4168385
12 0
8 0
5 0
15 0
5 0
16 0
4 0
6 0
10 0
6 0
6 0
11 0
17 0
14 0
15 0
9 0
6 0
locus NW_006803948.1:4523406
0 11
0 16
0 5
0 8
0 15
0 10
0 10
0 5
0 11
0 10
0 4
0 8
0 11
0 4
0 14
0 13
0 6
locus NW_006803948.1:6021632
0 23
0 23
0 6
0 26
0 18
0 15
0 13
0 11
0 9
0 5
0 6
0 17
0 8
0 9
0 10
0 10
0 11
locus NW_006803949.1:2534809
7 0
9 0
4 0
12 0
13 0
14 0
6 0
10 0
8 0
5 0
8 0
9 0
18 0
10 0
19 0
8 0
8 0
locus NW_006803949.1:3228281
0 5
0 14
0 5
0 14
0 10
0 9
0 13
0 11
0 8
0 12
0 9
0 22
0 9
0 13
0 27
0 17
0 17
locus NW_006803949.1:4125487
0 6
0 6
0 8
0 9
0 17
0 11
0 12
1 18
0 13
0 9
0 5
0 5
0 9
0 12
0 27
0 14
0 11
locus NW_006803950.1:447481
4 0
5 0
7 0
14 0
6 0
21 0
7 0
8 0
10 0
4 0
6 0
5 0
7 0
11 0
17 0
17 0
9 0
locus NW_006803951.1:3912476
0 24
0 14
0 7
0 12
0 12
0 24
0 11
0 14
0 12
0 9
0 6
0 12
0 17
0 10
0 19
0 17
0 13
locus NW_006803951.1:4784567
0 11
0 22
0 5
0 13
0 8
0 15
0 12
0 13
0 13
0 9
0 6
0 14
0 16
0 10
0 36
0 6
0 18
locus NW_006803953.1:1871085
0 5
0 15
0 8
0 10
0 28
0 17
0 18
0 15
0 16
0 7
0 10
0 23
0 21
0 9
0 23
0 7
0 9
locus NW_006803953.1:4689243
8 0
6 0
5 0
23 0
12 0
22 0
9 0
14 0
18 0
9 0
10 0
21 0
11 0
7 0
11 0
17 0
19 0
locus NW_006803954.1:738164
17 0
16 0
9 0
12 0
20 0
15 0
18 1
27 0
15 0
14 0
5 0
7 0
14 0
4 0
15 0
11 0
13 0
locus NW_006803954.1:2190196
8 0
6 0
10 0
18 0
11 0
17 0
7 0
12 0
4 0
8 0
4 0
16 0
8 0
7 0
22 0
12 0
18 0
locus NW_006803954.1:5819615
0 11
0 10
0 8
0 12
0 8
0 19
0 10
0 12
0 15
0 9
0 4
0 20
0 17
0 9
0 17
0 15
0 18
locus NW_006803955.1:1390888
0 7
0 7
0 6
0 8
0 5
0 10
0 10
0 10
0 12
0 9
0 6
0 8
0 8
0 9
0 9
0 15
0 15
locus NW_006803955.1:5880020
5 5
0 11
4 0
11 0
6 3
0 15
0 8
0 7
0 7
2 3
0 4
0 9
5 6
0 7
0 16
9 2
0 6
locus NW_006803956.1:1720985
3 1
4 7
0 6
24 0
10 2
22 0
18 0
0 17
9 2
5 0
8 0
6 11
6 5
0 11
0 21
0 19
14 0
locus NW_006803956.1:4861231
7 0
9 0
6 0
4 0
14 0
12 0
9 0
14 0
14 0
8 0
4 0
9 0
13 0
9 0
12 0
13 0
14 2
locus NW_006803956.1:5034514
10 0
17 0
5 0
9 1
4 11
0 20
0 8
6 0
5 0
9 0
4 0
7 0
10 0
8 0
20 0
5 0
0 13
locus NW_006803957.1:7720599
11 0
12 0
4 0
24 0
15 0
20 0
11 0
9 0
9 0
7 0
7 0
13 0
22 0
9 0
13 0
14 0
15 0
locus NW_006803961.1:5683904
0 6
0 6
0 4
0 20
0 18
0 10
0 9
0 10
0 22
0 7
0 4
0 8
0 15
0 5
0 7
1 5
0 6
locus NW_006803962.1:4372160
15 0
7 0
6 0
18 0
5 0
14 0
15 0
9 0
17 0
15 0
6 0
11 0
23 0
8 0
21 0
9 0
10 0
locus NW_006803962.1:5728733
0 9
0 8
0 4
0 6
0 7
0 8
0 12
0 9
0 13
0 6
0 7
0 11
0 21
0 7
0 15
0 18
0 10
locus NW_006803963.1:2327961
8 0
17 0
4 0
11 0
15 0
13 0
13 0
5 0
21 0
9 0
6 0
9 0
8 0
7 0
11 0
16 0
9 0
locus NW_006803964.1:668496
18 0
12 0
5 0
13 0
10 0
12 0
20 0
15 0
12 0
8 0
6 0
12 0
15 0
4 0
22 0
17 0
14 0
locus NW_006803964.1:3735275
15 0
22 0
10 0
14 0
11 0
14 0
6 0
5 0
12 0
7 0
14 0
5 0
13 0
9 0
21 0
9 0
5 0
locus NW_006803965.1:1904556
0 23
0 16
0 9
1 25
0 10
0 34
1 24
0 22
0 24
0 13
0 9
0 26
0 37
0 24
0 37
0 17
0 30
locus NW_006803965.1:6120364
0 6
0 31
0 7
0 21
0 13
0 29
0 8
0 11
0 13
0 9
0 5
0 15
0 11
0 10
0 36
0 11
0 8
locus NW_006803965.1:6225037
10 0
16 0
11 0
13 0
14 0
14 0
7 0
10 0
8 0
7 0
6 0
16 0
22 0
7 0
13 0
8 0
11 0
locus NW_006803966.1:1466216
14 0
11 0
4 0
14 0
13 0
10 0
8 0
11 0
14 0
7 0
4 0
13 0
11 0
4 0
14 0
5 0
9 0
locus NW_006803968.1:312138
13 0
17 0
8 0
27 0
9 0
9 0
17 0
6 8
14 0
19 0
10 0
16 0
13 0
17 0
25 0
9 0
6 0
locus NW_006803968.1:1266727
0 20
0 19
0 6
0 22
0 13
0 14
0 8
0 8
0 8
0 15
0 9
0 16
0 12
0 8
0 20
0 11
0 11
locus NW_006803968.1:1378325
17 0
9 0
7 0
17 0
14 0
18 0
4 0
9 0
4 0
11 0
10 2
11 0
17 0
7 0
15 0
11 0
11 0
locus NW_006803968.1:2915831
0 7
0 23
0 8
0 27
0 6
0 12
1 7
0 13
0 12
0 7
0 5
0 12
0 8
0 4
0 20
0 22
0 11
locus NW_006803968.1:4209111
8 0
12 10
8 0
13 0
10 0
14 0
6 0
7 0
17 0
3 7
5 0
10 0
10 0
6 0
14 0
9 0
10 0
locus NW_006803968.1:4643087
7 0
7 0
4 0
6 0
11 0
17 0
7 0
14 0
10 0
6 0
4 0
11 0
13 0
7 0
16 0
11 0
11 0
locus NW_006803969.1:3718419
0 16
0 23
0 12
0 15
0 22
0 14
0 9
0 9
0 21
0 6
0 6
0 23
0 21
0 7
0 22
0 20
0 20
locus NW_006803970.1:1723145
0 5
0 13
1 4
2 9
5 0
0 9
1 8
6 7
12 0
2 7
5 1
7 10
6 5
8 0
0 13
9 4
8 9
locus NW_006803970.1:4185590
0 13
0 14
0 10
1 13
0 12
1 16
0 10
0 13
0 8
0 9
0 5
0 4
0 9
0 10
0 20
0 12
0 8
locus NW_006803971.1:2216373
6 0
15 0
8 0
19 0
21 0
6 0
26 0
15 0
17 0
7 0
8 0
10 0
19 0
9 0
14 0
9 0
11 0
locus NW_006803971.1:4959650
0 12
0 7
0 9
0 12
0 10
0 15
0 6
0 8
0 8
0 12
0 6
0 17
0 8
0 6
0 23
0 12
0 18
locus NW_006803972.1:1833197
11 0
13 0
6 0
24 0
13 0
6 0
18 0
9 0
8 0
5 0
7 0
10 0
14 0
4 0
12 0
7 0
15 0
locus NW_006803973.1:5434676
0 7
0 9
0 4
0 5
0 5
0 8
0 12
0 12
0 13
0 4
0 4
0 6
0 10
0 13
0 24
0 8
0 12
locus NW_006803975.1:415049
0 7
0 8
0 12
0 12
0 10
0 16
0 15
0 9
0 13
0 7
0 11
0 10
0 8
0 10
0 20
0 11
0 14
locus NW_006803975.1:525617
6 3
18 1
7 3
12 0
13 1
18 4
14 1
12 1
12 1
10 4
8 1
14 3
15 1
19 4
34 4
20 4
17 0
locus NW_006803975.1:2892730
5 0
10 1
4 0
8 0
7 1
16 0
21 0
9 0
16 0
8 0
5 0
8 0
14 0
13 0
28 0
18 0
8 0
locus NW_006803975.1:4989470
8 0
21 0
7 0
9 0
19 0
15 0
12 0
10 0
18 0
17 0
4 0
6 0
13 0
4 0
21 0
13 0
14 0
locus NW_006803976.1:3667227
0 11
0 19
0 8
0 16
0 9
0 10
0 12
0 22
0 12
0 8
0 7
0 8
0 7
0 10
0 16
0 9
0 6
locus NW_006803976.1:5340358
12 0
22 0
4 0
18 0
5 0
0 17
0 15
16 0
17 0
11 0
17 0
14 0
26 0
6 0
29 0
17 0
7 0
locus NW_006803977.1:1180082
0 7
0 15
0 5
0 19
0 17
0 12
0 11
0 14
0 8
3 5
0 8
0 18
0 19
10 1
0 12
0 13
0 13
locus NW_006803977.1:6405459
0 12
1 9
9 0
17 1
7 10
14 3
7 3
3 4
23 0
0 14
3 3
21 0
4 17
7 0
19 0
12 0
3 7
locus NW_006803979.1:1549015
4 0
13 0
5 0
11 0
10 0
7 0
7 0
9 0
11 0
12 0
4 0
11 0
9 0
11 0
16 0
12 0
9 0
locus NW_006803979.1:4559343
0 4
0 10
0 8
2 17
0 15
1 7
0 6
0 15
0 11
0 12
1 3
0 21
0 17
0 6
2 14
0 12
1 16
locus NW_006803980.1:2321788
12 0
18 0
1 8
0 15
2 6
0 15
0 12
12 0
0 9
12 2
6 3
12 0
4 0
4 5
17 0
8 0
0 12
locus NW_006803980.1:2335461
7 0
10 0
6 0
17 0
6 0
15 0
11 0
15 0
10 0
12 0
5 0
11 0
17 0
6 0
15 0
1 5
4 0
locus NW_006803982.1:2570870
0 20
0 5
0 12
0 13
0 16
0 9
0 13
0 21
0 18
0 25
0 7
0 16
0 27
0 8
0 12
0 11
0 7
locus NW_006803982.1:3177554
0 14
0 18
0 9
0 17
0 10
14 0
12 0
0 10
0 20
0 9
0 13
0 13
0 16
12 0
0 12
0 8
0 19
locus NW_006803983.1:5003063
8 0
11 0
4 0
19 0
12 0
15 0
18 0
24 0
10 0
8 0
5 0
21 0
14 0
8 0
18 0
8 0
20 0
locus NW_006803984.1:763643
4 0
14 0
4 0
14 13
7 0
15 0
7 0
13 0
8 0
13 0
4 0
11 0
11 0
8 0
18 0
9 0
13 0
locus NW_006803984.1:940562
0 10
0 22
0 10
0 17
0 8
0 13
0 12
0 4
0 9
0 13
0 6
0 9
0 12
0 12
0 18
0 12
0 14
locus NW_006803984.1:1383642
0 7
0 9
0 9
0 13
0 5
0 10
0 5
0 11
0 14
0 14
0 7
0 13
0 8
0 4
0 23
0 9
0 11
locus NW_006803984.1:1464510
5 0
16 0
5 0
11 0
8 0
8 0
7 0
5 0
9 0
6 0
7 0
11 0
6 4
5 1
23 0
6 1
13 5
locus NW_006803984.1:4830127
18 0
26 0
7 0
13 0
10 0
10 0
9 0
16 0
12 0
14 0
6 0
20 0
17 0
9 0
13 0
12 0
13 0
locus NW_006803985.1:1143085
12 0
13 0
12 0
18 0
8 0
10 0
14 0
13 0
24 0
6 0
9 0
24 0
25 0
15 0
8 15
9 0
11 0
locus NW_006803986.1:1438999
9 0
10 0
8 0
12 0
13 0
9 0
11 0
4 8
6 0
6 0
5 0
17 0
13 0
7 0
22 0
24 0
14 0
locus NW_006803986.1:2847824
5 0
9 0
7 0
10 0
8 0
24 0
9 0
9 0
13 0
8 6
4 0
13 0
10 0
10 0
18 0
10 0
9 0
locus NW_006803986.1:4828668
7 0
12 0
7 0
9 0
15 0
18 0
12 0
5 0
8 0
5 0
6 0
13 0
19 0
6 0
21 0
16 0
17 0
locus NW_006803986.1:4981189
8 0
7 0
4 0
12 0
11 0
5 0
4 0
6 0
8 0
11 0
14 0
12 0
16 0
6 0
24 0
15 0
8 0
locus NW_006803987.1:95094
5 0
8 0
10 0
12 0
9 0
11 0
12 0
14 0
10 0
17 0
11 0
11 0
25 0
9 0
14 0
8 0
14 0
locus NW_006803987.1:1779260
7 0
16 0
9 0
10 0
14 0
11 0
10 0
22 0
17 0
8 0
4 0
10 0
12 0
6 0
14 0
18 0
12 0
locus NW_006803989.1:1703865
7 0
14 0
6 0
18 0
6 0
17 0
10 0
9 0
6 0
0 14
4 0
16 0
16 0
5 0
16 0
11 0
10 0
locus NW_006803990.1:1215025
8 0
0 13
0 9
0 14
0 8
0 26
0 11
0 8
0 8
0 6
0 10
0 22
0 13
0 8
0 27
0 9
0 7
locus NW_006803991.1:3635239
4 0
17 0
6 0
20 0
19 0
16 0
17 0
8 0
16 0
12 0
5 0
12 0
14 0
5 0
15 0
8 0
8 0
locus NW_006803992.1:2271247
15 0
9 0
8 0
17 0
21 0
14 0
6 0
21 0
16 0
10 0
5 0
18 0
26 0
7 1
18 0
10 0
10 0
locus NW_006803992.1:3060355
5 0
14 0
9 0
20 0
6 0
23 0
9 0
9 0
7 2
7 0
6 0
16 1
6 7
7 0
23 0
17 1
0 14
locus NW_006803992.1:3827221
0 5
0 13
0 7
0 6
0 7
0 19
0 5
0 9
0 8
0 7
0 13
0 12
0 18
0 9
0 17
0 12
0 7
locus NW_006803992.1:5713509
58 0
47 0
17 0
64 0
68 0
104 0
58 0
49 0
44 0
37 0
13 0
73 0
80 0
45 0
86 0
67 0
49 0
locus NW_006803993.1:2004908
0 11
0 13
0 7
0 12
0 4
0 21
0 9
0 12
0 11
0 6
0 6
0 10
0 13
0 4
1 18
0 12
0 20
locus NW_006803993.1:5590772
6 0
10 0
4 0
10 0
15 0
11 0
9 0
7 0
10 0
8 0
9 0
21 0
20 0
7 0
14 0
11 0
13 0
locus NW_006803995.1:2814706
0 11
0 16
0 9
0 12
0 6
0 9
0 7
0 11
0 9
0 10
0 5
0 14
0 9
0 9
0 9
0 11
0 11
locus NW_006803995.1:3140651
11 0
12 0
11 0
11 0
6 0
15 0
9 0
16 0
8 0
4 0
4 0
10 0
7 0
6 0
22 0
13 0
32 0
locus NW_006803995.1:4959793
10 0
13 0
2 3
3 3
11 0
15 0
15 0
7 0
5 0
6 7
5 0
6 0
10 0
7 0
20 0
13 0
10 0
locus NW_006803996.1:2939204
13 0
6 0
8 0
13 0
21 0
13 0
15 0
13 0
14 0
23 0
4 0
5 0
15 0
8 0
13 0
9 0
9 0
locus NW_006803999.1:4293524
11 0
15 0
4 0
22 0
11 0
26 0
8 0
18 0
15 0
7 0
9 0
10 0
16 0
9 0
19 0
7 0
16 0
locus NW_006803999.1:4427356
13 0
10 0
5 0
9 0
12 0
17 0
12 0
12 0
17 0
4 0
5 0
8 0
6 0
10 0
21 0
6 0
4 14
locus NW_006804000.1:3651621
0 5
0 17
0 7
0 14
0 17
0 20
0 11
1 8
0 23
0 4
0 5
0 18
0 11
0 6
0 24
0 17
0 5
locus NW_006804001.1:2243074
6 0
26 0
4 0
20 0
7 0
26 0
17 0
11 0
9 0
15 0
4 0
19 0
6 0
11 0
16 0
10 0
10 0
locus NW_006804002.1:181718
0 15
0 14
0 5
1 29
0 7
0 15
0 13
0 18
0 15
0 5
0 9
0 10
0 9
0 5
0 12
0 17
0 8
locus NW_006804002.1:2476157
9 0
12 0
9 0
20 0
10 0
17 0
15 0
27 0
9 0
9 0
6 0
8 0
16 0
16 0
16 0
11 0
7 0
locus NW_006804003.1:922335
0 7
0 8
0 8
0 6
0 10
0 18
0 7
8 6
0 10
3 6
0 19
0 9
7 6
0 5
0 26
0 9
0 12
locus NW_006804003.1:2837737
14 0
12 0
5 0
13 0
13 0
13 0
18 0
8 0
22 0
13 0
5 0
15 0
8 0
7 0
24 0
13 0
12 0
locus NW_006804003.1:4126778
3 3
10 3
3 2
8 5
5 6
16 9
7 7
8 19
12 11
3 2
5 5
8 7
6 9
3 3
20 12
8 7
5 7
locus NW_006804003.1:4337396
10 0
11 0
6 0
13 0
11 0
9 0
19 0
8 0
8 0
9 0
4 0
9 0
6 0
10 0
14 0
6 0
8 0
locus NW_006804004.1:5184046
19 0
19 0
4 0
23 0
7 0
15 0
12 0
17 0
20 0
13 0
6 0
11 0
14 0
8 0
18 0
12 0
20 0
locus NW_006804005.1:1673856
10 0
22 0
10 0
10 0
16 0
13 0
24 0
11 0
7 0
10 0
5 0
10 0
17 0
6 0
21 0
19 0
19 0
locus NW_006804005.1:2210351
7 0
6 0
8 0
14 0
7 0
13 0
18 0
20 0
9 0
9 0
10 0
5 0
16 0
4 0
6 0
10 0
8 0
locus NW_006804006.1:1471246
0 6
0 10
0 8
0 19
0 20
0 19
0 18
0 15
0 13
0 6
0 4
0 8
0 13
0 11
0 19
0 7
0 8
locus NW_006804006.1:3481133
0 6
0 19
0 4
0 9
0 8
0 13
0 7
0 7
0 9
0 8
0 5
0 4
0 14
0 9
0 10
0 6
0 13
locus NW_006804007.1:1472293
0 7
0 17
0 6
0 12
0 20
0 7
0 12
0 13
0 8
0 19
0 8
0 28
0 9
0 14
0 12
0 9
0 4
locus NW_006804007.1:1550846
0 10
0 8
0 7
0 11
0 23
0 10
0 19
0 17
0 9
0 20
0 10
0 15
0 12
0 4
0 17
0 8
0 11
locus NW_006804007.1:4390823
10 0
10 0
5 0
11 0
14 1
11 0
21 0
9 0
20 0
13 0
4 0
11 0
16 0
11 0
15 0
19 0
16 0
locus NW_006804007.1:4425630
10 0
6 0
6 0
10 0
9 0
9 0
17 0
15 0
8 0
11 0
7 0
7 0
20 0
4 0
15 0
13 0
8 0
locus NW_006804007.1:4470134
12 0
12 0
8 0
15 0
7 0
11 0
9 0
6 0
18 0
6 0
11 0
13 0
17 0
8 0
11 0
8 0
17 0
locus NW_006804007.1:4639147
0 9
0 18
0 5
0 20
0 10
0 17
0 14
0 14
0 13
0 20
0 4
0 13
0 11
0 11
0 14
0 13
0 13
locus NW_006804007.1:4952132
0 8
0 13
0 9
0 18
0 11
0 43
0 13
0 10
0 5
0 7
0 7
0 10
0 10
0 11
0 26
0 11
0 16
locus NW_006804009.1:579933
0 18
0 16
0 8
0 17
0 20
0 31
0 5
0 24
0 10
0 14
0 5
0 25
0 13
0 13
0 50
0 26
0 27
locus NW_006804009.1:5060840
8 0
18 0
8 0
8 0
8 0
10 0
10 0
11 0
12 0
12 0
10 0
10 0
21 0
8 0
23 0
7 0
5 0
locus NW_006804010.1:2115476
3 5
0 9
2 6
2 6
7 8
9 15
5 9
3 13
2 3
7 3
6 6
4 10
6 10
6 6
9 14
4 12
14 18
locus NW_006804010.1:5073122
27 0
56 0
30 0
43 0
41 0
65 0
39 0
38 0
49 0
40 0
24 0
48 0
48 0
13 0
43 0
24 0
25 0
locus NW_006804010.1:5099906
13 22
9 25
2 21
17 59
8 23
8 34
15 38
22 28
7 45
6 25
5 22
10 36
6 39
11 25
20 58
18 34
17 44
locus NW_006804012.1:1409622
0 7
0 8
0 4
0 13
0 14
0 14
0 4
0 5
0 7
0 5
1 3
0 6
0 5
0 10
0 17
0 8
0 6
locus NW_006804012.1:4477741
0 6
0 15
0 10
0 10
0 18
0 8
0 7
0 23
0 10
0 15
0 5
0 13
0 17
0 11
0 17
0 13
0 10
locus NW_006804015.1:253444
10 1
11 0
4 0
23 0
8 0
14 0
8 0
14 0
12 0
16 0
5 0
10 0
17 0
7 0
26 0
11 0
10 0
locus NW_006804015.1:833914
4 0
25 0
6 0
15 0
8 0
21 0
7 0
8 0
6 0
20 0
5 0
11 0
11 0
8 0
20 0
15 0
11 0
locus NW_006804015.1:2488272
6 0
13 0
6 0
11 0
20 0
19 0
10 0
14 0
8 0
12 0
12 0
12 0
19 0
10 0
15 0
11 0
11 0
locus NW_006804015.1:3325227
9 0
17 0
11 0
7 0
16 0
22 0
14 0
14 0
16 0
23 0
6 0
16 0
15 0
9 0
19 0
6 0
11 0
locus NW_006804016.1:1069
41 0
52 0
39 0
45 0
64 0
63 0
98 0
48 0
51 0
98 0
17 0
56 0
108 0
36 0
136 0
76 0
92 0
locus NW_006804016.1:1799
9 24
4 26
6 20
9 37
7 19
18 47
13 19
14 37
8 48
8 25
2 6
3 39
7 31
3 20
22 70
17 44
10 62
locus NW_006804016.1:2242
44 1
42 3
29 2
13 3
49 2
55 5
28 3
47 12
51 4
28 0
3 2
48 3
67 3
71 5
136 8
95 8
103 7
locus NW_006804016.1:97728
9 9
18 5
3 4
11 11
15 15
18 7
13 8
7 5
5 8
10 5
5 4
8 8
13 7
4 4
16 14
14 7
8 8
locus NW_006804016.1:2984451
12 0
10 0
11 0
8 16
13 0
12 5
9 4
7 8
9 0
0 10
8 0
0 6
5 7
10 0
21 0
22 2
4 6
locus NW_006804016.1:3658729
0 9
0 9
0 5
0 12
0 12
0 25
0 10
0 8
0 16
0 11
0 4
0 16
0 14
0 7
0 23
0 9
0 15
locus NW_006804017.1:4835170
12 10
0 10
0 5
28 0
0 15
0 15
0 12
0 11
10 4
6 2
1 4
8 0
11 0
0 5
20 0
11 0
16 0
locus NW_006804019.1:4358114
7 0
16 0
7 0
19 0
7 0
14 0
10 0
19 0
14 0
9 0
0 9
9 0
10 0
6 0
23 0
11 0
16 0
locus NW_006804020.1:232747
15 0
28 0
10 0
24 0
15 0
25 0
10 0
26 0
18 0
9 0
4 0
27 0
15 0
12 0
30 0
27 0
13 0
locus NW_006804020.1:535135
4 7
5 6
0 7
4 6
11 13
17 0
12 0
2 6
4 3
14 0
7 2
12 3
13 12
3 3
27 0
7 0
4 1
locus NW_006804020.1:908305
0 7
0 11
0 5
0 11
0 6
0 19
0 12
0 7
0 11
0 9
0 7
0 9
0 6
0 4
0 29
0 12
0 10
locus NW_006804021.1:425662
0 6
0 13
0 5
0 16
0 8
0 20
0 15
0 7
0 15
0 9
0 4
0 10
0 7
0 5
0 17
0 7
0 7
locus NW_006804022.1:727231
0 16
0 7
0 6
0 22
0 14
0 12
1 21
0 11
0 17
0 9
0 8
0 9
0 10
0 6
0 21
0 18
0 25
locus NW_006804022.1:3064995
4 1
15 1
11 0
16 1
10 3
9 0
4 0
20 1
6 0
14 0
8 0
15 0
5 0
11 0
21 0
17 1
12 0
locus NW_006804022.1:3634855
5 0
8 0
5 0
11 0
14 0
22 0
5 0
12 0
13 0
7 0
9 0
11 0
6 0
11 0
19 0
14 0
12 0
locus NW_006804023.1:771155
7 0
4 0
7 0
16 0
1 6
18 0
19 0
10 0
12 0
11 0
5 0
12 0
10 0
9 0
9 0
4 0
9 0
locus NW_006804023.1:4245596
7 0
9 0
4 0
6 0
7 0
10 0
17 0
12 0
16 0
15 0
6 0
6 5
15 0
12 0
4 6
9 0
5 0
locus NW_006804025.1:2351180
0 9
0 12
0 11
0 26
0 16
0 22
0 6
0 9
0 17
0 6
0 7
0 19
14 0
7 4
0 32
0 7
0 14
locus NW_006804025.1:3843815
5 0
12 0
5 0
13 14
12 0
27 0
11 0
2 5
13 0
11 1
4 0
7 12
0 12
6 0
31 0
7 0
19 0
locus NW_006804026.1:4093606
11 0
16 0
10 0
23 0
11 1
15 0
12 0
17 0
14 0
8 0
4 0
23 0
25 0
11 0
21 0
13 0
13 0
locus NW_006804027.1:1015278
2 3
9 0
8 0
2 2
13 0
19 0
23 0
20 0
10 0
7 1
4 0
18 0
18 0
7 0
2 7
10 0
17 0
locus NW_006804028.1:715156
8 0
9 0
7 0
14 0
15 0
12 0
15 0
16 0
16 0
6 0
6 0
5 0
14 0
9 0
10 0
11 0
8 0
locus NW_006804029.1:1231743
15 0
19 0
4 0
9 0
15 0
18 0
13 0
11 0
15 0
14 0
9 0
13 0
17 0
6 0
6 0
5 0
7 0
locus NW_006804029.1:1825776
5 0
8 0
4 0
10 0
13 0
9 0
21 0
15 0
16 0
13 0
4 0
17 0
8 0
4 0
8 0
7 0
10 0
locus NW_006804031.1:3095257
7 0
8 0
6 0
21 0
14 0
26 0
20 0
14 0
13 2
14 0
5 0
8 0
19 0
12 0
18 0
12 0
22 0
locus NW_006804032.1:4834422
6 0
21 0
6 0
16 0
7 0
13 0
9 0
14 0
6 0
7 0
4 0
14 0
8 1
12 0
11 1
20 0
8 0
locus NW_006804033.1:569129
5 0
7 0
9 0
4 0
7 0
12 0
19 0
13 0
14 0
18 0
4 0
18 0
17 0
5 0
19 0
8 11
12 0
locus NW_006804033.1:622368
8 0
13 0
5 0
10 0
6 0
6 9
3 7
9 0
11 0
7 0
4 0
12 0
7 0
11 0
19 0
5 8
12 0
locus NW_006804033.1:999095
11 0
10 0
4 0
14 0
9 0
9 0
10 0
6 0
13 0
7 0
4 0
10 0
9 0
6 0
16 0
10 0
5 0
locus NW_006804033.1:4379002
8 0
6 0
5 0
13 0
7 0
10 0
16 1
15 0
14 0
20 0
7 0
15 0
16 0
7 0
12 0
8 0
15 0
locus NW_006804034.1:4188278
10 0
8 0
6 0
15 0
6 0
13 0
6 0
12 0
9 0
18 0
11 0
12 0
9 0
9 0
18 0
7 0
9 0
locus NW_006804035.1:1713433
9 0
13 0
8 0
14 0
12 0
15 0
23 0
22 0
12 0
5 0
5 0
20 0
9 0
5 0
11 14
19 0
15 0
locus NW_006804035.1:4288245
0 11
0 10
0 8
5 11
0 9
0 12
0 7
0 12
0 12
0 10
0 6
0 17
0 15
0 7
0 17
0 10
0 13
locus NW_006804036.1:1972751
0 22
0 11
0 5
0 21
0 12
0 16
0 5
0 16
0 10
0 10
0 18
0 16
0 14
0 9
0 18
0 7
1 10
locus NW_006804036.1:2350974
16 0
7 0
5 0
9 0
8 0
16 0
14 0
5 0
10 0
9 0
6 0
0 6
4 8
7 0
15 0
10 0
14 0
locus NW_006804036.1:2486030
8 0
19 0
6 0
1 6
14 0
20 0
6 0
17 0
8 0
6 0
8 0
7 0
4 0
11 0
8 11
12 0
8 0
locus NW_006804041.1:2724318
12 0
15 0
12 0
13 0
12 0
11 0
12 0
11 0
17 0
13 0
8 0
20 0
15 0
5 0
18 0
10 0
15 0
locus NW_006804041.1:4209886
9 0
10 4
3 3
7 12
18 0
16 0
9 0
21 0
8 0
13 0
6 0
8 0
21 0
11 0
26 0
10 0
5 0
locus NW_006804043.1:2538042
0 9
0 7
0 4
0 11
0 9
0 14
0 14
1 9
0 16
0 11
0 8
0 6
0 10
0 10
0 16
0 13
0 18
locus NW_006804045.1:607534
5 0
8 0
7 0
13 0
4 0
19 0
14 0
7 0
9 0
12 0
9 0
10 0
16 0
6 0
23 0
10 0
17 0
locus NW_006804046.1:2432393
0 6
0 4
0 7
0 9
0 15
0 16
0 11
0 9
0 8
0 8
0 11
0 15
0 11
0 11
0 18
0 5
0 18
locus NW_006804047.1:1826150
0 6
0 15
3 1
1 12
16 0
0 22
0 14
0 14
0 16
9 0
0 5
8 12
10 0
5 0
0 17
8 0
8 10
locus NW_006804047.1:3212960
26 0
9 0
4 0
16 0
5 0
15 0
23 0
19 0
15 0
12 0
7 0
10 0
13 0
10 0
30 0
21 0
14 0
locus NW_006804048.1:1027505
0 7
0 6
0 5
0 14
0 9
0 17
0 6
0 6
0 9
0 8
0 4
0 8
0 9
0 7
0 9
0 5
0 11
locus NW_006804049.1:4495037
0 42
0 79
0 36
1 105
0 64
0 83
0 66
0 67
0 33
0 141
0 27
0 42
0 65
0 70
0 166
0 64
0 81
locus NW_006804051.1:3808918
1 35
0 59
0 24
1 98
4 36
1 62
2 72
0 39
2 36
1 53
1 34
0 69
2 74
1 14
0 33
0 11
0 20
locus NW_006804052.1:2893560
0 8
0 8
0 7
0 18
0 11
0 14
0 10
0 20
0 13
0 9
0 11
0 7
0 11
0 4
0 16
0 10
0 17
locus NW_006804052.1:4156203
6 0
14 0
11 0
12 0
14 0
9 0
10 1
6 0
6 0
11 0
8 0
13 0
7 0
8 0
14 0
17 0
10 0
locus NW_006804053.1:1228940
0 10
0 19
0 7
0 16
0 12
0 18
0 4
0 7
0 6
0 5
0 7
0 10
0 14
0 8
0 24
0 14
0 11
locus NW_006804053.1:2807538
11 0
11 0
5 0
13 0
12 0
11 0
11 0
11 0
12 0
6 0
7 0
14 0
11 0
9 0
10 0
12 0
7 0
locus NW_006804054.1:167992
6 0
12 0
7 0
23 0
11 0
14 0
19 0
11 0
12 0
9 0
5 0
17 0
14 0
5 0
19 0
14 0
13 0
locus NW_006804055.1:249466
15 0
27 0
4 0
18 0
10 0
19 0
20 0
18 0
8 0
4 0
4 0
13 0
24 0
9 0
25 0
19 0
19 0
locus NW_006804057.1:3268431
5 0
9 0
4 0
9 0
15 0
15 0
13 0
15 0
7 0
6 0
8 0
8 0
8 0
5 0
9 0
16 0
12 0
locus NW_006804058.1:4133614
6 6
10 9
5 4
12 12
7 14
14 16
10 15
3 3
7 10
13 14
4 2
15 4
15 10
10 5
11 8
10 5
8 5
locus NW_006804059.1:605628
7 0
7 0
8 0
8 0
7 0
16 0
9 0
8 0
15 0
6 0
4 0
9 0
13 0
10 0
20 0
9 0
11 0
locus NW_006804060.1:1743854
0 9
0 8
0 5
0 8
0 12
0 8
0 4
0 10
0 4
0 7
0 5
0 11
0 5
0 8
1 7
0 6
0 5
locus NW_006804061.1:865537
0 4
0 5
0 17
0 14
0 9
0 11
0 22
0 15
0 9
0 8
0 8
0 14
0 19
0 9
0 22
0 13
0 12
locus NW_006804061.1:1713345
6 0
4 6
4 1
6 6
14 0
3 3
9 3
12 0
10 0
9 0
9 0
4 0
18 0
0 6
15 0
6 5
6 0
locus NW_006804063.1:3998063
9 0
10 0
6 0
12 0
6 0
18 0
13 0
11 0
18 0
14 0
10 0
11 0
16 0
9 0
14 0
10 0
9 0
locus NW_006804064.1:2688777
0 9
0 12
0 7
0 27
0 11
0 14
0 7
0 5
0 13
0 13
0 8
0 15
0 10
0 6
0 16
0 10
0 9
locus NW_006804065.1:202626
0 7
0 12
0 7
0 16
0 11
0 20
0 15
0 11
0 15
0 10
0 9
0 19
0 14
0 9
0 22
0 20
0 13
locus NW_006804066.1:3674173
16 2
25 1
13 1
16 2
20 0
58 3
22 3
14 3
28 1
30 0
7 2
20 14
36 5
32 1
45 2
31 1
29 0
locus NW_006804068.1:875677
5 0
9 0
10 0
11 0
8 0
3 7
11 0
13 0
19 0
14 0
6 0
17 0
18 0
5 0
15 0
16 0
7 0
locus NW_006804068.1:1632222
0 12
0 10
0 7
0 9
0 7
0 19
0 12
0 18
0 15
0 10
0 4
0 14
0 11
0 12
0 18
0 17
0 15
locus NW_006804069.1:2564825
0 14
0 12
0 5
0 24
0 23
0 13
0 18
0 14
0 9
0 18
0 4
0 14
0 17
0 7
2 20
0 19
0 6
locus NW_006804075.1:526454
12 0
8 0
8 0
12 0
10 0
16 0
9 0
12 0
9 0
7 0
11 0
9 0
20 0
8 0
10 0
17 0
11 0
locus NW_006804075.1:2209258
0 10
0 9
0 7
0 15
0 8
0 8
0 18
0 12
0 8
0 10
0 4
0 13
0 15
0 9
0 21
0 8
0 8
locus NW_006804077.1:1387336
9 0
19 0
6 0
11 0
20 0
14 0
11 0
11 0
9 0
10 0
4 0
13 0
18 0
5 0
25 0
11 0
10 0
locus NW_006804078.1:2721525
5 0
14 0
5 0
10 0
14 0
11 0
13 0
12 0
10 0
6 0
5 0
3 9
6 0
10 0
14 0
11 0
9 0
locus NW_006804079.1:2282666
8 0
21 0
4 0
9 0
9 0
16 0
13 0
13 0
18 0
8 0
4 0
13 0
10 0
6 0
16 0
7 0
8 0
locus NW_006804081.1:2600472
7 0
13 0
9 0
15 0
9 0
19 0
8 0
3 11
10 0
12 0
5 0
3 13
13 0
7 0
18 0
7 0
9 0
locus NW_006804081.1:3559983
0 8
0 11
0 5
0 28
0 15
0 15
0 10
0 17
0 17
0 8
0 4
0 16
0 13
0 8
0 20
0 10
0 15
locus NW_006804084.1:3244761
7 0
9 0
7 0
15 0
13 0
14 0
8 0
9 0
11 0
16 0
8 0
16 0
8 0
7 0
26 0
16 0
17 0
locus NW_006804084.1:3388322
0 11
0 9
0 9
0 15
0 12
0 22
0 15
0 13
0 8
0 6
0 15
0 9
0 6
0 9
0 22
0 9
0 11
locus NW_006804084.1:3972750
0 5
0 9
0 8
0 7
0 15
0 12
0 15
0 14
0 8
0 10
0 5
0 12
0 18
0 4
3 15
0 6
0 6
locus NW_006804085.1:1170003
2 39
0 55
0 25
0 29
0 38
2 57
2 29
0 44
1 28
1 43
0 5
0 27
1 51
0 59
7 123
0 88
0 87
locus NW_006804087.1:1043606
3 24
4 10
1 10
5 23
12 15
11 6
8 2
16 7
0 7
11 2
4 8
11 9
3 14
4 4
14 17
19 14
22 16
locus NW_006804088.1:1218233
8 0
15 0
9 0
19 0
13 0
13 0
12 0
5 0
12 0
7 0
6 0
7 0
26 0
7 0
11 0
14 0
14 0
locus NW_006804089.1:1282207
0 11
0 14
0 9
0 14
0 15
0 19
0 21
0 18
0 6
0 11
0 6
0 17
0 18
0 9
0 21
1 25
0 19
locus NW_006804091.1:1837641
5 0
8 0
5 0
26 0
14 0
14 0
14 0
14 0
33 0
14 0
11 0
9 0
14 0
9 0
19 0
16 0
8 0
locus NW_006804093.1:534510
0 4
0 12
0 4
0 16
0 13
0 13
0 15
0 14
0 12
0 11
0 12
0 16
0 16
0 11
0 23
0 16
0 10
locus NW_006804093.1:2456567
0 5
0 18
0 9
0 11
0 8
0 8
0 4
0 14
0 12
0 16
0 4
0 9
0 12
0 6
0 17
0 10
0 19
locus NW_006804094.1:3117240
4 5
6 0
6 0
8 0
7 0
22 0
12 0
4 0
4 0
5 0
4 0
9 0
8 0
11 0
10 7
7 0
6 0
locus NW_006804095.1:2840063
6 0
12 0
7 0
13 0
11 0
19 0
10 0
17 0
14 0
4 0
5 0
21 0
13 0
12 0
27 0
9 0
15 0
locus NW_006804095.1:3326519
8 0
21 0
6 0
9 0
10 0
15 0
13 0
18 0
10 0
7 0
5 0
11 0
13 0
10 0
19 0
8 0
16 0
locus NW_006804096.1:1332328
4 0
12 0
5 0
24 0
14 0
21 0
7 0
10 0
12 0
13 0
6 0
7 0
17 0
6 0
23 0
6 0
8 0
locus NW_006804097.1:1109033
12 0
6 0
8 0
25 0
13 0
7 6
7 8
10 0
10 0
13 0
5 0
14 0
12 0
10 0
14 0
4 0
10 0
locus NW_006804097.1:3115900
10 0
0 13
0 8
4 3
0 19
16 4
6 0
12 0
8 0
2 5
6 3
4 4
13 4
2 9
9 10
5 4
10 8
locus NW_006804098.1:3694724
5 0
6 0
6 0
18 0
8 0
14 0
6 0
12 0
17 0
7 0
9 0
18 0
12 0
13 0
19 1
15 0
11 0
locus NW_006804099.1:3356704
9 0
8 0
5 0
23 0
9 0
14 0
8 0
9 0
9 6
10 0
15 0
4 0
7 0
5 0
16 0
6 0
14 0
locus NW_006804100.1:243483
0 13
0 10
0 7
0 18
0 10
0 18
0 9
0 20
0 16
0 9
0 5
0 16
0 12
0 7
0 21
0 11
0 16
locus NW_006804100.1:1312740
4 0
19 0
6 0
6 0
15 0
14 0
12 0
21 0
15 0
18 0
6 0
17 0
17 0
9 0
16 0
8 0
10 0
locus NW_006804100.1:1471879
0 8
0 12
0 5
0 16
0 5
0 8
0 14
0 6
0 12
0 13
0 8
0 15
0 6
0 5
0 6
0 11
0 8
locus NW_006804102.1:2589702
11 0
15 0
12 0
15 0
11 0
23 0
13 0
8 0
5 0
18 0
5 0
10 0
16 0
4 0
21 0
12 0
19 1
locus NW_006804105.1:3422454
0 8
0 18
0 10
0 27
0 14
0 16
0 12
0 14
0 12
0 10
0 15
0 21
0 14
0 7
0 17
0 13
0 18
locus NW_006804105.1:3588769
11 0
13 0
9 0
20 0
7 0
16 0
9 0
12 0
12 0
11 0
5 0
17 0
4 0
7 0
20 0
4 7
11 0
locus NW_006804107.1:1502755
0 10
0 9
0 8
0 13
0 13
0 13
0 13
0 15
0 15
0 20
0 8
0 19
0 9
0 4
1 21
0 6
0 12
locus NW_006804108.1:2969316
0 11
0 15
0 5
0 13
3 3
0 10
0 7
0 16
0 14
1 4
0 10
3 4
7 11
5 0
11 0
0 15
0 10
locus NW_006804109.1:1157122
6 0
9 0
4 0
20 0
13 0
4 1
9 0
9 0
7 0
12 0
7 0
10 0
8 0
10 0
23 0
10 0
6 0
locus NW_006804110.1:2157266
8 0
9 0
11 0
12 0
6 4
17 0
10 0
9 6
5 0
4 0
7 1
0 18
4 1
5 0
21 0
14 0
14 0
locus NW_006804111.1:251360
4 11
0 10
0 11
20 0
0 18
16 0
7 0
6 6
12 0
7 0
0 4
6 0
2 3
5 0
11 6
0 5
7 8
locus NW_006804111.1:1106901
8 0
10 0
9 0
10 0
10 0
17 0
7 0
12 0
10 0
7 0
7 0
9 0
15 0
9 0
24 0
11 0
13 0
locus NW_006804111.1:3425208
0 6
0 9
0 4
0 15
0 15
0 12
0 8
0 16
0 6
0 14
0 5
0 20
0 13
0 10
0 17
0 13
0 11
locus NW_006804112.1:2901351
4 0
12 0
11 0
4 0
6 0
13 0
12 0
17 0
13 0
5 0
10 0
12 0
20 0
4 0
11 0
11 0
1 10
locus NW_006804113.1:1009328
10 0
5 0
6 0
16 0
11 0
18 0
8 0
12 0
4 4
17 0
14 0
17 0
12 0
10 0
11 0
6 0
16 0
locus NW_006804113.1:2193991
0 11
0 8
0 6
0 9
0 7
0 15
0 11
0 6
0 10
0 18
0 5
0 9
0 8
0 4
0 21
0 15
0 11
locus NW_006804116.1:3432603
4 3
4 12
2 4
3 9
1 11
4 13
4 8
1 12
7 5
3 4
4 3
3 7
6 8
3 7
8 17
1 14
1 6
locus NW_006804117.1:1517276
0 10
0 11
0 5
0 14
0 12
0 9
0 7
0 6
0 8
0 8
0 14
0 7
0 16
0 6
0 20
0 8
0 10
locus NW_006804117.1:1903494
0 8
0 11
0 4
0 11
0 12
0 7
0 14
0 7
0 11
0 4
0 4
0 5
0 6
0 9
0 17
0 12
0 6
locus NW_006804118.1:1615633
0 12
0 18
0 11
0 11
0 11
0 18
0 12
0 5
0 14
0 6
0 11
0 5
0 25
0 10
0 17
0 7
0 5
locus NW_006804118.1:2241883
12 0
9 0
6 0
8 0
13 0
4 11
0 17
16 0
5 0
6 0
7 0
10 0
12 0
4 3
12 0
15 0
15 0
locus NW_006804119.1:1010228
10 0
11 0
8 0
16 0
16 0
14 0
7 0
13 0
10 0
8 0
4 0
13 0
8 0
12 0
20 0
6 0
4 0
locus NW_006804119.1:1981653
0 10
0 5
0 4
0 9
0 11
0 25
0 8
0 11
0 7
0 10
0 6
0 6
0 8
0 5
0 16
0 17
0 13
locus NW_006804122.1:2328417
4 0
18 0
8 1
17 0
7 0
17 0
11 0
17 0
24 0
8 0
4 0
9 0
14 0
11 0
31 0
10 0
20 0
locus NW_006804122.1:3445965
9 0
13 0
13 0
10 0
19 0
17 0
14 0
14 0
9 0
7 0
13 0
5 8
14 0
6 0
16 0
14 0
19 0
locus NW_006804122.1:3742172
3 3
11 9
5 3
17 14
18 11
8 10
1 11
6 7
8 16
9 4
4 5
5 5
12 9
0 6
12 13
10 7
14 11
locus NW_006804123.1:953856
0 5
0 12
0 6
0 7
0 26
0 10
0 16
0 8
0 13
0 10
0 4
0 6
0 10
0 6
0 10
0 9
0 11
locus NW_006804123.1:1443477
0 4
0 8
0 12
0 5
0 8
0 9
0 13
0 16
0 16
1 10
0 4
0 12
0 13
0 9
0 21
0 4
0 17
locus NW_006804124.1:2580463
0 9
0 12
0 4
0 11
0 12
0 16
0 12
0 8
0 11
0 8
0 4
0 7
0 14
0 9
0 17
0 11
0 10
locus NW_006804124.1:3127716
10 0
9 0
4 0
13 0
19 0
16 0
8 0
14 0
15 0
11 0
6 0
15 0
7 0
9 0
30 0
15 0
8 0
locus NW_006804125.1:2799336
10 0
0 12
0 7
8 1
0 20
17 0
7 0
1 7
10 0
11 2
4 0
7 0
8 3
1 7
20 0
10 1
0 13
locus NW_006804129.1:2213865
10 0
15 0
5 0
18 0
8 0
18 0
17 0
18 0
9 0
14 0
12 0
22 0
21 0
11 0
13 0
11 0
17 0
locus NW_006804130.1:5756
0 19
0 13
0 9
0 28
0 8
0 15
0 8
0 9
0 12
0 13
0 8
1 8
0 14
0 6
0 17
0 19
0 13
locus NW_006804130.1:2253861
0 28
0 21
0 10
0 51
0 22
0 28
0 26
0 15
0 13
0 22
0 9
0 24
0 23
0 18
0 20
0 14
1 38
locus NW_006804132.1:925261
11 0
10 0
20 0
4 0
10 0
6 6
10 3
12 0
6 0
6 0
8 0
19 0
12 0
9 0
21 0
9 0
6 0
locus NW_006804132.1:2383404
1 12
0 16
0 6
0 10
0 12
0 19
0 11
0 7
0 10
0 4
0 5
0 11
1 13
0 4
0 17
0 4
0 18
locus NW_006804133.1:1473056
18 0
19 0
5 0
27 0
7 0
15 0
12 0
15 0
12 0
11 0
5 0
15 0
11 0
12 0
23 0
8 0
5 0
locus NW_006804133.1:3042282
0 12
0 12
0 5
0 10
0 8
0 21
0 15
0 7
0 9
0 8
0 8
0 12
0 13
0 6
0 24
0 12
0 12
locus NW_006804135.1:336645
0 14
0 11
0 11
0 21
0 9
0 14
0 9
0 15
0 12
0 7
0 6
0 14
0 19
0 9
0 22
0 12
0 7
locus NW_006804135.1:3177349
0 12
0 18
0 7
0 14
0 11
0 12
0 6
0 7
0 21
0 8
0 5
0 12
0 10
0 8
0 27
0 21
0 11
locus NW_006804137.1:336775
0 7
6 7
0 5
3 6
0 10
0 8
0 17
0 9
3 2
0 15
0 7
0 11
0 12
0 8
0 17
0 14
0 8
locus NW_006804138.1:9513
8 0
8 0
5 0
14 0
15 0
6 0
23 0
23 0
10 0
23 0
13 0
19 0
21 0
4 0
23 0
3 1
12 0
locus NW_006804138.1:1560191
0 9
0 14
2 2
0 10
0 7
0 21
0 5
9 0
0 6
8 5
0 6
24 0
25 0
7 0
0 19
1 10
0 10
locus NW_006804139.1:1055043
0 4
0 19
0 6
0 5
0 10
0 22
0 8
0 8
0 17
0 11
0 7
0 11
0 14
0 11
0 21
0 11
0 15
locus NW_006804141.1:531196
12 0
9 0
4 0
22 0
17 0
0 15
2 12
11 0
12 0
11 0
13 0
23 0
15 0
4 0
21 0
9 0
15 0
locus NW_006804141.1:1368308
0 8
0 10
0 5
0 14
0 16
0 11
0 14
0 15
0 19
0 19
0 6
0 16
0 18
0 11
1 14
0 10
0 5
locus NW_006804141.1:2614683
11 0
6 0
13 0
22 0
11 0
15 0
8 0
13 0
9 0
9 0
5 0
16 0
12 0
1 6
27 0
14 0
11 0
locus NW_006804142.1:872366
0 13
0 14
0 5
0 15
0 7
0 13
0 7
1 12
0 14
0 6
0 6
0 12
0 7
0 8
0 22
0 8
0 12
locus NW_006804142.1:998342
0 13
0 10
0 4
0 8
0 7
0 9
0 11
0 8
0 12
0 10
0 7
0 12
0 4
0 7
0 15
0 14
0 7
locus NW_006804144.1:88134
10 3
22 3
10 2
43 3
24 0
28 3
16 4
12 2
10 3
25 5
6 4
22 2
25 4
8 3
35 13
25 3
18 7
locus NW_006804144.1:1281324
0 11
0 11
0 6
0 15
0 8
0 10
0 11
0 10
0 14
0 6
0 5
0 8
0 11
0 7
0 15
0 4
0 15
locus NW_006804144.1:1704223
10 0
18 0
4 0
10 0
13 0
5 0
14 0
6 0
9 0
11 0
4 0
7 0
8 13
5 0
20 0
8 0
13 0
locus NW_006804144.1:2405244
7 0
14 0
5 4
22 1
18 0
12 0
20 0
17 0
14 0
4 0
7 0
9 0
26 0
4 0
15 0
10 0
7 0
locus NW_006804146.1:2583736
7 0
10 0
5 1
21 0
15 0
16 0
4 0
9 0
19 0
6 0
7 0
13 0
20 0
8 0
18 0
11 0
9 0
locus NW_006804147.1:721871
0 10
0 13
0 7
0 9
0 13
0 10
0 16
0 14
0 10
0 7
0 4
0 7
0 6
0 6
0 12
0 17
0 7
locus NW_006804147.1:2102618
7 0
9 0
4 0
21 0
7 0
14 0
13 0
9 0
17 0
27 0
16 0
10 0
10 0
10 0
15 0
11 0
25 0
locus NW_006804147.1:2166443
8 0
12 0
8 0
20 0
11 0
5 0
15 0
19 0
7 0
5 5
6 0
13 0
3 13
5 0
10 0
10 0
15 0
locus NW_006804148.1:1357388
11 0
13 0
12 0
20 0
4 0
11 0
8 0
8 0
11 0
5 0
5 0
12 0
11 0
9 0
13 1
12 0
18 0
locus NW_006804148.1:2208495
0 8
0 5
0 7
0 11
0 13
0 11
0 8
0 6
0 13
0 8
0 5
0 6
0 12
0 8
0 14
0 8
0 11
locus NW_006804149.1:1153398
16 0
10 0
4 0
10 0
16 0
18 0
17 0
17 0
14 0
7 0
7 0
21 0
19 0
8 0
22 0
7 0
22 0
locus NW_006804149.1:2278966
4 0
9 0
4 0
8 0
12 0
12 0
6 0
6 0
14 0
7 0
9 0
9 0
7 0
4 0
15 1
9 0
9 0
locus NW_006804150.1:2252371
5 0
7 0
6 0
14 0
26 0
26 0
11 0
16 0
10 0
10 0
4 0
7 0
9 0
4 0
9 0
14 0
13 0
locus NW_006804154.1:1687270
9 0
6 0
6 0
8 0
12 0
13 0
10 0
25 0
9 0
14 0
6 0
14 0
15 0
4 0
11 0
8 0
14 0
locus NW_006804155.1:69542
4 0
11 0
4 0
11 0
8 6
21 0
10 0
10 0
5 8
0 12
7 5
0 7
9 8
1 9
18 7
0 15
0 9
locus NW_006804156.1:2656890
8 0
8 0
8 0
6 0
12 0
16 0
9 0
18 0
12 0
12 0
4 0
10 0
18 0
4 0
19 0
10 0
10 0
locus NW_006804157.1:3558268
27 2
50 8
15 0
57 17
42 15
41 5
43 6
15 4
47 6
33 8
19 0
48 1
42 3
34 2
56 9
40 8
32 14
locus NW_006804158.1:408788
16 0
11 0
11 0
14 0
12 0
9 0
16 0
14 0
13 0
13 0
8 0
13 0
16 0
5 0
19 0
6 0
12 0
locus NW_006804158.1:2352287
0 11
0 10
0 5
0 9
0 19
0 13
0 8
0 12
0 18
0 12
0 7
0 14
1 15
0 12
0 25
0 7
0 16
locus NW_006804159.1:2966308
0 13
0 8
0 14
0 17
0 8
0 12
0 7
0 13
0 12
0 22
0 5
0 21
0 17
0 13
1 24
0 14
0 9
locus NW_006804160.1:8254
0 18
0 8
0 14
0 8
0 32
7 17
11 19
0 13
5 9
9 8
0 8
0 29
9 22
1 3
0 24
0 14
0 9
locus NW_006804160.1:9648
16 0
8 0
8 0
15 0
17 0
32 0
53 0
35 0
34 0
18 0
6 0
40 0
44 0
23 0
30 0
34 0
33 0
locus NW_006804160.1:1024987
24 0
19 0
7 0
19 0
17 0
23 0
20 0
23 0
9 0
15 0
15 0
9 0
18 0
4 0
30 0
6 0
12 0
locus NW_006804161.1:2212546
8 0
6 0
8 0
8 0
17 0
15 0
10 0
13 0
14 0
4 0
10 0
12 0
12 0
4 0
18 0
9 0
14 0
locus NW_006804164.1:1239177
12 0
15 0
4 0
21 0
11 0
17 0
11 0
9 0
11 0
10 0
6 0
17 0
12 0
8 0
19 0
17 0
6 0
locus NW_006804166.1:1945435
14 0
13 0
11 0
14 0
7 0
6 0
10 0
12 0
11 0
5 0
4 0
7 0
10 0
10 0
12 0
9 0
9 0
locus NW_006804168.1:128681
0 7
0 14
0 9
0 4
0 13
0 9
0 8
0 7
0 16
0 7
0 5
0 4
0 15
0 5
0 28
0 10
0 7
locus NW_006804168.1:1143822
9 0
14 0
7 0
5 0
12 0
0 8
0 5
6 2
9 0
5 3
1 3
8 0
3 8
1 11
26 0
11 0
9 0
locus NW_006804170.1:1095607
13 0
7 0
4 0
17 0
11 0
9 0
17 0
4 5
6 0
11 0
5 0
0 9
4 4
12 0
17 0
7 0
13 0
locus NW_006804172.1:2559340
9 0
13 0
7 0
15 0
8 0
12 0
14 0
18 0
16 0
7 0
6 0
14 0
10 0
4 0
23 0
10 0
12 0
locus NW_006804173.1:1581937
0 8
0 9
0 10
0 9
0 9
0 10
0 10
0 6
0 13
0 7
0 6
0 15
0 10
0 6
0 15
0 13
0 7
locus NW_006804174.1:1448406
1 5
0 10
0 4
0 23
0 20
0 13
0 19
0 11
0 11
1 9
0 6
0 11
0 9
0 14
0 17
0 7
0 9
locus NW_006804176.1:87986
6 0
8 0
4 0
8 0
9 0
19 0
9 0
9 0
4 0
8 0
8 0
13 0
13 0
5 0
14 0
7 0
14 0
locus NW_006804176.1:1026308
0 8
0 22
0 8
0 27
0 20
0 26
0 13
0 12
0 11
0 18
0 6
0 16
0 15
0 5
0 11
0 17
0 8
locus NW_006804177.1:1372606
0 4
0 10
0 5
0 14
0 16
1 15
0 8
0 8
0 9
0 11
0 8
0 13
0 16
0 6
0 14
0 6
0 15
locus NW_006804178.1:1385979
0 15
0 17
0 5
0 9
0 20
0 15
0 12
0 20
0 6
0 10
0 7
0 15
0 14
0 6
0 13
0 13
0 6
locus NW_006804179.1:1256864
4 0
15 0
8 0
14 0
7 0
8 4
8 2
12 0
6 0
4 4
4 0
14 0
10 2
13 0
22 0
11 0
7 0
locus NW_006804180.1:148502
8 0
15 0
11 0
10 0
7 0
7 0
9 0
15 0
25 0
14 0
9 0
13 0
16 0
5 0
24 0
22 0
9 0
locus NW_006804181.1:2690651
0 11
0 12
0 13
0 17
0 14
0 6
0 11
0 15
0 4
0 5
0 5
0 8
0 8
0 15
0 27
0 11
0 5
locus NW_006804183.1:2534268
0 8
0 12
0 7
0 24
0 11
0 17
0 6
0 11
0 10
0 7
0 8
0 11
0 21
0 7
0 19
0 11
0 4
locus NW_006804185.1:1778020
0 6
0 11
0 11
0 12
9 5
0 16
1 16
11 5
0 10
4 3
0 4
0 13
0 14
0 9
13 0
0 9
4 10
locus NW_006804186.1:1944309
0 17
1 13
0 9
0 15
0 9
0 19
0 8
0 11
0 8
0 7
0 8
0 8
0 10
0 10
0 18
0 10
0 14
locus NW_006804193.1:1015447
8 0
7 0
10 0
2 3
10 0
10 0
14 0
9 0
16 0
4 3
4 0
12 0
5 5
9 0
17 0
13 0
7 0
locus NW_006804195.1:2680536
6 4
14 0
0 5
2 2
3 2
8 8
5 2
0 9
0 9
3 3
3 1
7 4
3 13
1 4
0 18
8 5
9 3
locus NW_006804195.1:2884466
12 0
9 0
5 0
14 0
10 0
12 0
14 0
6 0
17 0
10 0
4 0
7 0
9 0
5 0
16 0
11 0
8 0
locus NW_006804199.1:1736674
16 0
10 0
9 0
17 0
9 0
4 0
16 0
18 0
20 0
15 0
7 0
25 0
24 0
8 0
17 0
10 0
11 0
locus NW_006804200.1:1439477
8 0
10 0
2 3
22 0
13 1
18 0
13 0
8 3
6 0
10 0
3 1
7 9
5 6
0 11
9 8
4 9
19 0
locus NW_006804200.1:2282262
18 0
14 0
6 0
21 0
14 0
16 0
13 0
11 0
13 0
6 0
7 0
16 0
19 0
9 0
20 0
0 9
10 0
locus NW_006804203.1:1523992
6 0
8 0
6 0
13 0
9 0
4 10
6 2
6 0
14 0
6 0
8 0
0 15
7 8
14 0
12 18
17 0
14 0
locus NW_006804204.1:155294
11 0
12 0
9 0
20 0
15 1
16 0
6 0
5 0
12 0
12 0
8 0
13 0
14 0
12 0
20 0
16 0
6 0
locus NW_006804206.1:305545
0 7
0 15
0 12
0 19
0 14
0 27
0 13
0 21
0 11
0 13
0 8
5 3
0 11
0 7
11 11
0 12
4 7
locus NW_006804206.1:676098
4 2
14 0
1 4
25 3
6 0
16 0
15 0
21 0
13 0
12 0
7 0
12 0
23 0
11 0
9 9
0 7
16 0
locus NW_006804209.1:662049
0 5
0 13
0 6
0 11
0 8
0 13
0 9
0 8
0 10
0 8
0 4
0 8
0 8
0 10
0 25
0 10
0 12
locus NW_006804209.1:970960
0 8
0 12
0 9
0 17
0 10
0 20
0 5
0 8
0 9
0 4
0 11
0 7
0 6
0 15
0 25
0 13
0 9
locus NW_006804210.1:585448
2 7
0 16
3 8
8 17
5 12
17 12
12 7
10 7
9 19
13 10
2 2
13 7
7 7
6 4
27 25
7 10
7 9
locus NW_006804210.1:732925
12 0
9 0
5 1
20 0
14 0
12 0
13 0
13 0
18 0
7 0
5 0
15 0
26 0
6 0
11 0
4 0
13 0
locus NW_006804214.1:1838689
7 0
10 0
8 1
12 0
7 0
14 0
16 0
17 0
12 0
22 0
6 0
27 0
13 0
4 0
27 0
12 0
11 0
locus NW_006804214.1:1898938
10 8
4 16
3 2
5 10
7 6
12 10
13 6
9 7
8 7
11 5
3 1
5 8
9 9
2 3
15 13
8 7
8 13
locus NW_006804214.1:2700964
1 3
4 4
1 3
3 7
3 6
3 6
7 2
3 4
1 5
3 6
0 5
4 13
8 9
2 6
17 9
5 6
8 13
locus NW_006804215.1:3101547
6 0
13 0
7 0
10 0
15 0
12 0
13 0
16 0
14 0
21 0
4 0
16 0
16 4
6 0
23 0
15 0
11 0
locus NW_006804216.1:2485026
5 3
13 4
3 7
5 6
15 2
4 5
16 7
11 4
16 5
16 10
3 7
11 3
15 5
2 3
14 12
8 0
10 8
locus NW_006804217.1:1524816
9 0
9 0
6 0
14 0
15 0
16 0
12 0
8 0
15 0
9 0
4 0
12 0
8 0
8 0
14 0
18 0
9 6
locus NW_006804217.1:2622438
7 0
8 0
8 0
12 0
5 0
18 0
13 0
16 0
10 0
14 0
12 0
10 0
11 16
4 0
15 0
10 0
8 1
locus NW_006804219.1:537178
0 8
0 18
0 4
0 14
0 13
0 16
0 11
0 15
0 25
0 11
0 9
0 15
0 12
0 6
0 14
0 14
0 12
locus NW_006804221.1:865415
12 5
11 7
12 6
12 6
1 6
23 9
7 4
15 5
12 5
11 1
2 3
6 10
16 8
9 4
16 10
8 10
17 14
locus NW_006804221.1:1147767
8 0
7 0
5 0
11 0
5 0
14 0
11 0
7 0
5 0
14 0
3 1
16 0
12 0
10 0
18 0
8 0
16 0
locus NW_006804221.1:1341390
1 17
0 9
0 21
0 20
0 14
0 24
1 9
0 16
0 12
0 6
0 8
0 23
0 23
0 7
0 21
0 7
1 13
locus NW_006804221.1:1874813
1 5
0 6
6 3
0 5
3 6
0 8
0 6
4 0
0 10
2 2
0 5
6 0
2 11
7 8
0 22
7 0
7 4
locus NW_006804222.1:2229034
13 0
22 0
5 0
16 0
8 0
22 0
13 0
21 0
18 0
23 0
9 0
11 0
19 0
3 12
21 0
15 0
8 0
locus NW_006804222.1:2687544
0 16
0 5
0 12
0 20
0 9
0 10
0 23
0 12
0 12
0 15
0 5
0 12
0 28
0 7
0 23
0 11
0 11
locus NW_006804226.1:819832
0 8
0 8
0 8
0 7
0 9
0 11
0 16
0 8
0 14
0 4
0 6
0 8
0 21
0 6
0 11
0 14
0 6
locus NW_006804227.1:1682630
0 6
0 21
0 5
0 8
0 8
0 19
0 13
0 16
0 16
0 12
0 6
0 8
0 18
0 7
0 23
0 17
0 13
locus NW_006804227.1:2453104
1 8
0 16
0 11
0 12
0 8
0 8
0 7
0 16
0 9
0 5
0 4
0 9
0 13
0 7
0 9
0 4
0 13
locus NW_006804228.1:528491
6 0
13 0
4 0
24 0
15 0
15 0
20 0
15 0
13 0
14 0
6 0
22 0
20 0
7 0
26 0
13 0
11 0
locus NW_006804228.1:1274615
7 0
19 0
4 0
14 0
14 0
33 0
14 0
25 0
7 0
9 0
6 0
19 0
26 0
11 0
20 0
14 0
6 10
locus NW_006804228.1:2224461
0 10
0 23
0 5
0 18
0 15
0 18
0 12
0 21
0 10
0 11
0 5
0 10
1 12
0 9
0 16
0 18
0 17
locus NW_006804229.1:671482
0 9
0 12
1 4
0 17
0 10
0 8
1 9
0 10
0 13
0 9
1 9
0 6
0 8
0 9
2 18
0 7
0 5
locus NW_006804233.1:15436
56 19
95 44
50 12
107 24
68 39
57 16
95 40
87 21
103 24
59 15
48 16
139 31
83 14
36 8
104 48
57 25
54 10
locus NW_006804233.1:15772
12 3
18 4
10 0
8 4
28 5
11 2
16 1
4 7
9 1
10 0
13 0
21 3
8 6
7 2
15 5
10 3
10 6
locus NW_006804233.1:16153
42 16
45 8
20 1
39 4
45 12
45 5
32 9
35 2
23 9
41 6
23 8
46 10
69 8
18 5
81 32
57 11
39 6
locus NW_006804233.1:30696
25 24
63 60
15 8
42 32
40 27
49 30
42 19
39 30
49 28
25 15
13 4
64 49
38 24
29 24
65 45
50 32
56 24
locus NW_006804233.1:190840
7 0
11 0
7 0
10 0
14 0
9 0
11 0
16 0
17 0
7 0
4 0
6 0
10 0
6 0
9 0
14 0
10 0
locus NW_006804235.1:1500847
13 0
18 0
13 0
18 0
7 0
19 0
13 0
14 0
13 0
8 0
5 0
8 0
9 0
12 0
22 0
12 0
17 0
locus NW_006804235.1:1966957
0 5
0 9
0 4
0 14
0 9
0 15
0 9
0 9
0 9
0 5
0 7
0 16
0 6
0 9
0 14
0 7
0 18
locus NW_006804237.1:792128
7 0
10 0
7 0
15 0
13 0
21 0
13 0
9 0
23 0
11 0
5 0
9 0
8 0
10 0
23 0
10 0
13 0
locus NW_006804238.1:1782003
0 24
0 7
0 9
0 9
0 8
0 13
0 13
0 20
0 11
0 5
0 6
0 4
0 5
0 7
1 17
0 12
0 20
locus NW_006804239.1:863815
8 0
16 0
8 0
16 0
12 0
14 0
8 0
9 0
13 0
8 0
4 0
4 0
9 0
11 0
28 0
11 0
10 0
locus NW_006804240.1:407807
10 0
22 0
8 0
6 0
12 0
6 0
13 1
15 0
12 0
5 8
4 0
0 11
14 0
5 0
18 0
7 0
9 0
locus NW_006804241.1:721314
7 0
11 0
11 0
15 0
11 0
0 22
0 15
20 0
26 0
2 6
9 1
19 0
22 0
6 0
14 10
12 0
7 0
locus NW_006804241.1:1804686
0 8
0 10
1 5
15 0
15 0
10 0
20 0
27 0
6 0
6 0
4 0
14 0
19 0
13 0
14 9
11 0
10 0
locus NW_006804241.1:2495490
0 13
0 15
0 6
0 9
0 8
0 17
0 15
0 14
0 19
0 15
0 5
0 13
0 24
0 7
0 17
0 9
1 6
locus NW_006804244.1:88803
12 0
9 0
10 0
12 0
17 0
19 0
8 0
33 0
14 0
29 0
15 0
14 0
31 0
11 0
26 0
8 0
17 0
locus NW_006804244.1:271823
11 0
13 0
8 0
15 0
17 0
21 0
10 0
11 0
2 4
14 0
11 0
7 0
15 0
6 0
23 0
28 0
18 0
locus NW_006804245.1:1359559
0 5
0 15
0 6
0 5
0 11
0 8
0 19
0 19
0 20
0 5
0 18
1 22
0 21
0 10
0 18
0 11
0 12
locus NW_006804248.1:1785518
4 0
17 0
5 0
12 0
19 0
16 0
16 0
9 0
12 0
13 0
5 0
13 0
15 0
8 0
19 0
12 0
12 0
locus NW_006804249.1:2049454
9 0
16 0
4 0
14 0
16 0
14 0
6 0
12 0
16 0
8 0
4 0
9 0
20 0
4 0
10 0
11 0
13 1
locus NW_006804250.1:1123581
0 6
0 11
0 7
0 8
0 11
0 7
0 8
0 8
0 13
0 6
0 7
0 5
0 10
0 6
0 28
0 9
0 7
locus NW_006804251.1:917882
6 0
12 0
4 0
11 3
9 11
0 12
0 10
3 4
8 3
6 1
0 12
8 4
5 5
0 7
14 6
0 7
0 5
locus NW_006804251.1:2312858
12 0
7 0
7 0
18 0
17 0
14 0
8 0
6 9
6 0
6 0
6 0
16 0
17 0
16 0
20 0
12 0
14 0
locus NW_006804253.1:2269222
14 16
12 25
7 10
7 37
9 27
10 24
1 13
6 6
10 11
4 11
3 14
14 21
16 15
8 7
10 22
5 4
9 10
locus NW_006804254.1:1877138
0 10
0 10
0 7
0 14
0 12
0 16
0 17
0 15
0 13
0 9
0 5
0 5
0 23
0 9
0 15
1 9
0 6
locus NW_006804255.1:1714550
10 0
20 0
8 0
14 0
11 0
18 0
6 0
23 0
16 0
7 0
4 0
11 0
17 0
7 0
11 0
12 0
14 0
locus NW_006804257.1:377831
10 0
21 0
4 0
19 0
20 0
19 0
10 0
8 8
9 0
0 8
4 0
10 5
9 11
1 4
18 0
13 0
13 5
locus NW_006804259.1:1723745
0 6
0 5
0 19
0 13
0 15
0 27
0 22
0 18
0 14
0 12
0 4
0 23
13 8
0 6
0 22
0 15
0 11
locus NW_006804262.1:312986
0 7
0 13
0 6
0 14
0 18
0 14
0 19
0 12
0 15
0 9
0 4
0 16
0 19
0 5
0 18
0 16
0 16
locus NW_006804263.1:1203043
4 5
8 3
7 1
8 3
8 8
4 3
7 2
7 14
7 4
19 6
4 11
10 7
10 8
8 0
18 9
7 2
16 9
locus NW_006804265.1:2748856
0 9
0 14
0 5
0 17
0 12
0 11
0 12
0 12
0 12
0 11
0 8
0 14
0 5
0 13
0 19
0 11
0 10
locus NW_006804268.1:769598
0 4
0 18
0 4
0 10
0 9
0 13
0 10
0 4
0 10
0 7
0 4
0 7
0 13
0 8
0 19
0 14
0 13
locus NW_006804268.1:1023684
12 1
13 1
9 0
21 0
21 4
15 2
12 2
16 0
16 0
13 1
6 0
10 3
22 7
7 0
15 0
13 1
14 0
locus NW_006804271.1:1295961
6 10
10 6
6 0
9 1
14 0
21 0
17 0
14 0
13 0
12 0
5 0
12 0
8 0
15 0
21 0
10 0
10 0
locus NW_006804275.1:994840
0 5
0 10
0 8
0 20
0 14
0 20
0 5
0 12
0 9
0 10
0 5
0 5
0 9
0 11
0 19
0 6
0 8
locus NW_006804279.1:1579768
17 0
22 0
13 0
26 0
23 0
19 0
20 0
35 0
29 0
24 0
9 0
26 0
42 0
11 0
28 0
14 0
28 0
locus NW_006804281.1:414859
0 21
0 14
15 0
18 0
18 0
10 0
18 0
19 0
11 0
10 0
9 0
18 0
22 0
11 0
23 0
15 0
11 0
locus NW_006804283.1:464667
4 0
0 11
7 0
2 7
2 2
11 0
9 0
6 10
0 11
10 1
0 4
12 0
11 0
5 0
7 10
14 0
0 8
locus NW_006804286.1:2298792
12 0
10 0
17 0
25 0
13 0
11 0
15 0
14 0
15 0
18 0
17 0
16 0
17 0
5 0
19 0
18 0
17 0
locus NW_006804287.1:1540834
6 2
14 0
1 5
9 0
8 0
18 0
5 0
16 0
7 0
0 7
4 0
11 0
0 7
6 0
15 0
7 0
10 0
locus NW_006804290.1:729042
13 0
14 0
5 0
17 0
14 0
27 0
8 0
13 0
22 0
6 0
6 0
12 0
12 0
9 0
17 0
14 0
10 1
locus NW_006804290.1:940133
9 0
22 0
7 0
14 0
19 0
17 0
10 0
4 0
10 0
12 0
4 0
12 0
4 0
8 0
17 0
7 0
8 0
locus NW_006804294.1:720469
0 12
0 11
0 7
0 13
0 12
0 18
0 16
0 20
0 7
0 9
0 7
0 12
0 14
0 7
0 23
0 11
0 10
locus NW_006804296.1:422511
25 5
35 4
8 1
37 5
33 4
26 9
26 3
28 3
25 3
24 0
16 2
28 2
38 3
14 1
54 6
30 2
29 4
locus NW_006804297.1:839323
15 0
12 0
7 0
18 0
7 0
13 0
11 0
7 0
9 0
7 0
10 0
12 0
12 0
4 0
13 0
15 0
7 0
locus NW_006804302.1:1289272
8 0
14 0
4 0
29 0
10 0
12 0
16 0
6 0
14 0
10 0
5 0
8 0
17 0
7 0
16 0
13 0
11 0
locus NW_006804303.1:186415
0 10
0 13
0 9
1 18
0 9
0 13
0 13
0 7
0 6
0 8
0 4
0 8
0 4
0 10
0 11
0 9
0 16
locus NW_006804303.1:452978
11 3
0 12
0 9
14 1
12 0
22 0
8 0
6 0
0 8
10 0
3 5
12 0
10 0
6 0
0 19
0 5
0 10
locus NW_006804303.1:551013
6 0
8 0
5 0
10 0
8 0
18 0
5 0
11 0
14 0
7 0
5 0
13 0
15 0
12 0
21 0
9 0
13 0
locus NW_006804305.1:1165115
0 6
0 16
0 6
0 14
0 11
0 17
0 11
0 16
0 12
0 13
0 8
0 11
0 9
0 6
0 17
0 18
0 13
locus NW_006804305.1:1927768
0 7
0 11
0 5
0 10
0 17
0 13
0 12
0 6
0 15
0 9
0 9
0 7
0 7
0 12
0 16
0 15
0 14
locus NW_006804307.1:2100526
7 0
10 0
6 0
20 0
12 0
11 0
6 0
4 0
15 0
15 0
4 0
9 0
6 0
4 0
18 0
10 0
8 0
locus NW_006804307.1:2247766
6 0
8 0
7 0
19 0
11 0
10 0
14 0
16 0
7 6
26 0
5 0
23 0
13 0
12 0
24 0
7 0
14 0
locus NW_006804309.1:1476705
15 0
11 0
7 0
7 9
4 11
19 0
24 0
12 0
13 0
9 0
4 0
15 0
7 0
6 0
9 9
0 16
10 0
locus NW_006804310.1:1934820
11 0
20 0
11 0
16 0
16 0
20 0
18 0
15 0
11 0
7 1
6 0
13 0
8 0
4 0
15 0
17 0
12 0
locus NW_006804314.1:561276
10 0
12 0
15 0
21 0
10 0
17 0
15 0
11 0
11 0
10 0
5 0
13 0
8 0
11 0
30 0
7 0
10 0
locus NW_006804316.1:2267158
0 19
0 6
0 6
0 23
0 6
0 11
0 10
0 19
0 11
0 16
0 5
0 10
0 10
0 8
0 19
0 13
0 10
locus NW_006804321.1:1315707
0 12
0 21
0 5
0 21
0 33
0 5
0 9
0 4
0 19
0 11
0 4
0 12
0 6
0 11
3 16
0 12
0 14
locus NW_006804326.1:974752
10 0
10 0
9 0
15 0
16 0
16 0
7 0
16 0
17 0
7 0
4 0
12 0
11 0
7 0
15 0
4 0
14 0
locus NW_006804327.1:1565350
3 6
0 6
0 6
0 10
0 9
4 27
3 11
3 16
0 7
1 8
5 3
4 16
5 17
2 6
4 21
0 13
5 16
locus NW_006804328.1:1807831
8 0
7 0
5 0
12 0
11 0
13 0
5 0
9 0
10 0
6 0
4 0
14 0
15 0
9 0
17 0
16 0
14 0
locus NW_006804328.1:2167267
0 13
0 11
0 6
0 14
0 10
0 7
0 8
0 20
0 11
0 8
0 6
0 9
0 12
0 7
0 19
0 9
0 12
locus NW_006804329.1:710500
14 0
23 0
6 0
11 0
15 0
22 0
6 0
12 0
12 0
7 0
4 0
7 0
7 0
10 0
22 0
17 0
9 0
locus NW_006804331.1:123056
0 8
0 10
0 6
0 10
0 8
0 15
0 24
0 4
0 5
0 8
0 11
0 13
0 12
0 5
0 21
0 24
0 9
locus NW_006804331.1:1040843
9 0
16 0
9 0
20 0
8 0
15 0
7 0
11 0
5 0
12 0
5 0
10 0
4 0
3 5
15 0
11 0
9 0
locus NW_006804332.1:5111
14 0
24 0
16 0
30 0
16 0
15 0
21 0
14 0
23 0
12 0
9 0
14 0
23 0
4 0
14 0
15 0
22 0
locus NW_006804335.1:55345
8 1
9 1
7 1
8 2
11 0
15 2
19 6
19 0
15 0
15 6
7 0
15 0
22 3
9 2
19 7
14 2
16 2
locus NW_006804335.1:1553452
0 11
0 10
0 5
0 11
0 11
0 8
0 15
5 2
0 14
0 8
0 9
0 14
0 17
0 11
0 23
0 5
0 12
locus NW_006804338.1:1224143
5 0
13 0
8 0
10 0
8 0
13 0
14 0
6 0
5 0
8 0
6 0
15 0
13 0
8 0
13 0
6 2
9 8
locus NW_006804339.1:684999
0 10
1 10
0 5
0 12
0 11
0 11
0 10
0 14
0 5
0 6
0 5
0 9
0 6
0 10
0 19
0 9
0 13
locus NW_006804339.1:1266839
21 0
35 0
9 0
29 0
33 0
30 0
31 0
13 0
9 0
23 0
14 0
13 0
26 0
11 0
23 0
11 0
29 0
locus NW_006804341.1:692672
16 0
17 0
6 0
14 0
9 0
14 0
13 0
5 0
6 0
10 0
11 0
7 0
26 0
10 0
18 0
13 0
17 0
locus NW_006804343.1:1842013
0 5
0 6
0 4
0 24
0 8
0 12
0 12
0 13
0 25
0 7
0 5
0 19
0 10
0 5
0 22
0 15
0 16
locus NW_006804351.1:1619640
29 11
44 9
19 1
71 6
38 13
64 13
38 7
26 20
39 7
27 4
41 5
46 2
52 12
28 3
106 11
52 2
33 6
locus NW_006804351.1:1635448
26 7
34 1
20 12
71 25
34 3
58 4
41 3
16 25
22 16
37 1
14 5
32 1
49 10
46 16
55 34
52 5
28 17
locus NW_006804351.1:1635725
15 0
21 0
13 0
31 0
14 0
22 0
11 0
17 0
13 0
21 0
6 0
14 0
22 0
26 0
41 0
21 0
31 0
locus NW_006804351.1:1638543
5 18
25 23
6 8
18 15
13 11
24 9
23 14
20 36
28 27
15 6
9 21
20 29
32 31
10 23
28 52
18 18
13 19
locus NW_006804351.1:1650648
51 1
52 0
23 0
91 0
53 0
70 0
93 0
47 0
45 0
50 0
32 0
63 0
81 0
48 0
103 1
54 0
57 0
locus NW_006804351.1:1661452
4 27
7 38
8 21
4 46
9 51
21 57
18 38
12 41
7 42
18 36
6 27
10 31
17 79
5 15
14 55
7 29
8 25
locus NW_006804353.1:1827232
0 7
0 11
0 6
0 21
0 5
0 12
0 18
0 11
0 8
0 9
0 9
0 10
0 8
0 5
0 12
0 12
0 17
locus NW_006804356.1:447
4 17
5 10
1 3
9 10
11 15
3 12
2 8
0 6
3 15
5 16
3 2
7 6
5 11
5 9
14 22
10 14
8 9
locus NW_006804357.1:1705491
4 0
13 0
7 0
10 0
10 0
13 0
17 0
12 0
11 0
7 0
5 0
8 0
11 0
10 0
21 0
14 0
13 0
locus NW_006804357.1:1972075
10 23
9 10
6 5
19 14
16 20
21 12
13 10
16 14
8 15
4 12
9 0
6 12
14 9
7 9
20 13
9 16
12 14
locus NW_006804357.1:2026423
0 12
0 26
0 12
0 16
0 15
0 34
0 19
0 24
0 16
0 12
0 9
0 20
0 23
0 15
0 34
0 22
0 29
locus NW_006804359.1:47255
6 0
7 2
4 0
9 0
7 1
10 12
11 2
7 2
5 1
14 5
4 0
12 0
4 7
5 7
9 1
7 2
9 2
locus NW_006804359.1:1852469
10 0
9 0
3 4
8 0
0 10
11 2
10 4
2 11
0 17
0 8
3 3
0 12
0 11
0 12
0 19
2 6
0 12
locus NW_006804368.1:52914
0 9
1 14
0 6
0 26
0 22
0 11
0 14
0 10
0 10
0 16
0 4
0 19
0 20
0 11
0 24
0 11
0 11
locus NW_006804368.1:1651424
5 20
7 9
2 5
7 10
12 19
8 11
8 13
12 7
11 20
5 12
5 3
12 12
10 22
6 21
20 38
13 27
13 33
locus NW_006804369.1:877710
8 0
2 5
7 0
17 0
6 2
1 11
0 11
0 9
0 12
0 10
3 4
0 11
4 13
0 4
9 2
3 9
12 2
locus NW_006804369.1:1120505
0 9
0 17
0 8
0 13
0 11
0 18
0 8
0 10
0 16
0 12
0 9
0 17
0 27
0 12
0 25
0 11
0 10
locus NW_006804370.1:1781097
0 4
0 9
0 5
0 13
0 4
0 12
0 10
0 14
0 12
0 8
0 11
0 17
0 14
0 8
0 19
0 15
0 17
locus NW_006804375.1:1836934
6 0
7 0
4 0
14 0
14 0
15 0
16 0
5 1
7 0
11 0
10 0
11 0
0 13
0 6
13 0
13 0
9 0
locus NW_006804379.1:1518931
0 23
0 16
0 13
0 25
0 25
0 25
0 23
0 20
0 14
0 13
1 10
0 18
0 18
0 10
0 22
0 14
0 18
locus NW_006804381.1:1611597
0 11
0 19
0 12
0 17
0 24
0 12
0 12
0 24
0 9
0 13
0 10
0 11
0 25
0 5
1 11
0 11
0 15
locus NW_006804381.1:1716433
0 12
0 14
0 5
0 13
0 18
0 22
0 8
0 17
0 11
0 11
0 4
0 10
0 14
0 9
0 23
0 17
1 14
locus NW_006804382.1:266034
0 12
0 16
0 15
0 17
0 12
0 7
0 16
0 11
0 27
0 9
0 4
0 22
0 14
0 7
1 21
0 17
0 4
locus NW_006804387.1:760287
9 0
10 0
4 0
12 0
9 0
6 0
5 0
7 0
7 0
15 0
4 0
8 0
8 0
4 0
8 0
8 0
8 0
locus NW_006804388.1:1189930
1 5
0 6
0 11
1 8
0 6
8 6
1 11
3 12
0 11
1 10
1 4
1 5
2 16
0 9
0 17
0 7
0 8
locus NW_006804389.1:1180642
0 7
0 8
0 7
0 13
1 5
0 11
0 11
0 7
0 8
0 12
0 8
0 20
0 15
0 5
0 14
0 15
0 5
locus NW_006804391.1:217956
13 0
9 0
6 0
19 0
11 0
14 0
17 0
7 12
0 19
6 4
11 0
17 0
0 12
7 0
18 0
10 0
15 0
locus NW_006804394.1:528195
1 6
1 16
0 13
0 12
0 9
0 10
0 8
0 14
0 11
0 5
0 6
0 15
0 11
0 10
0 12
0 17
0 14
locus NW_006804413.1:1833187
6 0
16 0
14 0
20 0
9 0
0 26
2 13
0 24
7 0
7 0
7 0
27 0
18 0
6 0
12 7
17 0
13 0
locus NW_006804420.1:1513060
8 0
12 0
5 0
19 0
29 0
15 0
10 0
20 0
6 0
14 0
6 0
7 0
18 0
10 0
12 0
10 0
10 0
locus NW_006804421.1:1353789
0 25
0 18
0 20
0 28
0 11
0 21
0 19
0 21
0 19
0 8
0 11
0 28
0 31
0 14
0 40
0 15
0 25
locus NW_006804429.1:1334504
8 0
20 0
4 0
18 0
5 0
26 0
9 0
5 0
10 0
11 0
4 0
7 0
14 0
8 0
20 0
9 0
7 0
locus NW_006804430.1:487136
14 0
10 0
2 2
29 0
17 0
0 17
0 13
0 19
24 0
12 6
4 0
1 10
22 0
0 4
26 0
0 9
3 3
locus NW_006804433.1:48374
0 11
1 15
0 10
0 32
2 29
0 21
0 19
0 25
0 21
1 18
0 4
1 17
0 21
0 10
3 33
5 20
1 22
locus NW_006804434.1:1692333
0 8
1 9
2 13
5 16
2 9
5 9
8 10
4 11
2 21
6 8
3 6
1 11
2 12
1 3
3 18
4 16
6 15
locus NW_006804434.1:1707331
33 5
45 8
30 19
9 2
22 11
75 14
9 3
49 13
80 19
31 2
3 4
69 24
79 17
65 20
142 16
121 43
124 35
locus NW_006804434.1:1707655
46 0
59 0
34 2
32 0
46 4
67 11
17 0
56 0
56 2
39 0
14 1
42 0
58 2
44 0
99 0
85 0
102 0
locus NW_006804435.1:1392778
0 4
0 11
0 5
0 24
0 10
0 11
0 15
0 17
0 11
0 6
0 4
0 18
0 17
0 9
0 24
0 9
0 14
locus NW_006804435.1:1623632
63 29
78 42
41 16
70 31
58 51
64 59
62 49
24 33
28 28
45 20
13 14
35 27
58 35
24 8
57 46
53 21
32 8
locus NW_006804437.1:1048373
12 0
14 0
8 0
19 0
16 0
28 0
26 0
18 0
11 0
16 0
12 0
16 0
11 0
14 0
22 0
11 0
18 0
locus NW_006804441.1:542158
13 0
11 0
10 0
11 0
7 0
19 0
8 0
11 0
8 0
8 0
7 0
5 0
10 0
12 0
11 0
18 0
15 0
locus NW_006804446.1:664345
9 0
14 0
7 0
10 0
10 0
22 0
18 0
9 0
9 0
10 0
4 0
9 0
22 0
4 0
15 1
7 0
14 0
locus NW_006804451.1:1104081
7 0
13 0
12 0
11 1
12 0
18 0
8 0
10 0
14 0
9 0
6 0
13 0
18 0
11 0
24 0
8 0
16 0
locus NW_006804455.1:378663
8 0
9 0
8 0
10 0
5 0
13 0
6 0
18 0
13 0
6 0
8 0
12 0
12 0
6 0
25 0
8 0
9 0
locus NW_006804455.1:1088691
0 8
0 8
0 14
0 13
0 8
0 15
0 12
0 14
0 15
0 10
0 7
0 16
0 12
0 12
1 23
0 11
0 16
locus NW_006804456.1:1284841
0 12
0 17
0 10
0 36
0 21
0 30
0 38
0 21
0 29
0 12
0 21
0 26
0 21
0 28
0 35
0 23
0 15
locus NW_006804456.1:1332320
0 5
0 14
0 4
0 10
0 10
0 11
0 13
0 6
0 7
0 8
0 5
0 11
0 10
0 4
0 24
0 5
0 14
locus NW_006804464.1:1229740
7 0
11 0
8 0
18 0
8 0
27 0
6 0
18 0
11 0
10 0
14 0
23 0
15 0
12 0
21 0
9 0
18 0
locus NW_006804470.1:38870
20 0
11 0
8 0
27 0
0 15
15 0
17 0
12 0
0 10
8 0
3 4
10 0
8 7
8 0
21 0
10 0
9 0
locus NW_006804474.1:2284
3 12
11 9
1 9
16 10
9 10
8 14
4 12
13 11
5 3
6 4
3 4
6 10
8 13
2 5
8 10
0 5
5 13
locus NW_006804474.1:1180091
11 0
5 0
4 0
10 0
7 0
21 0
21 0
13 0
12 0
9 0
7 0
16 0
14 0
10 0
18 0
12 0
22 0
locus NW_006804475.1:961087
12 0
4 0
6 0
10 0
9 0
20 0
16 0
9 0
7 0
7 0
8 0
10 0
8 0
7 0
20 0
12 0
16 0
locus NW_006804481.1:1397933
7 0
17 0
4 2
12 0
8 0
22 0
17 0
21 0
13 0
11 0
8 0
15 0
26 0
4 0
11 0
5 0
7 0
locus NW_006804484.1:638207
10 0
15 0
10 0
24 0
32 0
7 0
16 0
17 0
17 0
17 0
8 0
20 0
16 0
12 0
14 0
14 0
11 0
locus NW_006804500.1:1339341
0 12
0 19
0 7
0 12
0 14
0 16
0 8
0 9
0 17
0 8
0 8
0 9
0 10
0 8
0 18
0 12
0 12
locus NW_006804501.1:590683
6 0
7 0
7 0
19 0
8 0
2 6
5 5
19 0
11 0
18 0
12 0
14 0
25 0
6 0
21 0
9 0
10 0
locus NW_006804503.1:1445141
11 0
15 0
4 0
9 0
15 0
5 0
13 0
5 0
9 0
11 0
8 0
11 0
14 0
8 0
23 0
11 0
7 0
locus NW_006804510.1:182385
0 13
0 12
0 6
0 26
0 10
0 21
0 16
0 13
0 11
0 6
0 4
0 14
0 11
0 6
2 27
0 12
2 11
locus NW_006804519.1:1128549
15 0
6 0
7 0
12 0
12 0
16 0
8 0
8 0
6 0
6 0
5 0
10 0
5 0
12 0
15 0
8 0
7 0
locus NW_006804520.1:841312
0 14
0 8
0 4
0 10
0 4
0 6
0 5
0 5
0 20
0 8
0 8
0 10
0 4
0 4
3 16
0 8
0 11
locus NW_006804520.1:1503472
4 0
14 0
5 0
10 0
14 0
0 13
0 13
14 0
18 0
16 0
6 0
17 0
13 0
6 0
23 0
10 0
17 0
locus NW_006804521.1:2140
6 3
4 9
3 3
18 16
2 11
5 6
2 4
5 2
3 8
8 6
4 7
7 10
2 15
2 6
16 15
13 11
9 15
locus NW_006804521.1:210623
0 16
0 5
0 7
0 6
0 16
0 8
0 14
0 6
0 15
0 13
0 5
0 5
0 10
0 11
0 17
0 14
0 23
locus NW_006804521.1:860603
5 0
11 0
12 0
17 0
8 1
10 2
7 0
17 0
17 0
12 1
6 0
15 0
7 3
11 0
19 0
8 1
14 1
locus NW_006804522.1:131928
10 0
14 0
6 0
13 3
16 0
26 0
14 0
4 1
13 0
2 4
8 0
4 6
9 3
0 7
16 11
10 0
14 0
locus NW_006804526.1:1112579
0 10
0 12
0 9
0 15
0 11
0 37
0 7
0 11
0 8
0 8
0 4
0 22
0 16
0 9
0 13
0 8
0 14
locus NW_006804535.1:797633
0 7
0 13
0 5
0 24
0 17
0 12
0 16
0 14
0 9
0 9
0 6
0 18
0 7
0 6
0 27
0 4
0 13
locus NW_006804538.1:467390
0 10
0 23
0 7
3 17
19 0
3 2
13 7
8 5
3 5
7 0
0 12
11 0
1 6
4 2
0 15
0 9
6 2
locus NW_006804541.1:590813
8 0
9 0
8 0
17 0
9 0
7 0
16 0
4 0
9 0
13 0
5 0
7 0
9 0
7 0
19 0
11 0
11 0
locus NW_006804548.1:112351
7 5
10 0
6 0
15 0
6 0
6 0
9 0
18 0
11 0
17 0
6 0
9 0
22 0
14 0
19 0
11 0
20 0
locus NW_006804548.1:1017417
7 0
12 0
6 0
20 0
18 0
16 0
9 0
17 0
18 0
30 0
6 0
14 0
21 0
4 0
12 0
5 0
17 0
locus NW_006804551.1:714184
10 0
13 0
7 0
6 0
6 0
13 0
10 0
6 0
13 0
6 0
4 0
10 0
14 0
6 0
15 0
12 0
10 0
locus NW_006804551.1:1238113
10 0
15 0
5 0
4 0
24 0
21 0
19 0
15 0
7 0
9 0
9 0
16 0
16 0
9 0
14 0
4 0
6 0
locus NW_006804553.1:444181
6 0
16 0
7 0
16 0
14 0
25 0
16 0
8 0
15 0
5 0
9 0
11 0
9 0
9 0
11 0
14 0
11 0
locus NW_006804555.1:213861
0 4
0 8
0 6
0 22
0 10
0 11
0 11
0 8
0 6
0 8
0 6
0 8
0 21
0 8
0 14
0 13
0 8
locus NW_006804556.1:401441
0 5
0 17
0 6
0 11
0 13
0 14
0 18
0 12
0 12
0 4
0 7
0 12
0 13
0 5
0 13
0 6
0 18
locus NW_006804557.1:640085
8 0
15 0
4 0
10 0
8 0
13 0
8 0
19 0
9 0
23 0
9 0
5 0
16 0
6 0
16 0
9 0
16 0
locus NW_006804559.1:1302719
41 4
37 11
17 5
61 8
120 2
11 1
12 1
34 1
68 11
22 15
24 2
46 6
20 17
21 8
38 18
57 0
137 14
locus NW_006804560.1:12665
6 0
11 0
7 0
10 0
10 0
0 19
1 9
14 0
8 0
4 0
7 0
2 8
0 10
6 0
26 0
15 0
10 0
locus NW_006804561.1:1123484
16 0
18 0
22 0
22 0
43 0
32 0
37 0
40 0
30 0
19 0
8 0
40 0
40 0
8 0
36 0
30 0
25 0
locus NW_006804561.1:1236630
0 5
0 6
0 4
1 16
0 7
15 1
1 19
0 13
4 10
0 7
9 0
4 6
0 15
0 5
1 25
0 15
0 12
locus NW_006804572.1:872862
0 11
0 12
0 9
0 23
0 13
0 15
0 14
0 15
0 7
0 7
0 7
0 16
0 6
0 6
0 12
0 13
0 12
locus NW_006804574.1:574480
0 12
0 10
0 8
0 10
0 25
0 18
0 14
0 25
0 25
0 12
0 8
0 16
0 8
0 8
0 9
0 18
0 15
locus NW_006804576.1:100422
11 0
7 0
6 0
5 0
9 0
14 1
11 0
10 0
20 0
20 0
7 0
12 0
14 0
0 8
20 0
14 0
16 0
locus NW_006804581.1:1163293
0 8
0 6
0 8
0 13
0 12
0 18
0 9
0 12
0 19
0 4
0 12
0 16
0 9
0 10
0 20
0 11
0 13
locus NW_006804581.1:1198552
0 17
0 16
0 9
0 12
0 11
0 22
0 13
0 11
0 14
0 21
0 4
0 20
0 18
0 10
0 21
0 18
1 17
locus NW_006804584.1:500447
0 7
0 36
0 8
0 24
0 13
0 12
0 7
0 9
0 21
0 6
0 4
0 11
0 9
0 9
0 24
0 12
0 14
locus NW_006804587.1:1075383
8 0
19 0
8 0
20 0
10 0
19 0
12 0
11 0
15 0
8 0
11 0
15 0
15 0
4 0
18 0
13 0
12 0
locus NW_006804587.1:1156240
4 0
9 0
9 0
20 0
18 0
12 0
11 0
13 0
8 0
12 0
6 0
10 0
12 0
8 0
15 0
11 0
12 0
locus NW_006804589.1:863968
6 0
9 0
13 0
7 0
5 0
3 9
0 13
14 0
4 0
5 0
9 0
16 0
7 0
6 0
22 0
6 0
9 0
locus NW_006804590.1:1061589
8 0
19 0
6 0
20 0
20 0
15 0
10 0
14 0
12 0
23 0
10 0
19 0
17 0
10 0
16 0
18 0
8 0
locus NW_006804591.1:643375
7 0
9 0
9 0
29 0
6 0
21 0
7 0
15 0
12 0
5 0
10 0
28 0
17 0
6 0
22 0
10 0
14 0
locus NW_006804592.1:522
32 0
21 0
13 0
21 0
28 0
38 0
12 0
22 0
31 0
16 0
4 0
21 0
34 0
17 0
43 0
40 0
31 0
locus NW_006804592.1:1196
0 19
0 14
0 4
0 9
0 12
0 36
0 22
1 19
1 14
0 9
0 7
0 19
0 10
0 11
2 45
0 27
1 18
locus NW_006804592.1:21602
13 1
15 0
5 2
14 0
10 0
11 1
12 0
15 0
4 0
14 1
4 0
20 0
13 0
7 0
18 1
12 0
7 0
locus NW_006804592.1:29338
3 19
1 26
0 14
0 20
2 24
0 23
5 17
2 18
1 24
4 25
0 5
2 23
0 21
1 9
5 59
4 33
2 45
locus NW_006804592.1:32526
10 4
19 0
14 3
20 4
18 5
30 6
19 2
25 1
20 5
26 4
15 0
31 8
30 1
3 2
11 8
3 6
6 1
locus NW_006804592.1:32938
2 12
3 18
4 11
5 31
8 22
6 29
11 15
7 30
12 34
9 36
10 18
6 39
13 39
0 4
5 12
3 2
4 7
locus NW_006804592.1:41894
13 9
14 8
8 4
26 2
17 13
14 16
17 22
10 5
7 2
25 9
10 4
10 21
21 11
6 4
16 25
17 15
16 2
locus NW_006804592.1:42240
9 29
6 39
2 17
5 35
4 38
0 54
3 48
10 24
0 15
2 41
0 25
4 50
8 45
2 9
6 49
10 38
17 19
locus NW_006804594.1:638941
6 0
23 0
9 0
34 0
15 0
0 12
0 14
10 0
10 0
4 0
4 0
10 0
12 0
5 0
25 0
11 0
8 0
locus NW_006804597.1:880595
0 25
0 6
0 10
0 18
0 11
0 20
0 15
0 22
0 17
0 8
0 9
0 15
0 10
0 6
0 12
0 17
0 23
locus NW_006804600.1:371655
11 0
7 0
5 0
15 0
10 0
6 0
16 0
12 0
9 0
10 0
9 0
16 0
5 0
9 0
18 0
7 0
17 0
locus NW_006804604.1:72725
1 4
11 0
5 2
3 2
15 0
11 0
13 0
1 15
13 0
9 0
10 0
11 0
18 0
13 0
17 0
12 0
17 0
locus NW_006804611.1:241020
5 0
10 0
6 0
8 0
5 10
0 13
1 16
0 7
14 0
4 1
5 0
15 0
9 2
5 0
14 0
0 6
6 2
locus NW_006804612.1:711614
0 13
0 13
0 9
0 9
0 9
1 25
0 11
0 10
0 15
0 7
0 6
0 16
0 7
0 9
1 16
0 14
0 9
locus NW_006804614.1:1089526
5 7
12 0
4 0
11 0
5 0
10 0
6 0
6 0
5 0
8 0
7 0
3 3
14 0
12 0
9 0
18 0
16 0
locus NW_006804615.1:951836
0 14
0 11
0 5
0 9
0 4
0 6
0 14
0 15
0 14
0 10
0 6
0 24
0 11
0 6
0 20
0 12
0 6
locus NW_006804617.1:864573
12 5
15 12
8 7
13 16
15 11
30 10
15 18
26 13
19 15
5 5
1 5
6 10
18 12
17 5
21 16
12 12
10 13
locus NW_006804620.1:550
28 0
17 0
11 0
44 0
29 0
20 0
23 0
23 0
20 0
36 0
17 0
26 0
43 0
8 0
34 0
29 0
39 0
locus NW_006804620.1:986
17 4
26 5
10 3
45 4
35 5
40 2
26 9
14 1
18 0
40 1
27 0
22 0
36 2
9 0
39 2
26 1
40 2
locus NW_006804620.1:62059
8 0
10 0
6 0
11 0
11 0
0 16
0 14
9 0
7 0
5 0
6 0
5 3
7 4
4 6
11 0
14 0
12 0
locus NW_006804625.1:1003429
0 12
0 17
0 9
0 14
0 10
0 8
0 15
0 11
0 17
0 5
0 11
0 14
0 16
0 9
0 23
0 13
0 9
locus NW_006804629.1:760122
8 0
10 0
6 0
22 0
20 0
15 1
6 0
9 0
17 0
7 0
12 0
10 0
14 0
10 0
15 0
14 0
14 0
locus NW_006804633.1:221394
13 2
2 9
4 5
16 12
5 6
9 6
4 9
1 3
8 6
4 3
8 4
2 4
6 10
2 5
7 12
3 11
5 12
locus NW_006804635.1:1194487
21 0
26 0
11 0
14 0
18 0
16 0
25 0
38 0
34 0
18 0
4 0
24 0
26 0
18 0
45 0
33 0
32 0
locus NW_006804637.1:170945
11 2
6 13
2 6
18 3
14 4
2 10
3 6
3 3
4 10
6 4
4 3
6 8
5 10
3 3
20 15
6 12
13 9
locus NW_006804637.1:833673
14 0
9 0
16 0
27 0
27 0
20 0
36 0
31 0
25 0
12 0
10 0
24 0
32 0
21 0
18 0
15 0
12 0
locus NW_006804650.1:169
12 0
28 0
19 0
24 0
19 0
34 0
23 0
12 0
9 0
14 0
15 0
18 0
24 0
19 0
27 0
23 0
11 0
locus NW_006804650.1:501571
11 5
35 4
12 0
24 0
16 7
31 0
32 0
25 0
21 0
30 0
16 0
29 1
31 0
12 0
31 4
21 0
15 0
locus NW_006804654.1:19712
0 11
0 9
0 11
0 13
0 25
0 30
0 23
0 29
0 13
0 26
0 8
0 28
0 29
0 7
0 31
0 17
0 21
locus NW_006804654.1:250393
4 0
21 0
14 0
16 0
12 0
14 0
15 0
12 0
12 0
4 0
10 0
15 0
23 0
8 0
12 0
13 0
15 0
locus NW_006804655.1:792676
15 0
24 0
9 0
13 0
6 0
8 0
12 0
10 0
23 0
11 0
4 0
16 0
17 0
12 0
25 0
17 0
13 0
locus NW_006804659.1:817473
9 0
6 0
4 0
9 1
12 0
8 0
12 0
5 0
7 0
6 0
6 0
12 0
5 0
7 0
8 0
8 0
15 0
locus NW_006804663.1:141077
0 4
0 13
2 3
32 0
0 6
3 12
1 18
15 0
10 5
12 0
2 3
12 5
10 5
4 0
22 0
15 0
12 0
locus NW_006804667.1:990692
0 6
0 8
0 8
0 11
0 13
0 16
0 8
0 14
0 12
0 11
0 9
0 18
0 14
0 16
0 13
0 15
0 10
locus NW_006804669.1:523409
18 0
20 0
19 0
15 0
5 7
10 0
17 0
21 0
11 0
14 0
7 0
11 0
11 0
6 0
13 0
15 0
7 0
locus NW_006804670.1:89601
0 13
0 19
2 3
2 14
0 14
0 13
0 8
0 18
0 10
0 10
0 7
0 9
0 13
0 11
0 13
0 13
0 16
locus NW_006804683.1:681511
0 6
0 8
3 2
0 25
3 4
0 7
0 11
4 2
11 0
0 4
0 5
4 0
9 2
0 9
9 16
0 13
0 6
locus NW_006804686.1:647645
4 0
14 0
4 0
16 0
9 0
10 0
9 0
9 0
10 0
5 0
4 0
13 0
6 0
6 0
6 0
10 0
11 0
locus NW_006804688.1:410733
0 12
0 14
0 8
0 11
0 13
0 11
0 11
0 7
0 8
0 11
0 4
0 6
0 18
0 5
0 12
0 15
0 22
locus NW_006804693.1:597179
8 0
12 0
6 0
16 0
19 0
15 0
19 0
6 10
13 0
14 0
4 0
19 0
27 0
6 0
21 0
8 0
17 0
locus NW_006804699.1:936429
23 3
18 5
7 1
17 16
14 4
27 4
15 3
8 6
14 8
3 3
15 1
8 13
11 4
8 1
23 7
20 2
11 4
locus NW_006804703.1:627691
9 0
8 0
5 0
14 0
9 0
17 0
9 0
16 0
14 0
9 0
5 0
10 0
7 0
6 0
20 0
13 0
14 0
locus NW_006804707.1:164628
1 11
9 28
11 9
10 14
21 23
3 19
23 19
19 10
13 14
12 32
2 4
16 4
11 22
6 1
16 26
17 21
8 9
locus NW_006804707.1:303579
28 0
55 0
25 0
44 0
92 0
39 0
38 0
65 0
67 0
81 1
31 0
62 0
67 0
8 1
74 0
53 3
26 0
locus NW_006804707.1:396597
12 36
4 93
3 21
7 49
7 68
6 66
9 58
5 54
5 60
9 63
1 25
7 68
14 56
4 61
11 88
5 59
12 39
locus NW_006804711.1:905952
46 4
44 9
17 4
52 15
43 6
70 11
47 18
47 20
50 6
70 1
34 10
33 9
66 21
24 5
91 1
52 15
56 22
locus NW_006804715.1:361170
11 0
15 0
6 0
14 0
9 0
10 1
10 0
7 0
15 0
4 0
5 0
4 0
11 0
8 0
15 0
8 0
5 0
locus NW_006804722.1:489511
0 7
7 0
0 7
0 8
0 6
0 11
0 10
0 13
0 7
0 10
0 7
0 9
0 12
0 6
0 13
0 8
0 15
locus NW_006804725.1:464700
0 11
0 17
0 4
0 19
0 12
0 19
0 11
0 18
0 22
0 10
0 5
0 19
0 12
0 7
0 13
0 8
0 13
locus NW_006804735.1:73414
18 0
19 0
7 0
10 0
11 6
13 0
15 0
22 0
13 0
9 0
8 0
14 0
12 0
5 0
22 0
13 0
20 0
locus NW_006804743.1:904772
0 53
1 43
0 21
0 52
0 31
0 18
0 15
0 41
0 44
0 27
0 22
0 17
0 23
0 28
0 49
0 61
0 101
locus NW_006804745.1:10852
14 0
24 0
12 0
11 0
19 0
16 0
25 0
19 0
31 0
12 0
2 2
39 0
31 0
6 0
25 0
29 0
17 0
locus NW_006804747.1:853458
5 0
16 0
5 0
16 0
4 0
20 0
10 0
12 0
10 0
9 0
10 0
11 0
7 0
9 0
18 0
6 0
18 0
locus NW_006804748.1:669869
12 0
8 0
9 0
21 0
13 0
13 0
15 0
10 0
13 0
9 0
5 0
12 0
9 0
4 0
14 0
7 0
12 0
locus NW_006804753.1:216228
7 0
9 0
12 0
7 0
11 0
9 0
22 0
5 0
10 11
8 9
6 0
20 0
28 0
8 0
15 0
16 0
6 5
locus NW_006804759.1:373201
0 6
0 17
0 10
0 12
0 10
0 12
0 8
0 7
0 14
0 8
0 8
0 13
0 6
0 9
0 14
0 9
0 17
locus NW_006804764.1:805047
9 0
17 0
4 0
7 0
21 0
10 0
17 0
12 0
11 0
13 0
4 0
9 0
12 0
11 0
11 0
9 0
14 0
locus NW_006804765.1:448435
0 10
0 17
0 5
0 15
0 16
0 16
0 23
0 19
0 8
0 7
0 8
0 13
0 11
0 11
0 13
0 14
0 8
locus NW_006804772.1:311494
20 0
7 0
14 0
9 0
15 0
16 0
13 0
16 0
19 0
12 0
8 0
13 0
14 0
5 0
10 0
7 0
11 0
locus NW_006804779.1:306684
11 0
12 0
5 0
13 0
13 0
15 0
22 0
17 0
6 0
6 0
4 0
6 0
12 0
9 0
17 0
11 0
11 0
locus NW_006804790.1:780695
0 12
0 8
0 10
0 14
0 14
0 30
0 19
0 5
0 10
0 5
0 6
0 16
1 4
0 6
0 30
0 13
0 14
locus NW_006804791.1:814485
10 4
15 8
2 2
23 16
22 11
21 17
18 4
8 8
13 10
8 9
4 1
14 10
23 6
7 4
17 13
17 9
26 10
locus NW_006804797.1:490587
5 0
15 0
11 0
8 0
8 0
15 0
16 0
4 0
4 0
12 0
8 0
16 0
11 0
6 0
12 0
14 0
9 0
locus NW_006804811.1:428137
10 0
10 0
13 0
10 0
7 0
24 0
14 0
10 0
9 0
11 0
4 0
6 0
12 0
9 0
18 0
15 0
7 0
locus NW_006804825.1:404465
7 0
10 0
9 0
13 0
12 0
14 0
14 0
12 0
7 0
13 0
14 0
17 0
14 0
4 0
9 0
11 0
12 0
locus NW_006804844.1:446243
7 0
8 0
7 0
13 0
14 0
11 0
10 0
15 0
14 0
7 0
7 0
10 0
16 0
8 0
19 0
12 0
11 0
locus NW_006804847.1:426850
7 0
15 0
8 0
9 0
5 0
9 0
13 0
16 0
11 0
4 0
6 0
13 1
16 0
4 0
17 0
9 0
14 0
locus NW_006804854.1:143986
0 8
0 14
0 8
0 16
0 14
0 15
0 11
0 12
0 19
0 15
0 10
0 29
0 22
0 10
0 27
0 21
0 12
locus NW_006804855.1:684285
8 0
19 0
5 0
5 0
6 0
21 0
25 0
11 0
16 0
8 0
4 0
4 0
4 0
4 0
10 0
13 0
19 0
locus NW_006804861.1:512400
9 0
25 0
15 0
35 0
12 0
33 0
29 0
22 5
32 3
16 5
7 2
9 17
23 3
8 9
23 23
14 3
19 4
locus NW_006804862.1:173361
11 0
4 0
7 0
14 0
22 0
12 0
7 0
7 0
11 0
13 0
4 0
5 0
7 0
4 0
20 0
11 0
14 0
locus NW_006804863.1:94990
3 7
12 0
5 0
16 1
4 4
24 0
18 0
5 0
24 0
7 0
4 0
12 0
0 20
3 4
6 8
14 0
10 5
locus NW_006804874.1:9101
8 15
12 7
10 7
13 17
9 17
20 22
13 11
22 15
19 18
9 11
4 5
7 15
16 23
10 5
14 25
8 20
8 12
locus NW_006804874.1:84562
12 2
12 8
15 5
12 9
17 13
17 22
22 11
15 6
14 5
16 5
8 11
17 8
25 6
6 4
31 11
28 12
30 12
locus NW_006804878.1:439873
9 0
13 0
5 0
18 0
8 0
0 10
4 5
4 0
11 0
8 0
6 0
4 0
7 0
11 0
12 0
11 0
8 0
locus NW_006804879.1:61506
9 0
9 0
6 0
14 0
7 0
21 0
13 0
14 0
11 0
10 0
7 0
12 0
10 0
5 0
20 0
14 0
23 0
locus NW_006804886.1:620711
1 24
8 17
0 16
3 30
2 24
3 44
6 43
2 24
1 28
0 29
9 18
6 24
0 25
0 26
0 38
0 33
0 28
locus NW_006804886.1:630307
43 0
45 0
23 0
65 0
52 0
65 0
46 0
40 0
49 0
42 0
6 0
44 0
47 0
39 0
51 0
46 0
64 0
locus NW_006804886.1:654165
2 15
2 12
5 5
7 9
12 22
4 13
7 18
15 15
15 12
3 29
5 5
3 22
5 22
2 5
11 51
3 19
11 22
locus NW_006804892.1:438883
40 0
33 0
9 0
60 0
49 0
34 0
37 0
24 0
14 0
30 0
29 0
26 0
34 0
15 0
72 0
55 0
43 0
locus NW_006804893.1:588912
11 7
11 5
6 1
22 8
10 9
5 11
8 9
2 3
4 5
5 8
1 6
8 6
6 14
3 1
16 6
6 7
9 7
locus NW_006804898.1:530363
15 0
20 0
6 0
24 0
30 0
26 0
17 0
16 0
27 0
16 0
9 0
16 0
30 0
6 0
36 0
14 0
19 0
locus NW_006804901.1:448644
26 4
20 13
15 2
32 10
17 10
27 9
41 9
34 15
30 8
31 10
7 1
25 17
31 11
8 4
37 5
17 5
21 7
locus NW_006804904.1:18762
5 0
6 0
8 0
13 0
9 2
21 0
10 0
9 0
13 0
6 0
9 0
10 0
9 0
4 0
15 0
15 0
12 0
locus NW_006804904.1:25470
13 2
24 0
5 6
7 3
5 22
8 8
5 8
0 10
2 15
8 1
4 7
16 5
7 5
0 5
17 17
15 0
2 12
locus NW_006804916.1:40963
7 0
14 0
9 0
8 0
7 0
16 0
8 0
12 0
9 0
11 1
5 0
14 0
7 0
9 0
23 0
12 0
7 0
locus NW_006804924.1:546
21 0
32 0
23 0
46 0
23 0
43 0
31 0
39 0
40 0
16 0
17 0
38 0
51 0
28 0
66 0
69 0
48 0
locus NW_006804929.1:62269
9 0
6 0
9 0
20 0
12 0
15 0
4 0
17 0
6 0
15 0
7 0
6 0
5 0
10 0
18 0
13 0
12 0
locus NW_006804935.1:539566
7 0
12 0
9 0
17 0
15 0
11 0
20 0
21 0
10 0
16 0
13 0
14 0
21 0
8 0
21 0
4 0
10 0
locus NW_006804954.1:173294
8 0
14 0
7 0
17 0
13 0
15 0
9 0
9 0
12 0
20 0
14 0
12 0
15 0
9 0
20 0
10 0
17 0
locus NW_006804957.1:339457
6 0
17 0
14 0
2 10
6 0
6 0
15 0
21 0
19 0
18 0
4 0
7 0
28 0
14 0
21 0
11 0
19 0
locus NW_006804961.1:161833
14 44
23 52
23 14
11 45
25 49
21 46
18 49
19 39
23 29
23 30
13 15
19 36
10 37
9 11
39 47
24 18
14 23
locus NW_006804961.1:162097
44 2
45 1
21 0
34 0
44 1
36 2
38 0
29 1
34 0
40 2
16 0
36 0
32 0
12 0
58 2
31 2
33 2
locus NW_006804972.1:32764
6 13
7 14
3 10
5 16
11 23
7 15
5 9
10 23
7 8
2 26
2 6
2 7
3 27
6 6
15 27
2 36
5 10
locus NW_006804975.1:133258
4 0
23 0
19 0
11 0
17 0
24 0
16 0
11 0
8 0
14 0
5 0
6 0
15 0
7 0
20 0
10 0
11 0
locus NW_006804980.1:479072
8 0
15 0
6 0
16 0
20 0
9 0
9 0
19 0
11 0
4 0
4 0
12 0
8 0
11 0
27 0
13 0
16 0
locus NW_006804997.1:339359
7 0
0 11
0 6
0 10
0 11
0 20
0 11
0 16
0 7
0 9
0 4
3 8
7 5
0 5
0 20
0 7
0 4
locus NW_006805004.1:47331
14 0
14 13
8 5
17 9
26 3
9 8
18 11
20 10
13 9
19 2
14 3
14 24
25 17
8 1
13 13
10 7
12 7
locus NW_006805004.1:47597
1 6
4 10
3 8
4 10
4 10
1 9
3 11
1 9
7 8
4 11
1 3
4 13
9 14
1 3
2 22
1 16
0 8
locus NW_006805006.1:374000
0 8
0 22
0 8
0 20
0 7
0 9
0 16
0 18
0 14
0 14
0 6
0 14
0 8
0 11
0 19
0 16
0 6
locus NW_006805007.1:116400
9 0
13 0
6 0
11 0
9 0
10 0
12 0
8 0
10 0
6 6
4 0
1 9
9 0
10 0
19 0
11 0
13 0
locus NW_006805018.1:225010
12 0
6 19
6 3
17 13
15 5
19 20
8 9
12 1
5 2
13 2
5 3
9 7
15 0
10 2
20 8
4 9
13 6
locus NW_006805033.1:178138
11 0
5 0
10 0
16 0
6 0
14 0
12 0
16 0
8 0
12 0
6 0
13 0
19 0
4 0
23 0
9 0
5 0
locus NW_006805042.1:254167
2 28
1 29
0 20
0 26
5 53
5 33
7 28
6 39
0 26
2 50
0 9
8 32
2 40
0 30
11 104
7 37
9 64
locus NW_006805042.1:254543
11 9
0 19
1 34
4 25
12 27
13 17
10 23
16 35
6 35
14 72
6 13
9 41
11 40
3 6
7 50
3 34
5 29
locus NW_006805042.1:255690
0 20
0 19
0 10
0 25
0 29
0 14
0 19
0 26
0 11
0 20
0 9
0 17
0 31
0 8
0 31
0 9
0 8
locus NW_006805042.1:255963
28 0
26 0
18 0
32 0
46 0
30 0
28 0
35 0
26 0
29 0
10 0
30 0
41 0
15 0
56 2
25 0
20 0
locus NW_006805042.1:256333
13 0
23 0
28 0
21 0
35 0
21 0
25 0
22 0
29 0
23 0
5 0
17 0
28 0
15 0
48 0
31 0
26 0
locus NW_006805042.1:277522
0 9
0 22
0 10
0 14
0 25
0 21
0 9
0 16
0 15
0 10
0 7
0 17
0 22
0 15
0 26
0 29
0 14
locus NW_006805042.1:304217
2 11
3 22
2 7
2 7
0 20
2 8
2 12
0 17
1 11
2 10
0 4
2 10
5 22
6 5
5 29
6 13
5 16
locus NW_006805042.1:320903
25 2
24 5
9 1
27 1
29 3
23 2
45 2
28 10
32 18
29 2
9 0
50 9
34 5
15 2
67 13
21 3
29 4
locus NW_006805042.1:341661
2 11
5 17
2 11
5 7
9 12
5 12
2 10
3 9
1 10
10 7
6 1
3 12
8 19
7 12
10 24
1 16
5 19
locus NW_006805042.1:343934
1 14
2 16
0 8
0 29
0 20
1 16
1 17
1 8
0 20
1 15
2 7
2 11
7 16
3 10
4 42
6 28
6 23
locus NW_006805042.1:347562
13 2
22 5
6 3
11 5
9 11
22 0
14 2
15 0
19 8
19 7
5 1
23 4
17 11
13 3
24 9
18 7
16 7
locus NW_006805042.1:398499
26 5
23 7
17 3
35 8
30 8
40 11
25 3
31 5
51 11
46 13
13 4
49 9
55 21
28 3
52 20
41 8
50 17
locus NW_006805049.1:415181
3 28
2 39
8 11
9 18
11 28
6 28
4 24
8 17
10 31
4 30
0 5
15 11
6 19
3 15
24 48
8 43
15 29
locus NW_006805050.1:405938
0 11
0 7
0 7
1 9
0 6
0 19
0 7
0 12
0 8
0 11
0 17
0 6
0 5
0 7
0 31
0 10
0 19
locus NW_006805064.1:645
12 1
16 5
11 0
18 5
14 3
22 2
20 3
12 3
24 1
11 5
6 0
11 1
18 2
5 1
10 2
7 3
9 4
locus NW_006805078.1:517018
6 0
18 0
8 0
10 0
21 0
12 5
4 10
9 0
17 0
9 0
5 0
12 0
14 0
7 0
22 0
6 0
15 0
locus NW_006805085.1:911
4 0
17 0
11 0
11 0
22 0
30 0
16 0
8 6
16 0
10 0
6 0
12 0
19 0
4 0
27 0
21 0
25 0
locus NW_006805085.1:306651
1 23
3 39
3 8
1 56
4 15
0 36
2 47
8 38
4 32
6 15
0 9
2 36
2 42
1 14
8 39
10 14
9 25
locus NW_006805088.1:38381
5 8
15 14
6 10
2 22
8 12
11 12
11 8
10 14
5 10
9 13
4 4
8 14
11 9
4 7
11 12
11 8
11 5
locus NW_006805093.1:229716
0 6
0 15
0 12
0 23
0 12
0 10
0 12
0 12
0 11
0 12
0 8
0 7
0 13
0 11
0 20
0 13
0 14
locus NW_006805101.1:315715
5 5
14 0
6 0
27 0
13 0
24 0
10 0
11 0
7 0
4 0
5 0
10 0
15 0
5 0
22 0
7 0
10 0
locus NW_006805109.1:25937
7 14
10 14
3 2
6 24
7 15
15 10
5 20
9 15
11 17
6 10
3 5
3 21
9 24
3 7
12 20
7 9
24 17
locus NW_006805109.1:28588
8 7
5 17
7 4
9 12
6 12
12 19
1 18
8 16
5 5
6 11
7 8
13 14
7 5
6 7
10 36
6 13
11 6
locus NW_006805109.1:38347
15 6
24 7
16 0
16 3
16 3
13 6
19 6
18 1
25 7
12 3
1 3
24 4
34 4
10 8
42 6
11 3
18 14
locus NW_006805109.1:40440
9 9
16 21
13 4
13 15
34 11
19 20
20 18
16 21
22 22
17 21
8 6
21 37
24 27
11 14
25 31
36 15
25 12
locus NW_006805109.1:251601
23 0
23 0
7 0
34 0
33 0
27 7
11 4
4 13
22 1
15 5
6 4
10 17
11 9
7 12
24 9
27 6
50 0
locus NW_006805111.1:8615
39 19
28 19
25 5
54 15
23 12
34 19
23 14
38 13
44 8
28 12
11 8
47 22
51 23
17 10
23 17
24 13
24 19
locus NW_006805111.1:11765
11 0
15 4
6 0
16 1
24 0
17 0
14 0
14 0
21 0
15 0
6 0
20 0
18 0
12 0
38 1
13 0
33 1
locus NW_006805111.1:239435
7 30
2 41
2 18
4 50
7 42
2 24
1 32
2 40
3 30
3 37
0 10
1 30
6 34
5 11
6 68
2 35
8 51
locus NW_006805129.1:63639
0 5
0 6
0 4
0 16
0 7
0 15
0 8
0 15
0 6
0 11
0 6
0 21
0 11
0 8
0 17
0 10
0 5
locus NW_006805129.1:331991
0 57
1 49
0 30
1 59
0 85
0 81
1 49
0 22
0 54
0 73
0 20
0 46
1 93
0 7
3 82
0 43
1 52
locus NW_006805129.1:332596
28 5
49 14
22 3
39 8
32 0
38 3
41 3
40 2
38 6
58 8
23 3
31 5
57 1
31 0
94 8
74 9
64 11
locus NW_006805150.1:270427
4 8
0 9
1 10
6 15
2 10
2 15
5 9
3 7
2 5
4 5
0 7
3 9
3 6
1 7
2 4
2 8
2 7
locus NW_006805204.1:203224
4 0
8 0
4 0
5 0
14 0
18 0
11 0
9 0
10 0
8 0
7 0
9 0
15 0
5 0
22 0
13 0
8 0
locus NW_006805208.1:129091
0 13
0 8
0 11
0 17
0 10
0 9
0 18
0 10
0 10
0 7
0 5
0 4
0 16
0 11
0 14
0 13
0 7
locus NW_006805210.1:86424
2 10
6 4
1 4
9 13
11 7
0 20
0 18
5 17
5 4
3 24
0 4
9 5
6 2
3 7
14 11
5 3
4 7
locus NW_006805210.1:113714
16 4
5 17
2 3
20 21
10 9
11 6
4 7
12 11
14 4
7 17
2 3
12 4
11 4
7 7
23 8
16 14
16 12
locus NW_006805210.1:155225
0 17
0 17
0 7
0 26
0 16
0 32
0 10
0 19
0 22
0 14
0 4
0 13
0 7
0 9
0 31
0 13
0 20
locus NW_006805212.1:148769
4 2
2 4
6 2
8 2
11 7
8 6
16 4
8 2
8 3
12 6
3 4
6 5
7 7
7 4
18 12
3 17
5 13
locus NW_006805212.1:149032
25 0
33 0
18 0
46 0
62 0
51 0
46 0
35 0
28 0
40 0
18 0
44 0
39 0
18 0
70 0
48 0
37 0
locus NW_006805212.1:160203
11 5
12 13
14 5
45 10
18 4
19 21
17 9
7 4
21 8
10 8
14 11
26 3
29 8
15 2
26 13
19 9
12 9
locus NW_006805228.1:119197
15 48
14 41
7 26
11 43
8 52
17 45
16 32
18 45
19 45
16 46
18 21
26 30
10 70
7 22
19 115
11 51
12 90
locus NW_006805228.1:119568
13 8
15 2
12 3
17 1
22 3
14 5
17 7
17 6
18 9
9 1
14 8
10 6
23 4
9 1
48 6
16 2
30 6
locus NW_006805228.1:129319
42 10
35 9
30 7
43 8
58 8
44 20
57 16
66 15
58 14
80 6
27 3
62 5
61 28
30 6
76 15
44 9
67 6
locus NW_006805228.1:129606
6 17
6 11
4 12
2 16
4 20
12 16
5 19
10 22
7 18
1 29
0 4
0 22
18 19
3 8
8 32
7 18
3 26
locus NW_006805228.1:188039
6 15
6 15
2 10
4 16
4 19
8 20
2 14
5 19
2 20
6 10
0 5
6 15
6 23
3 19
5 26
7 25
11 20
locus NW_006805228.1:189947
24 0
25 4
6 1
27 1
13 5
19 1
15 5
23 2
14 0
6 0
17 0
28 3
23 5
8 8
25 11
16 6
24 0
locus NW_006805228.1:236789
49 0
60 0
41 0
62 0
91 0
80 0
49 0
58 0
71 0
63 0
23 0
56 0
72 0
27 0
107 0
76 0
87 0
locus NW_006805228.1:237053
0 26
0 22
0 18
0 23
0 36
0 36
0 17
0 23
0 30
0 21
0 11
0 25
0 37
0 15
0 51
0 32
0 31
locus NW_006805228.1:239106
0 12
0 8
0 4
0 14
0 12
0 11
0 6
0 8
0 4
0 14
0 4
0 15
0 5
0 9
0 19
0 12
0 11
locus NW_006805229.1:207998
52 6
65 6
33 1
57 3
70 2
64 6
103 4
57 5
61 6
45 3
25 2
57 5
70 6
22 6
78 5
56 5
48 8
locus NW_006805243.1:65336
4 10
1 19
1 5
3 7
3 13
11 8
8 5
3 16
10 12
1 11
4 1
3 5
6 14
1 18
5 27
2 21
4 13
locus NW_006805243.1:65624
5 35
8 27
3 10
11 26
8 20
18 22
14 20
8 50
14 38
3 17
6 11
6 28
17 36
7 51
10 54
8 49
6 31
locus NW_006805245.1:149078
9 0
14 0
4 0
15 0
13 0
25 0
17 0
13 0
20 0
21 0
7 0
22 0
11 0
10 0
27 0
14 0
19 0
locus NW_006805250.1:17698
16 0
8 0
17 0
9 0
17 0
26 0
23 0
13 0
25 0
24 0
5 0
6 0
10 0
13 0
50 0
17 0
13 0
locus NW_006805269.1:162680
9 8
13 15
10 5
28 8
25 7
13 6
27 11
28 4
17 7
19 14
7 6
19 5
48 20
13 7
33 31
31 8
34 14
locus NW_006805269.1:176660
19 5
13 12
12 10
32 12
12 10
21 7
11 11
19 5
8 7
28 6
7 0
15 4
42 10
11 6
29 20
18 11
26 8
locus NW_006805270.1:158748
4 15
2 10
1 13
0 12
3 19
0 25
2 11
2 5
2 15
4 8
1 3
2 6
1 16
2 3
4 12
0 22
6 10
locus NW_006805270.1:159034
42 3
26 6
26 1
32 3
42 5
63 1
30 5
18 7
50 2
32 7
18 4
23 1
32 1
20 0
43 4
45 1
38 6
locus NW_006805287.1:204416
19 0
32 0
13 0
15 0
9 7
49 0
31 0
34 0
34 0
28 0
7 0
26 0
42 0
26 0
33 0
21 0
31 0
locus NW_006805299.1:62309
0 10
0 13
0 9
15 1
12 0
0 11
1 4
0 4
10 1
5 6
5 0
5 0
14 7
5 0
5 9
9 0
7 0
locus NW_006805327.1:168718
10 6
4 12
3 12
7 13
9 14
12 23
3 6
9 8
3 11
4 10
6 5
8 13
7 11
1 5
7 13
10 11
9 23
locus NW_006805327.1:172180
17 1
12 3
7 4
27 4
16 3
24 1
27 3
28 2
24 4
23 4
1 7
21 2
14 1
8 2
27 4
21 0
32 3
locus NW_006805327.1:188748
9 7
8 2
6 4
10 3
12 9
9 10
10 11
14 7
12 8
7 6
1 4
9 3
8 3
4 1
17 5
10 6
6 7
locus NW_006805363.1:102599
17 30
32 35
17 17
41 31
30 35
28 63
31 32
24 28
22 29
13 33
4 20
24 38
26 39
18 14
31 50
19 24
30 42
locus NW_006805363.1:102875
14 3
12 5
8 2
11 5
16 8
22 7
29 3
15 6
6 7
8 12
8 0
11 12
16 7
8 3
25 8
9 7
17 14
locus NW_006805364.1:61645
11 23
15 48
7 16
9 33
11 26
15 28
21 28
9 21
7 28
5 17
1 16
22 32
11 25
10 15
11 31
6 11
13 33
locus NW_006805364.1:61927
7 7
23 9
10 0
5 1
6 6
17 5
11 8
6 3
21 5
11 1
5 0
16 4
15 2
5 4
11 6
7 2
18 6
locus NW_006805364.1:193139
24 2
27 7
21 1
31 10
23 4
42 1
32 1
25 4
33 8
21 7
4 0
47 3
38 2
30 3
85 6
35 10
43 1
locus NW_006805366.1:114631
14 0
23 3
4 7
30 0
13 0
28 0
19 0
12 0
12 0
16 0
5 0
17 0
22 0
11 0
21 0
20 0
22 0
locus NW_006805390.1:13607
0 13
0 14
0 5
0 16
0 15
0 17
0 19
0 13
0 8
0 10
0 11
0 21
0 16
0 6
0 7
0 14
0 13
locus NW_006805392.1:40587
0 22
0 14
0 18
0 16
0 29
2 16
0 31
0 27
0 28
1 29
0 16
1 24
2 41
0 11
0 41
0 36
1 39
locus NW_006805392.1:98141
3 23
7 41
0 13
10 41
11 51
6 46
7 34
1 28
6 35
8 13
5 22
3 24
4 50
2 10
15 47
8 38
4 27
locus NW_006805392.1:121016
8 18
15 36
3 21
8 14
11 26
7 36
3 33
4 23
7 19
5 27
2 3
0 24
10 30
2 49
21 63
22 55
12 35
locus NW_006805401.1:167618
22 14
49 30
14 5
65 13
24 9
46 17
44 24
29 20
31 9
22 7
14 5
37 12
48 19
18 7
76 14
50 6
35 3
locus NW_006805404.1:105489
9 2
12 7
7 3
9 10
11 5
8 15
12 12
9 10
14 3
7 4
2 6
7 7
14 2
10 1
17 13
15 6
13 3
locus NW_006805405.1:5953
16 4
19 6
18 3
28 4
19 6
21 9
27 10
26 0
24 3
17 0
16 2
25 10
31 5
9 3
63 16
29 4
29 2
locus NW_006805405.1:6527
0 17
0 21
0 19
0 24
0 17
0 25
0 29
0 26
0 25
1 18
4 19
0 24
0 36
0 12
0 86
0 29
0 29
locus NW_006805405.1:52519
36 0
35 0
21 0
17 0
21 0
47 0
32 0
33 0
18 0
21 0
19 0
73 0
29 0
13 0
75 0
29 0
17 0
locus NW_006805405.1:53176
6 25
11 12
3 28
3 23
13 11
20 23
9 29
11 38
15 28
16 34
4 17
13 55
20 30
12 5
23 31
14 17
8 20
locus NW_006805406.1:21981
16 1
20 0
11 0
20 0
18 0
22 0
18 0
10 0
14 0
10 0
8 0
21 0
21 0
13 0
28 0
22 0
18 0
locus NW_006805406.1:22326
53 1
64 0
30 0
75 0
61 0
70 0
65 0
48 0
53 0
35 0
38 0
58 0
59 0
32 0
81 0
62 0
66 0
locus NW_006805406.1:30073
15 0
29 0
15 0
27 0
47 0
57 0
32 0
32 0
29 0
20 0
14 0
22 0
62 0
23 0
84 0
41 1
70 1
locus NW_006805406.1:35612
16 0
28 0
11 0
29 0
31 0
22 0
19 0
32 0
23 0
22 0
9 0
27 0
33 0
16 0
41 0
32 0
31 0
locus NW_006805406.1:71835
6 2
19 0
4 0
10 2
17 0
7 0
5 1
10 0
5 0
11 0
8 0
7 0
12 0
7 0
35 1
20 2
23 2
locus NW_006805408.1:101916
1 8
1 11
0 9
0 13
0 10
0 15
0 6
0 5
0 12
0 7
0 7
1 5
0 5
0 4
1 22
0 21
0 14
locus NW_006805427.1:87315
4 5
3 16
3 13
12 18
25 12
11 21
9 25
17 26
19 17
18 23
12 3
10 37
14 27
3 12
18 31
15 19
10 26
locus NW_006805429.1:124477
9 7
10 8
2 4
23 15
13 10
18 18
15 7
17 10
20 17
11 5
8 3
25 7
14 12
15 7
33 11
17 12
19 6
locus NW_006805447.1:19656
26 24
0 10
6 0
24 25
27 0
22 0
18 0
40 5
31 6
5 5
5 2
15 23
49 9
49 3
37 6
30 26
15 13
locus NW_006805447.1:23865
60 0
15 0
7 0
34 0
26 4
18 0
28 0
46 7
25 0
17 0
12 0
36 0
60 0
43 4
30 0
43 0
30 0
locus NW_006805447.1:51821
7 44
8 18
0 5
0 38
3 25
0 31
0 37
0 76
0 54
0 7
0 9
0 41
12 81
7 28
1 36
7 52
1 29
locus NW_006805447.1:97229
53 0
12 0
9 0
31 5
30 0
27 0
25 0
45 0
26 0
17 0
14 0
28 0
49 0
39 0
35 0
52 0
28 0
locus NW_006805448.1:84008
12 2
7 0
5 3
13 6
12 7
16 4
9 0
10 3
3 6
18 3
7 1
10 6
12 5
4 0
13 1
10 1
8 5
locus NW_006805461.1:11292
4 10
5 10
6 6
6 11
2 17
5 10
2 10
0 19
11 3
7 9
2 4
0 12
7 7
0 4
0 7
5 4
9 10
locus NW_006805470.1:13129
7 67
8 77
4 41
12 100
10 45
21 95
6 57
7 67
6 58
1 73
0 34
5 81
7 85
0 26
11 148
9 78
6 51
locus NW_006805470.1:72996
28 7
15 9
12 3
20 9
40 9
37 13
19 7
11 8
18 3
14 8
10 1
26 7
21 14
7 0
29 19
12 2
23 4
locus NW_006805470.1:74559
11 2
11 4
12 2
13 0
17 3
20 1
10 0
16 0
13 0
25 0
4 0
12 0
21 0
11 0
39 4
35 4
23 4
locus NW_006805473.1:61825
27 0
18 0
19 0
20 0
20 0
31 0
30 0
36 0
21 0
29 0
12 0
30 0
31 0
9 0
44 0
14 0
25 0
locus NW_006805473.1:64766
0 10
0 28
0 14
0 21
0 32
0 41
0 19
0 19
0 31
1 24
0 6
0 26
0 22
0 18
0 47
0 30
0 32
locus NW_006805473.1:67987
15 4
29 4
11 5
38 4
33 2
19 4
24 1
9 6
24 3
33 5
2 3
10 8
16 3
12 6
51 8
22 6
31 13
locus NW_006805479.1:14321
13 2
26 10
5 3
10 4
24 8
38 5
23 4
20 11
31 7
31 3
8 1
30 5
23 5
14 3
46 14
24 3
13 7
locus NW_006805479.1:51151
13 1
3 7
4 4
15 8
5 6
4 13
3 4
7 6
5 5
10 8
1 5
6 6
8 11
5 2
15 13
7 11
6 6
locus NW_006805479.1:78393
3 35
7 83
4 37
4 80
7 63
5 82
9 83
9 71
3 76
7 45
4 22
5 94
5 80
3 26
3 96
4 54
3 41
locus NW_006805490.1:17806
8 0
31 0
7 0
13 0
36 0
22 0
22 0
15 0
15 0
8 5
11 0
17 0
24 0
13 0
35 0
19 0
24 0
locus NW_006805490.1:28855
13 0
11 0
12 0
18 0
14 0
23 0
13 0
17 0
12 0
9 0
6 0
17 0
27 0
21 0
43 0
18 0
19 0
locus NW_006805505.1:15203
10 0
15 0
9 0
17 0
11 0
14 0
7 0
11 0
4 0
11 0
6 0
7 0
16 0
5 0
14 0
10 0
13 0
locus NW_006805507.1:75440
20 4
13 2
3 3
21 19
24 8
37 8
19 9
22 6
19 4
23 0
4 0
20 6
27 4
9 1
40 13
25 6
27 3
locus NW_006805511.1:56313
24 0
32 0
19 0
26 0
25 0
31 0
25 0
31 0
29 0
25 0
6 0
18 0
31 0
14 0
28 0
17 0
38 0
locus NW_006805515.1:9477
34 8
44 28
25 6
41 22
19 12
43 25
26 17
56 11
14 13
18 8
18 13
34 10
42 20
26 10
53 47
32 31
49 5
locus NW_006805515.1:9763
0 12
0 4
0 17
0 12
0 11
0 15
0 14
0 15
0 9
0 13
0 5
0 5
0 20
0 6
0 27
0 19
0 25
locus NW_006805515.1:45109
7 9
12 6
4 1
16 3
6 4
9 3
15 9
12 7
11 8
10 12
5 1
12 3
11 6
9 3
17 4
11 3
20 7
locus NW_006805526.1:110
77 1
62 0
24 5
58 18
55 1
74 19
62 6
33 3
46 0
84 4
21 0
45 5
59 2
19 2
70 4
56 13
47 4
locus NW_006805538.1:105811
6 1
3 2
13 0
1 3
13 1
9 6
6 6
10 0
6 2
17 9
3 2
8 0
11 0
11 2
18 2
12 0
8 3
locus NW_006805538.1:106146
4 4
6 7
9 2
10 6
26 1
5 3
6 2
9 1
12 1
18 10
5 6
5 5
16 5
10 2
29 12
15 4
7 6
locus NW_006805538.1:106493
11 0
21 0
11 0
16 0
17 0
21 0
6 0
15 0
25 0
21 0
5 0
19 0
23 0
7 0
43 0
24 0
15 0
locus NW_006805541.1:77503
18 0
26 0
10 0
22 0
27 0
28 0
11 0
26 0
16 0
20 0
6 0
27 0
28 0
18 0
29 0
17 0
21 0
locus NW_006805548.1:63619
4 0
14 0
6 0
18 0
7 0
10 0
20 0
10 0
14 0
5 0
4 0
20 0
13 0
11 0
21 0
19 0
17 0
locus NW_006805555.1:362
12 5
6 6
8 3
15 8
6 8
11 9
12 17
9 6
8 6
10 7
6 1
17 6
21 14
15 5
21 24
10 18
10 12
locus NW_006805558.1:12913
0 9
0 8
0 9
0 13
0 16
0 8
0 14
0 13
0 14
0 17
0 4
0 13
0 12
0 5
0 17
0 6
0 5
locus NW_006805578.1:16081
20 20
18 21
8 19
7 19
9 21
15 28
19 29
15 28
17 20
17 15
13 6
15 30
27 31
3 18
22 40
17 23
16 31
locus NW_006805582.1:9025
13 0
16 0
10 1
23 0
31 1
40 2
24 2
17 0
11 1
28 0
7 0
17 0
43 0
4 0
17 1
20 0
11 0
locus NW_006805582.1:9919
0 52
2 81
1 39
2 82
1 103
4 89
3 68
0 62
4 60
0 80
0 28
1 68
2 84
1 53
10 168
0 90
0 85
locus NW_006805582.1:10539
0 32
2 30
0 18
0 25
0 46
0 45
0 32
0 42
0 26
0 46
0 7
0 37
0 45
0 23
0 77
1 60
0 40
locus NW_006805589.1:4499
5 4
13 5
4 4
13 6
8 3
10 10
8 6
17 4
10 10
10 5
4 1
6 3
15 3
1 3
21 6
3 4
11 8
locus NW_006805614.1:25233
18 0
26 0
7 0
27 0
29 0
17 0
24 0
15 0
24 0
17 0
4 0
14 0
31 0
10 0
28 0
19 0
27 0
locus NW_006805618.1:1712
15 2
15 4
17 3
17 5
26 4
20 5
8 1
7 2
8 2
12 6
9 1
8 0
27 0
11 0
31 6
9 2
15 7
locus NW_006805634.1:30817
0 17
0 16
0 15
0 13
0 18
13 14
14 12
0 26
0 25
0 30
0 21
9 20
13 17
3 8
0 37
0 23
2 17
locus NW_006805644.1:17880
9 1
9 11
12 1
20 19
13 14
7 12
7 10
21 7
13 8
9 8
5 2
11 10
14 32
30 0
37 11
7 10
19 9
locus NW_006805657.1:11293
22 0
21 0
15 0
30 0
43 0
33 0
27 0
18 0
10 0
34 0
17 0
31 0
39 0
11 0
25 0
30 0
22 0
locus NW_006805657.1:16985
6 8
8 2
3 1
10 2
16 3
14 2
4 4
7 0
7 3
10 7
6 14
9 4
11 7
8 7
15 8
18 9
7 4
locus NW_006805659.1:20711
23 1
52 5
13 1
26 2
25 2
37 0
57 7
25 0
9 5
11 4
8 3
56 3
42 6
20 1
69 20
41 7
7 2
locus NW_006805662.1:2198
28 10
44 18
30 5
67 29
30 7
58 6
62 8
45 14
40 9
35 11
23 1
58 21
57 11
33 5
100 14
55 8
70 20
locus NW_006805662.1:3441
26 6
23 6
18 0
24 8
27 12
26 8
25 2
34 5
30 14
33 17
31 2
32 11
28 5
10 2
56 8
24 3
40 7
locus NW_006805674.1:18692
20 4
12 6
5 3
10 10
9 3
19 5
10 8
27 11
8 5
9 6
5 3
15 7
11 11
3 2
39 8
5 11
22 4
locus NW_006805676.1:518
18 8
38 7
10 3
29 12
15 6
26 13
24 14
23 8
22 14
18 6
13 2
37 8
27 13
15 11
25 11
14 8
29 9
locus NW_006805676.1:1255
14 0
10 4
7 0
6 4
15 4
18 2
9 2
13 5
15 3
23 1
5 2
11 0
10 0
7 4
33 6
18 2
16 2
locus NW_006805676.1:8545
2 3
1 20
0 19
2 10
1 18
1 12
0 16
3 17
2 15
3 27
0 6
0 12
2 31
2 7
6 35
0 13
4 30
locus NW_006805676.1:13558
34 13
48 20
33 6
33 9
42 14
75 27
51 15
60 11
49 18
59 20
21 11
55 17
64 27
52 14
96 42
66 17
63 13
locus NW_006805677.1:4924
20 6
12 4
8 6
12 12
25 6
27 10
23 6
5 7
17 2
28 4
9 1
18 1
9 8
9 3
26 11
15 7
23 7
locus NW_006805680.1:29574
0 13
0 17
0 4
0 7
3 10
0 16
2 20
0 10
0 18
2 4
0 7
0 7
0 14
2 10
3 11
4 6
2 9
locus NW_006805687.1:4388
18 0
17 0
7 0
27 0
20 0
21 0
21 0
29 0
20 0
16 0
7 0
16 0
23 0
11 0
19 0
25 0
24 0
locus NW_006805690.1:14443
14 15
19 9
11 2
19 9
11 6
17 9
17 12
23 5
10 17
10 7
8 1
14 14
21 0
13 2
22 7
8 7
12 6
locus NW_006805691.1:15575
1 44
1 42
2 19
4 19
12 44
3 35
0 28
6 52
2 38
5 52
3 5
1 31
6 42
2 32
9 149
2 97
2 93
locus NW_006805698.1:19010
15 0
17 0
16 0
23 0
12 0
7 0
4 0
18 0
23 0
8 0
9 0
8 0
10 0
10 0
31 0
30 0
28 0
locus NW_006805701.1:7838
18 9
34 26
14 11
59 19
28 16
38 27
24 21
47 16
44 16
21 9
18 8
38 8
60 12
29 16
98 39
47 27
49 15
locus NW_006805701.1:8167
5 4
13 4
9 2
30 5
16 3
25 8
15 5
9 4
10 1
13 3
10 2
8 0
19 4
17 2
52 6
18 7
17 3
locus NW_006805703.1:1399
15 0
16 0
10 0
26 0
23 0
18 0
19 0
8 0
19 0
1 6
13 0
0 8
21 7
7 0
24 0
11 0
33 0
locus NW_006805718.1:7827
0 20
0 33
0 12
0 59
0 22
0 50
0 33
0 12
0 25
0 12
0 14
0 27
0 41
0 37
0 79
0 51
0 42
locus NW_006805723.1:19880
0 17
0 19
0 12
0 20
0 20
0 16
0 12
0 19
0 12
0 5
0 11
0 7
0 19
0 11
0 33
0 13
0 17
locus NW_006805727.1:2153
10 32
20 76
17 21
27 37
26 36
35 45
24 45
22 55
15 46
19 43
3 20
18 91
35 51
21 16
33 45
25 21
12 22
locus NW_006805736.1:10866
23 13
16 31
5 11
23 11
37 18
14 19
30 14
18 8
22 17
30 19
16 17
13 14
26 16
4 3
10 12
13 11
12 7
locus NW_006805742.1:8137
13 0
12 1
9 0
10 0
26 0
15 1
20 3
20 0
22 0
39 1
16 4
12 0
11 2
10 0
59 1
40 4
34 1
locus NW_006805750.1:536
25 14
21 8
14 7
8 8
16 8
20 25
31 14
22 7
29 13
27 5
2 9
22 12
22 16
10 6
31 16
17 9
25 7
locus NW_006805765.1:176
69 8
74 6
43 3
77 8
75 3
96 17
67 6
68 15
25 7
68 14
19 7
50 13
75 16
53 6
153 29
88 15
107 18
locus NW_006805768.1:10143
43 0
59 0
17 0
44 0
56 0
58 0
51 0
36 0
32 0
32 0
32 0
58 0
59 0
31 0
82 0
52 0
41 0
locus NW_006805770.1:12524
11 8
6 5
10 4
8 4
7 4
14 6
10 2
9 1
11 5
3 4
11 0
6 3
12 10
15 2
55 13
16 8
31 10
locus NW_006805773.1:29662
5 10
7 12
4 4
8 3
11 15
18 8
9 5
10 6
13 10
20 11
4 4
8 15
9 11
9 2
14 13
10 9
13 10
locus NW_006805780.1:4821
17 0
28 5
21 3
19 4
19 5
21 7
11 2
15 6
18 1
18 2
4 0
14 3
17 8
19 3
85 15
12 14
9 8
locus NW_006805789.1:5607
12 24
37 35
11 15
41 55
21 63
24 29
23 38
14 51
16 38
33 39
12 17
33 65
26 67
5 3
31 24
7 8
11 14
locus NW_006805834.1:6294
48 0
57 0
40 0
73 0
95 0
102 0
77 0
63 1
66 0
98 0
41 0
48 0
103 0
44 0
136 0
114 0
74 0
locus NW_006805834.1:6573
14 2
23 0
21 0
25 6
39 2
45 4
42 1
20 2
27 4
33 3
19 1
22 0
48 2
22 2
64 6
48 2
22 8
locus NW_006805839.1:5894
0 14
0 20
0 14
0 18
0 27
0 18
0 23
0 23
0 9
0 36
0 8
0 15
0 23
0 9
0 46
0 21
0 30
locus NW_006805839.1:7784
25 0
26 0
15 0
36 0
16 0
32 0
32 0
22 0
32 0
25 0
17 0
13 0
27 0
20 0
50 0
35 0
28 3
locus NW_006805839.1:8106
12 1
14 1
13 2
24 1
11 2
32 5
22 3
9 1
24 3
12 2
12 0
12 0
21 2
15 2
38 3
31 1
24 5
locus NW_006805839.1:8823
23 0
26 2
15 1
25 5
32 1
29 5
42 4
30 0
27 2
41 1
11 0
30 6
30 3
11 10
42 16
21 13
20 6
locus NW_006805839.1:9095
10 33
25 49
14 27
25 77
12 65
27 73
23 88
15 47
25 54
18 66
13 30
12 61
28 73
6 33
43 103
17 60
17 55
locus NW_006805839.1:11441
28 2
57 5
20 3
61 4
26 5
47 9
36 6
31 6
40 11
30 2
23 1
30 9
55 5
24 3
102 14
69 17
51 4
locus NW_006805839.1:11853
18 2
31 3
7 3
20 1
12 3
13 3
17 0
14 1
19 5
12 0
9 1
16 1
18 2
6 1
37 2
30 9
13 7
locus NW_006805859.1:3706
13 0
23 0
22 1
34 0
41 0
40 1
27 2
20 0
30 3
51 2
28 0
16 1
31 0
17 4
68 0
46 0
39 2
locus NW_006805859.1:5612
17 16
12 14
4 5
11 9
16 18
11 17
13 9
18 15
21 18
19 24
5 2
18 11
7 11
11 5
22 18
8 18
26 5
locus NW_006805868.1:751
0 29
0 54
0 14
0 25
0 58
0 47
0 48
4 14
0 13
0 29
0 29
0 50
0 52
0 11
0 74
0 56
0 9
locus NW_006805868.1:2041
29 0
32 0
29 0
28 0
20 0
34 0
20 0
19 0
17 0
9 0
5 0
20 0
43 0
12 0
74 0
19 0
32 0
locus NW_006805870.1:10772
37 5
21 11
13 15
24 12
79 16
44 13
28 20
21 20
9 25
41 26
42 1
16 21
47 38
14 3
26 13
55 11
19 14
locus NW_006805901.1:10305
28 14
41 2
25 7
28 6
42 7
44 8
42 6
43 5
27 5
26 8
7 3
23 2
53 2
30 0
74 4
49 11
47 10
locus NW_006805901.1:10591
16 11
24 2
22 5
15 5
24 7
23 5
24 5
26 2
18 4
19 7
7 1
13 1
24 1
24 0
50 4
24 8
25 8
locus NW_006806010.1:7842
9 0
14 0
5 0
9 0
10 0
27 0
10 0
9 0
16 0
0 7
4 0
6 4
14 0
8 0
25 0
9 0
20 0
locus NW_006806034.1:3993
2 20
0 13
0 15
1 18
0 23
0 17
3 20
0 21
6 17
1 54
0 6
0 26
2 23
0 6
4 25
3 18
5 21
locus NW_006806165.1:5508
10 0
12 0
11 0
14 0
10 0
9 0
16 0
12 0
10 0
30 0
6 0
14 0
21 0
5 0
33 0
22 0
26 0
locus NW_006806165.1:5796
17 0
18 4
18 1
18 1
32 2
27 0
20 0
21 0
11 5
43 6
15 1
20 2
32 7
7 0
30 3
18 2
25 0
locus NW_006806165.1:6072
12 3
7 3
7 2
8 2
18 2
6 0
6 0
13 2
13 4
17 4
5 1
19 6
24 5
5 1
14 4
11 3
15 8
locus NW_006806165.1:6427
8 4
9 2
19 1
11 5
16 7
9 5
15 4
28 1
12 3
40 9
2 2
17 2
26 7
9 8
35 9
21 28
35 13
locus NW_006806213.1:2170
55 11
84 25
43 4
94 16
81 13
82 19
88 33
78 14
90 18
62 12
46 8
68 18
118 29
47 2
117 31
71 17
105 18
locus NW_006806257.1:6597
3 43
1 59
1 8
0 32
4 36
1 38
2 42
4 23
0 24
3 34
2 22
1 52
0 25
0 6
2 55
0 43
4 28
locus NW_006806257.1:6900
97 0
138 0
53 0
107 0
116 0
112 0
91 0
78 0
64 0
107 0
64 0
103 0
63 0
23 0
126 0
92 0
59 0
locus NW_006806413.1:1060
4 11
7 5
6 0
9 0
7 6
19 0
11 0
8 0
5 9
16 5
1 4
5 4
3 8
23 0
19 19
11 7
12 3
locus NW_006806430.1:781
28 0
49 0
20 0
67 0
75 0
65 0
30 0
34 0
21 0
56 0
28 0
37 0
46 0
42 0
98 0
50 0
62 0
locus NW_006806445.1:3152
82 4
78 8
28 0
84 5
78 4
143 10
71 5
86 0
37 4
90 7
50 1
88 5
63 1
17 1
113 3
47 9
80 2
locus NW_006806541.1:65
63 0
106 0
38 0
73 0
58 0
78 0
71 0
45 0
55 0
54 0
38 0
122 0
46 0
27 0
101 0
59 0
41 0
locus NW_006806541.1:779
17 3
40 6
7 2
13 8
38 11
14 3
15 1
15 2
11 2
19 1
6 1
28 2
21 0
14 0
72 13
39 17
15 2
locus NW_006806541.1:1075
7 11
11 6
1 6
20 7
10 8
9 17
15 15
8 5
11 8
7 4
2 2
16 10
15 10
3 7
23 31
17 20
8 12
locus NW_006806572.1:3062
10 2
10 13
7 4
12 4
3 16
6 17
3 12
10 6
22 4
12 14
6 1
12 0
15 5
8 0
21 12
13 8
9 6
locus NW_006806723.1:2759
73 0
85 0
29 0
75 0
51 0
104 0
68 0
76 0
45 0
52 0
10 0
58 0
68 0
32 0
66 1
62 0
62 1
locus NW_006806812.1:2881
22 20
63 14
13 11
38 18
31 8
41 19
86 24
47 12
27 6
59 9
11 7
49 11
39 11
25 12
44 37
19 25
20 12
locus NW_006807502.1:1118
9 10
16 6
8 5
39 2
20 0
21 0
29 0
21 0
7 0
7 0
7 0
18 0
6 0
8 0
35 0
8 2
13 0
locus NW_006807541.1:576
83 24
105 26
47 10
99 11
39 11
132 5
81 6
68 11
80 17
63 8
33 8
81 9
99 11
50 0
119 26
99 18
70 17
locus NW_006807631.1:649
13 0
24 0
9 0
15 0
13 0
33 0
36 0
12 0
11 0
11 0
10 0
16 0
20 0
7 0
23 0
14 0
22 0
locus NW_006807690.1:529
9 0
22 0
4 0
6 0
8 0
19 0
12 0
12 0
16 0
11 0
13 0
9 0
11 0
7 0
21 1
8 0
14 0
locus NW_006807713.1:1108
14 0
27 0
17 0
29 0
21 0
35 0
27 0
13 0
23 0
20 0
6 0
19 0
11 0
10 0
45 0
19 0
12 0
locus NW_006807765.1:1040
10 0
13 0
4 3
0 13
6 9
17 10
15 2
20 0
10 0
12 0
0 7
23 0
16 0
3 6
22 0
0 10
0 9
locus NW_006808146.1:1276
16 0
18 0
10 0
22 0
23 0
36 0
24 0
14 0
20 0
17 0
7 0
31 0
23 0
26 0
41 0
23 0
33 0
locus NW_006808341.1:153
14 0
15 0
14 0
22 0
18 0
26 0
14 0
17 0
32 0
12 0
14 0
10 0
31 0
16 0
39 0
25 0
29 0
locus NW_006808341.1:454
31 10
38 8
21 5
71 11
41 13
58 13
47 11
45 15
39 13
31 16
18 1
44 28
67 17
25 7
76 15
49 4
31 13
locus NW_006808427.1:1105
17 2
19 6
12 5
24 12
15 10
39 5
28 4
24 1
8 7
35 5
11 2
20 4
44 5
19 1
48 4
24 0
18 0
locus NW_006808562.1:970
0 12
0 17
0 10
0 29
0 27
0 28
0 29
0 35
0 42
0 28
0 11
0 41
0 29
0 10
0 35
0 26
0 27
locus NW_006808574.1:517
0 16
0 18
0 13
0 13
0 17
0 27
0 18
0 13
0 24
0 12
0 5
0 14
0 26
0 14
0 27
1 14
0 29
locus NW_006809278.1:98
9 6
8 3
8 0
12 0
8 4
16 3
18 0
10 4
5 1
19 1
5 1
11 2
11 3
16 1
9 0
20 0
11 0
locus NW_006809278.1:556
13 1
7 6
7 0
7 6
22 3
15 9
6 5
13 2
10 2
14 6
3 1
8 5
16 1
7 6
31 19
15 14
27 6
locus NW_006809394.1:32
11 5
12 0
4 8
0 20
0 13
7 7
10 2
18 8
0 12
9 6
6 1
1 9
3 9
3 1
3 12
3 8
10 11
locus NW_006809602.1:649
27 0
10 0
11 0
32 0
25 0
21 0
23 0
31 0
21 0
10 0
20 0
25 0
38 0
29 0
27 0
31 0
22 0
locus NW_006809712.1:318
17 27
18 20
12 20
5 28
47 37
32 23
62 32
28 32
10 8
52 23
16 14
1 34
36 19
21 7
39 16
4 19
18 21
locus NW_006809712.1:647
6 5
15 5
11 0
7 1
11 21
4 11
19 12
14 6
4 0
17 12
1 6
17 0
12 6
1 6
12 5
13 0
11 2
