0.489794,0.488361,0.100621,0.881430
0.502502,0.504551,0.096648,0.899660
0.496701,0.498694,0.091785,0.904314
0.501161,0.504759,0.110548,0.888321
0.498431,0.488975,0.118078,0.891700
0.504812,0.506643,0.106060,0.903096
0.496576,0.490957,0.095714,0.906923
0.504798,0.505340,0.103047,0.909067
0.497998,0.501828,0.104784,0.904165
0.489617,0.475088,0.098913,0.901243
0.503060,0.502421,0.105141,0.899059
0.496226,0.493662,0.100056,0.885111
0.487197,0.472860,0.086081,0.890536
0.508446,0.507647,0.107846,0.899851
0.503751,0.508919,0.102738,0.887641
0.515389,0.527798,0.104990,0.902704
0.488756,0.484977,0.092322,0.887429
0.501418,0.513252,0.093159,0.894658
0.494649,0.496708,0.087568,0.890516
0.505795,0.508336,0.109131,0.908810
0.505207,0.503238,0.113989,0.901386
0.501328,0.511518,0.103341,0.891420
0.508331,0.508080,0.116559,0.893153
0.503119,0.508340,0.102797,0.901685
0.499131,0.510178,0.091534,0.899386
0.514469,0.531789,0.106454,0.906382
0.495974,0.501045,0.082197,0.886645
0.503364,0.494111,0.111180,0.902047
0.503588,0.509091,0.105899,0.906430
0.501815,0.488580,0.111705,0.908028
0.484100,0.487372,0.083503,0.892583
0.493630,0.486071,0.092026,0.887733
0.498271,0.484039,0.098020,0.908205
0.486687,0.475528,0.100302,0.895452
0.495004,0.491855,0.077896,0.898888
0.490167,0.491126,0.085397,0.906504
0.492486,0.486660,0.103756,0.898086
0.518245,0.523848,0.105853,0.907673
0.505726,0.512510,0.117705,0.893924
0.497115,0.491666,0.097984,0.901797
0.482639,0.475641,0.081733,0.888941
0.497256,0.487600,0.098254,0.898347
0.503750,0.503797,0.106410,0.904950
0.486513,0.479488,0.100892,0.886126
0.519984,0.518604,0.124995,0.901074
0.509482,0.505163,0.115446,0.898524
0.478053,0.461938,0.098677,0.867391
0.498407,0.503358,0.100422,0.896575
0.484973,0.481413,0.100182,0.870209
0.503490,0.515568,0.102979,0.893709
0.493850,0.489888,0.103614,0.895364
0.507714,0.513741,0.105654,0.912110
0.497430,0.493875,0.098906,0.900832
0.495634,0.506753,0.089767,0.894154
0.487680,0.491631,0.093907,0.878065
0.498297,0.486430,0.094651,0.900250
0.497571,0.504786,0.101844,0.904402
0.501780,0.492135,0.103107,0.897954
0.493807,0.485782,0.096142,0.900131
0.514907,0.527145,0.109786,0.899674
0.510894,0.514313,0.108761,0.908889
0.500486,0.499281,0.104186,0.901584
0.495880,0.495970,0.096330,0.896845
0.495266,0.500406,0.102235,0.897826
0.502943,0.503393,0.095066,0.894217
0.507036,0.504032,0.102387,0.906140
0.518159,0.531784,0.128149,0.908728
0.512408,0.513118,0.103031,0.911286
0.488774,0.476435,0.083515,0.910534
0.491122,0.484395,0.098975,0.896276
0.502519,0.496075,0.091165,0.912948
0.495198,0.487883,0.106005,0.894211
0.504495,0.502327,0.101453,0.905620
0.500836,0.497058,0.113226,0.898981
0.498428,0.495220,0.105556,0.896365
0.498809,0.493011,0.089537,0.905894
0.492204,0.478224,0.098800,0.895754
0.496000,0.488195,0.107076,0.894427
0.481453,0.468897,0.087361,0.897420
0.502865,0.512109,0.102801,0.897792
0.492337,0.482527,0.087655,0.901282
0.489624,0.483007,0.104581,0.898389
0.505830,0.507321,0.101894,0.913948
0.497400,0.493791,0.085537,0.903920
0.503186,0.499578,0.109602,0.893501
0.500949,0.506176,0.098436,0.895662
0.489863,0.490116,0.103938,0.894040
0.506997,0.520459,0.103927,0.899511
0.497794,0.496909,0.109224,0.894864
0.498160,0.493812,0.113799,0.905878
0.530391,0.540707,0.127231,0.924965
0.499596,0.491581,0.107851,0.895693
0.503862,0.503282,0.099107,0.898306
0.508345,0.516232,0.121353,0.892448
0.509224,0.516503,0.110759,0.902789
0.499671,0.498243,0.120107,0.903551
0.494081,0.503359,0.091289,0.899603
0.496452,0.490572,0.096528,0.891265
0.498007,0.488718,0.105026,0.889109
0.489042,0.490305,0.088167,0.895028
0.492434,0.498884,0.087097,0.896418
0.505032,0.504451,0.106630,0.901551
0.499672,0.511966,0.087204,0.906150
0.485978,0.485546,0.105288,0.876957
0.500203,0.501265,0.100547,0.905537
0.494264,0.497939,0.094474,0.887838
0.513548,0.524379,0.101931,0.905351
0.512712,0.522568,0.109619,0.905064
0.508814,0.511216,0.096377,0.912511
0.511705,0.509282,0.128100,0.909923
0.497323,0.502725,0.100111,0.890283
0.492540,0.484068,0.115843,0.889206
0.506685,0.506022,0.118050,0.904364
0.503985,0.511592,0.098686,0.902673
0.522633,0.525143,0.117554,0.932368
0.500196,0.500525,0.099989,0.894102
0.499859,0.492387,0.093367,0.904279
0.495575,0.507661,0.089508,0.890175
0.507766,0.502721,0.093455,0.903323
0.500507,0.497245,0.101531,0.906492
0.523091,0.531710,0.115310,0.913644
0.493957,0.497007,0.096307,0.894490
0.496337,0.504513,0.100334,0.891209
0.504138,0.498901,0.105306,0.916769
0.495831,0.487369,0.093038,0.894953
0.517753,0.521767,0.109252,0.906758
0.513251,0.519599,0.105447,0.903028
0.491329,0.484624,0.096022,0.897180
0.496930,0.487978,0.098316,0.906742
0.490173,0.494072,0.092733,0.892150
0.497197,0.501661,0.100838,0.893004
0.498806,0.498361,0.107616,0.893281
0.490368,0.481609,0.091085,0.901580
0.500167,0.496987,0.103621,0.891819
0.506794,0.520227,0.101509,0.902273
0.488064,0.484871,0.095315,0.891554
0.491594,0.481065,0.111846,0.909462
0.513247,0.509893,0.126652,0.900920
0.510833,0.520456,0.098748,0.904634
0.498985,0.497111,0.098441,0.897514
0.510073,0.511125,0.099771,0.911480
0.508080,0.521903,0.112787,0.902756
0.497658,0.491020,0.097511,0.896308
0.506347,0.518081,0.092617,0.911364
0.479193,0.471034,0.099015,0.880328
0.497846,0.495083,0.102593,0.892662
0.490957,0.486929,0.097992,0.893246
0.500883,0.493914,0.109472,0.905371
0.477032,0.476918,0.081691,0.880843
0.499588,0.497523,0.096459,0.898509
0.492610,0.488139,0.109225,0.896688
0.497245,0.494124,0.110407,0.898544
0.503009,0.503748,0.117350,0.888441
0.506343,0.499895,0.113968,0.910484
0.504114,0.503898,0.091538,0.899645
0.515532,0.522479,0.098259,0.915059
0.511868,0.521427,0.110738,0.907937
0.500165,0.499111,0.107959,0.899833
0.509840,0.506975,0.103740,0.911687
0.499317,0.509332,0.095892,0.902001
0.495370,0.489583,0.091684,0.887358
0.499288,0.502602,0.093804,0.888754
0.485767,0.476372,0.083782,0.893254
0.508054,0.520028,0.108349,0.903523
0.511962,0.523490,0.104184,0.907958
0.518468,0.530593,0.111381,0.916093
0.502763,0.506242,0.102422,0.898814
0.506723,0.503565,0.105185,0.918283
0.502269,0.506072,0.104631,0.893280
0.501961,0.503612,0.093201,0.900106
0.498557,0.498558,0.111090,0.895114
0.499232,0.502828,0.100582,0.901916
0.505099,0.505480,0.100186,0.895248
0.510925,0.508804,0.111412,0.902762
0.486446,0.486791,0.091327,0.885711
0.482512,0.473431,0.090882,0.887109
0.477828,0.461436,0.086491,0.883497
0.495266,0.504966,0.085318,0.883783
0.520302,0.526829,0.112399,0.915368
0.482373,0.464514,0.088039,0.892989
0.498909,0.503240,0.112207,0.885695
0.494828,0.500303,0.090148,0.885134
0.487832,0.473267,0.113493,0.906042
0.520863,0.531730,0.117689,0.900418
0.505505,0.496261,0.102744,0.906438
0.472695,0.461832,0.080922,0.886885
0.501440,0.497966,0.112321,0.900747
0.497011,0.502578,0.095522,0.900626
0.496775,0.495590,0.097626,0.898222
0.504563,0.518498,0.097044,0.891948
0.502792,0.499809,0.099162,0.908267
0.496657,0.486693,0.104826,0.893853
0.505573,0.513389,0.097918,0.900101
0.503633,0.505676,0.104963,0.902727
0.499579,0.493839,0.109577,0.897743
0.502762,0.509945,0.102238,0.882766
0.499199,0.497207,0.095395,0.903985
0.489060,0.488929,0.085252,0.884101
0.489772,0.478788,0.094015,0.887132
0.508237,0.522918,0.094891,0.899041
0.492573,0.484757,0.088173,0.891312
0.502982,0.494885,0.101465,0.898847
0.494806,0.481865,0.091402,0.894194
0.513310,0.509684,0.113444,0.906339
0.513053,0.522947,0.111239,0.900866
0.498213,0.496598,0.091352,0.897571
0.482991,0.480480,0.093769,0.900906
0.502912,0.501854,0.096128,0.906667
0.489165,0.491750,0.089158,0.895583
0.497643,0.492823,0.096117,0.915865
0.504547,0.509992,0.112733,0.898046
0.517481,0.513049,0.124819,0.906982
0.500488,0.503138,0.110635,0.900150
0.513767,0.520541,0.102637,0.916307
0.494090,0.491072,0.096046,0.904004
0.492539,0.482579,0.095267,0.905768
0.482292,0.472482,0.090171,0.884611
0.509585,0.517894,0.107586,0.901228
0.499266,0.499528,0.107947,0.898196
0.489640,0.477751,0.096525,0.900530
0.504800,0.513836,0.102553,0.907352
0.495563,0.478996,0.100348,0.899228
0.489996,0.486721,0.103325,0.893740
0.492850,0.500762,0.088103,0.889836
0.509852,0.518169,0.111526,0.900108
0.495424,0.487951,0.098067,0.896496
0.496899,0.496999,0.098613,0.909032
0.490802,0.477078,0.106850,0.902590
0.490646,0.492623,0.095375,0.882025
0.510375,0.508505,0.117300,0.910967
0.505377,0.503363,0.103644,0.905704
0.501741,0.500297,0.100358,0.904821
0.503926,0.510888,0.097325,0.901495
0.501449,0.503465,0.107249,0.902854
0.496051,0.487594,0.111539,0.897825
0.484191,0.470520,0.103605,0.887685
0.497069,0.495878,0.100528,0.901499
0.490451,0.485054,0.100353,0.900805
0.511484,0.509719,0.108923,0.906670
0.491466,0.488855,0.094727,0.899921
0.480964,0.466731,0.087103,0.903091
0.509201,0.511830,0.111557,0.905830
0.501410,0.500893,0.106398,0.907953
0.505796,0.512229,0.112153,0.893103
0.497038,0.493374,0.106100,0.895345
0.504290,0.498389,0.103833,0.907186
0.496166,0.490191,0.094427,0.895518
0.517256,0.523583,0.100245,0.906945
0.507443,0.525520,0.099590,0.905031
0.485182,0.472670,0.109194,0.884618
0.500081,0.506418,0.097644,0.899441
0.492427,0.489911,0.104093,0.887320
0.508082,0.511758,0.109399,0.905446
0.505161,0.511632,0.110856,0.905439
0.502744,0.508578,0.100374,0.898358
0.498203,0.494420,0.091239,0.897239
0.505869,0.507766,0.110531,0.893401
0.490573,0.482953,0.090954,0.911210
0.497871,0.499065,0.087623,0.898787
0.487394,0.484158,0.096927,0.889103
0.489198,0.490556,0.079838,0.899544
0.509038,0.521110,0.096315,0.900574
0.515762,0.526903,0.098027,0.918909
0.503641,0.512370,0.097891,0.899330
0.497038,0.520033,0.078786,0.880236
0.507396,0.521489,0.111546,0.896350
0.483086,0.474632,0.086154,0.885316
0.505876,0.502142,0.105568,0.902738
0.507977,0.499822,0.114703,0.898457
0.512468,0.513453,0.092749,0.913604
0.512335,0.516789,0.110234,0.905121
0.503143,0.503728,0.096320,0.905486
0.495323,0.495368,0.091211,0.898384
0.513088,0.520261,0.110465,0.911668
0.505432,0.509388,0.103901,0.904038
0.498090,0.499066,0.105431,0.896652
0.507056,0.509222,0.105667,0.905172
0.495799,0.480122,0.103242,0.902217
0.495117,0.488964,0.103041,0.899387
0.491060,0.492668,0.089407,0.901460
0.495500,0.483126,0.110774,0.891357
0.511833,0.509877,0.109503,0.911948
0.503439,0.507731,0.110841,0.895528
0.500504,0.498454,0.090939,0.908136
0.500150,0.495182,0.117017,0.896702
0.503909,0.505683,0.098348,0.903154
0.491706,0.486125,0.104668,0.875216
0.498151,0.493310,0.101558,0.901081
0.503679,0.494896,0.113185,0.911731
0.485520,0.485379,0.095259,0.888004
0.498647,0.508463,0.097614,0.890054
0.498479,0.510665,0.100620,0.893000
0.488209,0.481930,0.093520,0.887063
0.491876,0.494508,0.102836,0.898961
0.497198,0.497519,0.098698,0.894564
0.506182,0.509345,0.091339,0.914944
0.504033,0.503052,0.108332,0.899030
0.515598,0.521999,0.115948,0.897764
0.505459,0.501214,0.120206,0.907030
0.498440,0.499762,0.097284,0.894792
0.507332,0.523610,0.099751,0.905591
0.498492,0.491636,0.108633,0.886625
0.499563,0.501026,0.101984,0.899042
0.486614,0.474431,0.091840,0.891253
0.487107,0.481618,0.109622,0.890724
0.495615,0.474105,0.103818,0.898303
0.499063,0.487087,0.106706,0.901715
0.502550,0.503921,0.110729,0.902817
0.498182,0.504428,0.099937,0.895782
0.489142,0.478787,0.098839,0.892722
0.493286,0.497079,0.080108,0.896963
0.489978,0.486662,0.092023,0.892477
0.513754,0.523759,0.102844,0.909030
0.505082,0.514799,0.101486,0.905069
0.496819,0.493545,0.107012,0.893036
0.505185,0.507570,0.110280,0.895594
0.472957,0.444861,0.082561,0.894944
0.498847,0.502308,0.088203,0.908647
0.493014,0.481344,0.100886,0.899520
0.477762,0.473018,0.092072,0.898445
0.494017,0.494245,0.081420,0.904345
0.496624,0.491311,0.090261,0.895960
0.492808,0.491823,0.093209,0.884511
0.509941,0.506922,0.105336,0.900735
0.484619,0.482373,0.097869,0.890736
0.484667,0.472900,0.093034,0.888908
0.485665,0.488405,0.092911,0.895643
0.499116,0.507628,0.100017,0.894207
0.498170,0.489526,0.097459,0.906515
0.506068,0.507425,0.106531,0.903138
0.502030,0.498877,0.103182,0.905878
0.504941,0.502070,0.093270,0.914705
0.511076,0.506600,0.111835,0.903796
0.499497,0.518825,0.098977,0.898174
0.499792,0.509621,0.107224,0.907318
0.504707,0.511213,0.089763,0.907518
0.476906,0.463216,0.088875,0.886431
0.498033,0.493360,0.102014,0.891878
0.494755,0.479115,0.112311,0.891642
0.503837,0.493313,0.110795,0.902834
0.498711,0.501196,0.111051,0.899813
0.479260,0.470468,0.096680,0.874530
0.505969,0.517968,0.112410,0.876489
0.496363,0.494880,0.103817,0.894588
0.508641,0.515048,0.111954,0.897876
0.503856,0.501669,0.096107,0.899404
0.503751,0.505279,0.106437,0.889594
0.513599,0.522169,0.101384,0.910825
0.501904,0.488568,0.102388,0.902965
0.495174,0.500239,0.099130,0.889675
0.501039,0.497907,0.112188,0.894998
0.510730,0.516086,0.108393,0.899970
0.498674,0.508158,0.101987,0.897525
0.504844,0.510245,0.091012,0.904949
0.500828,0.503476,0.101598,0.899874
0.506762,0.521355,0.106454,0.895008
0.495682,0.497484,0.098859,0.888551
0.507319,0.511818,0.115245,0.900642
0.507011,0.505910,0.094317,0.907844
0.521560,0.524501,0.107488,0.918989
0.502615,0.512881,0.090306,0.907300
0.497015,0.491671,0.105749,0.902181
0.498922,0.490968,0.102073,0.904841
0.498712,0.497669,0.097038,0.911402
0.510695,0.512677,0.107892,0.903300
0.498718,0.486167,0.100333,0.900399
0.486589,0.484048,0.087942,0.893766
0.509106,0.514513,0.099548,0.911205
0.495640,0.491295,0.098813,0.902997
0.509038,0.519612,0.108610,0.887658
0.502421,0.513230,0.089895,0.892445
0.489339,0.486500,0.096283,0.905163
0.492100,0.479426,0.094640,0.904900
0.497579,0.499229,0.099174,0.898658
0.496188,0.487453,0.097699,0.903210
0.495661,0.494761,0.092845,0.888888
0.511631,0.518846,0.103886,0.912225
0.510960,0.521227,0.108235,0.905216
0.496461,0.482927,0.107883,0.899845
0.500109,0.501983,0.105421,0.887907
0.488041,0.487472,0.095637,0.894819
0.508443,0.517675,0.100848,0.895994
0.494263,0.483262,0.096639,0.897661
0.479378,0.472435,0.091442,0.882045
0.483056,0.470282,0.090858,0.899047
0.505358,0.519962,0.094134,0.914039
0.502410,0.504667,0.092344,0.899172
0.501058,0.506473,0.090366,0.908272
0.497766,0.493443,0.097403,0.899475
0.491832,0.483085,0.083266,0.900518
0.490684,0.485724,0.086835,0.907629
0.492556,0.485907,0.108260,0.883533
0.492829,0.485578,0.105222,0.895307
0.499633,0.490813,0.096162,0.903178
0.478600,0.473165,0.079210,0.887520
0.495303,0.494036,0.097038,0.897709
0.502218,0.504512,0.095814,0.905062
0.505219,0.511618,0.091388,0.904197
0.497788,0.506884,0.102930,0.887113
0.509688,0.522277,0.102928,0.905432
0.494444,0.488967,0.096695,0.907549
0.482438,0.480622,0.079835,0.879546
0.508180,0.513106,0.092825,0.900350
0.501755,0.489890,0.122295,0.898643
0.487422,0.472404,0.103800,0.896402
0.487483,0.478474,0.089609,0.883085
0.498723,0.499090,0.097663,0.896068
0.489497,0.481588,0.085389,0.905197
0.491596,0.482807,0.116071,0.892745
0.507460,0.508456,0.103117,0.906814
0.500056,0.498057,0.089066,0.901987
0.502180,0.496937,0.106783,0.904875
0.523122,0.533672,0.119526,0.910932
0.526722,0.542435,0.111358,0.911923
0.474371,0.463475,0.083642,0.879752
0.517878,0.535232,0.113734,0.915646
0.523179,0.529560,0.115534,0.920965
0.502343,0.490358,0.092114,0.907196
0.487039,0.484044,0.092511,0.880035
0.490845,0.494095,0.094264,0.889582
0.495116,0.496366,0.095106,0.891225
0.496052,0.501651,0.086822,0.906193
0.490691,0.489987,0.097197,0.876157
0.495670,0.489470,0.101613,0.905147
0.492165,0.490772,0.090327,0.887408
0.521006,0.523383,0.105850,0.908293
0.504198,0.495774,0.106458,0.899978
0.503760,0.507194,0.111638,0.898094
0.504482,0.498999,0.094667,0.907410
0.500418,0.501526,0.098089,0.892322
0.492621,0.470037,0.104552,0.903321
0.509027,0.519158,0.106668,0.910086
0.527506,0.539657,0.122287,0.911389
0.495914,0.499938,0.092177,0.893382
0.495366,0.492326,0.106940,0.905222
0.515440,0.518485,0.111104,0.910230
0.502023,0.507159,0.102411,0.891079
0.516149,0.518755,0.101513,0.908693
0.470234,0.452181,0.102030,0.864957
0.512687,0.513794,0.103671,0.913040
0.497895,0.494268,0.091201,0.899011
0.497831,0.494492,0.087009,0.895243
0.504587,0.505405,0.097846,0.896096
0.510325,0.505477,0.110325,0.906770
0.497063,0.503424,0.099236,0.906686
0.491396,0.482186,0.108313,0.894210
0.503851,0.497953,0.094936,0.905609
0.512179,0.506924,0.117418,0.902804
0.506850,0.510739,0.095410,0.912365
0.490095,0.477986,0.108007,0.903270
0.494812,0.484304,0.114932,0.896250
0.492096,0.478701,0.099432,0.895743
0.498809,0.491251,0.096617,0.899669
0.505938,0.499479,0.102676,0.902387
0.512430,0.515375,0.104232,0.908795
0.510426,0.517982,0.110221,0.903964
0.506082,0.505735,0.101529,0.914292
0.497125,0.494554,0.093232,0.899031
0.506547,0.513767,0.102154,0.900421
0.493182,0.484342,0.096986,0.894309
0.509647,0.507711,0.101185,0.918718
0.491758,0.485764,0.097132,0.909077
0.518426,0.522114,0.114017,0.899023
0.495370,0.496783,0.099233,0.896262
0.514909,0.511422,0.109228,0.924065
0.511641,0.527045,0.102126,0.893096
0.492298,0.483599,0.096666,0.898352
0.512039,0.519598,0.110876,0.908557
0.506312,0.512314,0.099127,0.913000
0.515582,0.512804,0.107391,0.916814
0.508369,0.508652,0.100718,0.915051
0.493611,0.498174,0.109042,0.884418
0.487196,0.472924,0.092333,0.886949
0.488865,0.490676,0.090007,0.903740
0.500190,0.493696,0.094989,0.906090
0.504579,0.496896,0.087363,0.908589
0.488963,0.484496,0.096275,0.886331
0.497002,0.492790,0.097262,0.905714
0.514581,0.522407,0.121013,0.899552
0.505778,0.506581,0.107464,0.903310
0.491131,0.491652,0.090525,0.893430
0.511605,0.518057,0.105595,0.908498
0.491306,0.483015,0.104630,0.892970
0.511909,0.512789,0.109525,0.912104
0.494318,0.486885,0.098453,0.902768
0.517862,0.525038,0.108531,0.900965
0.505903,0.509888,0.103846,0.896312
0.496738,0.497579,0.081009,0.896349
0.490470,0.484086,0.089722,0.901280
0.490650,0.477156,0.092243,0.905821
0.499886,0.505561,0.097867,0.890611
0.499960,0.490764,0.109791,0.893294
0.512023,0.513784,0.108905,0.899660
0.503791,0.495863,0.105393,0.897971
0.507555,0.523666,0.098646,0.903316
0.482359,0.477402,0.092258,0.885758
0.504955,0.521614,0.095612,0.892907
0.507716,0.519099,0.100159,0.889049
0.491900,0.496426,0.097061,0.894455
0.490628,0.479677,0.091904,0.901549
0.486765,0.477941,0.095870,0.892487
0.497644,0.489792,0.108918,0.881742
0.504726,0.511568,0.111027,0.900535
0.488465,0.472195,0.090637,0.895396
0.511975,0.510944,0.106614,0.909079
0.500045,0.502255,0.106384,0.893348
0.491791,0.493989,0.095517,0.899075
0.510027,0.516854,0.101844,0.912542
0.503141,0.512296,0.089032,0.901432
0.496225,0.491339,0.097749,0.896522
0.497776,0.500573,0.087644,0.893217
0.500563,0.501885,0.109453,0.894179
0.504145,0.506847,0.092179,0.914632
0.517427,0.519022,0.097239,0.915605
0.502139,0.498809,0.101804,0.912002
0.504076,0.507463,0.099580,0.910367
0.514956,0.511200,0.110475,0.897780
0.495889,0.508626,0.093926,0.890692
0.506274,0.508527,0.111248,0.909599
0.487796,0.488101,0.106651,0.879895
0.495854,0.500061,0.102887,0.890597
0.525961,0.529863,0.122683,0.921114
0.491155,0.482844,0.102615,0.892255
0.480860,0.464292,0.088626,0.891441
0.492787,0.497062,0.095616,0.895158
0.496913,0.489355,0.103243,0.896269
0.522810,0.528580,0.114326,0.913484
0.507299,0.504463,0.099053,0.903433
0.513493,0.519306,0.105931,0.912716
0.492542,0.486266,0.103779,0.887000
0.516950,0.520901,0.111097,0.909462
0.507648,0.509373,0.115344,0.909513
0.490929,0.486716,0.097370,0.877693
0.492483,0.491837,0.094986,0.894447
0.500976,0.497132,0.113703,0.908665
0.472823,0.454744,0.087333,0.884176
0.487444,0.474322,0.104012,0.901252
0.486699,0.481834,0.089504,0.886638
0.488057,0.490060,0.097821,0.893667
0.510457,0.524266,0.117596,0.894561
0.503561,0.511283,0.099484,0.892566
0.513202,0.509828,0.113336,0.913855
0.493162,0.497959,0.096181,0.884292
0.515970,0.531919,0.120429,0.897413
0.499963,0.504178,0.099992,0.897723
0.512990,0.525740,0.105937,0.891186
0.507499,0.520637,0.105845,0.899297
0.511815,0.521764,0.099034,0.905775
0.508819,0.519843,0.109725,0.897679
0.506545,0.504281,0.108316,0.914121
0.520847,0.525800,0.120666,0.899211
0.494769,0.497492,0.098446,0.893989
0.500678,0.497913,0.101993,0.889605
0.497869,0.491711,0.100236,0.902224
0.496587,0.498998,0.094229,0.893835
0.505624,0.499848,0.106878,0.905394
0.501672,0.499312,0.102855,0.906161
0.496383,0.492566,0.093957,0.911329
0.502356,0.497742,0.103266,0.899578
0.496644,0.494344,0.098516,0.911752
0.500280,0.501234,0.091987,0.902636
0.508485,0.515669,0.108308,0.908566
0.488053,0.482957,0.094234,0.883014
0.500216,0.499353,0.105264,0.908247
0.507842,0.514708,0.112966,0.902928
0.486925,0.484330,0.091362,0.893713
0.519548,0.527928,0.118241,0.913574
0.510343,0.523427,0.106019,0.912317
0.498965,0.491770,0.112339,0.905990
0.491762,0.491272,0.095404,0.899125
0.504400,0.497576,0.098834,0.902282
0.520125,0.540828,0.122536,0.899989
0.517346,0.537055,0.115738,0.912500
0.503935,0.497379,0.107638,0.905849
0.511748,0.514512,0.113416,0.918465
0.508240,0.500496,0.101413,0.910196
0.523259,0.531980,0.116958,0.916646
0.508491,0.512320,0.102053,0.901441
0.497466,0.491147,0.096642,0.897900
0.492894,0.484558,0.098909,0.892553
0.496639,0.496825,0.092707,0.888214
0.500633,0.492978,0.105313,0.896684
0.503757,0.506913,0.105436,0.906041
0.502597,0.507336,0.100775,0.891706
0.510163,0.505195,0.105065,0.903881
0.495642,0.496828,0.092312,0.899546
0.488862,0.478735,0.091247,0.901384
0.506625,0.506731,0.108673,0.904854
0.484454,0.483619,0.088589,0.883704
0.510152,0.512635,0.103950,0.903957
0.502372,0.511240,0.097512,0.904678
0.506929,0.513815,0.100445,0.896002
0.515046,0.521697,0.106326,0.910887
0.498076,0.498971,0.090323,0.891592
0.502690,0.512233,0.104681,0.898076
0.499237,0.495555,0.103921,0.888293
0.488771,0.484487,0.093701,0.901977
0.502412,0.507728,0.098958,0.899370
0.500953,0.498971,0.105612,0.898036
0.495043,0.490263,0.106148,0.897353
0.492577,0.497608,0.101420,0.882208
0.503648,0.506547,0.088373,0.900342
0.500446,0.508141,0.093706,0.907088
0.494584,0.484209,0.097083,0.901995
0.510323,0.520449,0.110698,0.908795
0.493487,0.481321,0.095261,0.894180
0.500917,0.498456,0.096237,0.893316
0.497789,0.485502,0.100397,0.896734
0.508262,0.503765,0.110907,0.906489
0.497778,0.493598,0.102512,0.893916
0.501571,0.498505,0.095657,0.903703
0.510630,0.509030,0.110704,0.907049
0.491046,0.486247,0.090569,0.887833
0.508605,0.519728,0.096109,0.898517
0.493260,0.488813,0.095280,0.899095
0.500603,0.499695,0.111110,0.895991
0.504486,0.511224,0.100165,0.899517
0.501188,0.500835,0.097332,0.896737
0.495659,0.497765,0.109492,0.901658
0.500762,0.498120,0.096444,0.897904
0.508305,0.505412,0.106444,0.903491
0.499145,0.502518,0.097382,0.896220
0.506143,0.516462,0.109180,0.902323
0.500864,0.491325,0.094013,0.909570
0.487830,0.481850,0.092092,0.890876
0.500580,0.506005,0.101055,0.884029
0.501539,0.500246,0.105410,0.902556
0.498633,0.501807,0.105823,0.901294
0.500791,0.497782,0.090663,0.915159
0.478378,0.467209,0.091405,0.877586
0.509044,0.519460,0.117026,0.902562
0.487809,0.482292,0.102832,0.884306
0.501812,0.477195,0.112778,0.901459
0.485112,0.488565,0.096321,0.880795
0.520948,0.537855,0.113145,0.909169
0.506298,0.509085,0.114155,0.904112
0.504938,0.525111,0.100593,0.905171
0.507736,0.507557,0.106991,0.903419
0.495218,0.493187,0.091437,0.900726
0.483425,0.465600,0.099042,0.894933
0.512334,0.514984,0.119685,0.902993
0.486418,0.474951,0.092161,0.889408
0.493132,0.470772,0.100572,0.892285
0.504025,0.515992,0.101120,0.897606
0.506712,0.504041,0.095667,0.902383
0.505645,0.506619,0.115568,0.905658
0.504536,0.522829,0.093953,0.902049
0.502792,0.509677,0.112378,0.890729
0.490424,0.494945,0.092074,0.890089
0.493103,0.484882,0.096411,0.895263
0.504735,0.513427,0.090787,0.903240
0.512927,0.522126,0.107715,0.911387
0.494292,0.501065,0.097099,0.895242
0.505662,0.501127,0.124005,0.900497
0.495507,0.491458,0.101786,0.892113
0.503249,0.497783,0.108862,0.895062
0.499285,0.494779,0.099661,0.900777
0.497298,0.486896,0.102911,0.903315
0.493731,0.484601,0.092200,0.893096
0.493767,0.500064,0.094053,0.892945
0.503069,0.516742,0.111583,0.889666
0.497746,0.496714,0.100836,0.894242
0.486358,0.474809,0.094624,0.884546
0.498015,0.499975,0.104531,0.895574
0.486103,0.477924,0.097568,0.890829
0.506428,0.506239,0.107767,0.899662
0.492203,0.491566,0.098237,0.897055
0.502106,0.503743,0.121967,0.900309
0.489763,0.485545,0.102851,0.901312
0.502786,0.500237,0.118108,0.897191
0.501362,0.503905,0.096443,0.909024
0.492794,0.476987,0.104872,0.894942
0.514997,0.535613,0.101135,0.899807
0.510219,0.508821,0.122206,0.909772
0.494838,0.501069,0.088780,0.897711
0.489355,0.488960,0.095403,0.868972
0.514670,0.519367,0.104044,0.901024
0.479449,0.463887,0.089135,0.890644
0.493022,0.483610,0.098504,0.896110
0.508190,0.513137,0.111803,0.890589
0.501135,0.485965,0.096881,0.902619
0.482575,0.473483,0.098484,0.896125
0.495280,0.504454,0.091090,0.892077
0.503951,0.498644,0.113242,0.893307
0.486994,0.465603,0.101103,0.896648
0.488980,0.489620,0.090233,0.888947
0.501371,0.496997,0.092576,0.907231
0.492690,0.479232,0.091010,0.888016
0.492716,0.482802,0.088439,0.899060
0.500222,0.500245,0.097767,0.905196
0.507618,0.505558,0.109230,0.892946
0.510930,0.520030,0.113267,0.901958
0.498788,0.502632,0.107485,0.894404
0.500508,0.500119,0.092372,0.908354
0.501812,0.503687,0.105262,0.893372
0.506068,0.515410,0.108511,0.908425
0.515256,0.515497,0.116866,0.903065
0.501885,0.496291,0.096722,0.901428
0.506396,0.519407,0.098194,0.902334
0.486016,0.471425,0.094003,0.903999
0.501133,0.493976,0.103335,0.908000
0.499287,0.500963,0.104152,0.901594
0.497373,0.495700,0.093225,0.898990
0.493357,0.493143,0.099337,0.890862
0.506449,0.513807,0.101128,0.907464
0.480375,0.470731,0.087961,0.883131
0.491420,0.475628,0.096887,0.900970
0.492804,0.490903,0.101133,0.885703
0.497103,0.493887,0.090420,0.899222
0.496404,0.509074,0.096428,0.898668
0.514911,0.522378,0.100860,0.887988
0.491603,0.489493,0.093016,0.892939
0.501812,0.509414,0.107881,0.889208
0.485298,0.477535,0.088684,0.891822
0.492785,0.486053,0.102697,0.897739
0.500030,0.495410,0.107608,0.914071
0.502173,0.505892,0.099028,0.892406
0.511513,0.510503,0.115576,0.893768
0.503151,0.507628,0.114205,0.895943
0.494928,0.486863,0.112415,0.892437
0.493952,0.496622,0.097034,0.897001
0.500936,0.500654,0.104333,0.906613
0.500766,0.506060,0.102040,0.902469
0.480444,0.472131,0.093571,0.879119
0.501469,0.509538,0.097290,0.909467
0.509642,0.512083,0.112258,0.898498
0.509774,0.513968,0.107647,0.900467
0.499522,0.497937,0.106903,0.897006
0.509767,0.518296,0.106595,0.905195
0.485597,0.469877,0.079826,0.893550
0.499669,0.497923,0.108853,0.887639
0.502419,0.499805,0.101793,0.893853
0.503295,0.505638,0.115716,0.883541
0.505643,0.498041,0.105859,0.907955
0.507069,0.511593,0.103001,0.910800
0.498351,0.497068,0.102323,0.887186
0.496999,0.499110,0.096693,0.903770
0.498635,0.508440,0.089167,0.900666
0.487147,0.480757,0.089605,0.888130
0.503161,0.510923,0.111135,0.887572
0.497056,0.501101,0.099658,0.899478
0.506730,0.515422,0.104922,0.908190
0.513561,0.519469,0.105652,0.901000
0.499513,0.495923,0.103607,0.900108
0.490943,0.500420,0.093768,0.893956
0.506130,0.504956,0.100490,0.905086
0.499196,0.491510,0.103413,0.901070
0.493926,0.493922,0.093933,0.892823
0.498533,0.504193,0.099931,0.896512
0.487989,0.486573,0.094467,0.889417
0.495630,0.507685,0.088280,0.891656
0.490667,0.483576,0.097834,0.895663
0.507998,0.510893,0.106772,0.906226
0.501583,0.510447,0.093435,0.900657
0.498018,0.498101,0.090179,0.896976
0.497806,0.504678,0.103606,0.891901
0.498476,0.494603,0.095400,0.904379
0.506708,0.508230,0.093015,0.904103
0.498247,0.499428,0.096754,0.903607
0.504873,0.511199,0.106063,0.904310
0.499139,0.491022,0.118399,0.901257
0.497206,0.497292,0.096788,0.880063
0.502955,0.504764,0.095383,0.901136
0.512285,0.534510,0.099972,0.910378
0.507501,0.506253,0.104203,0.899888
0.506063,0.513679,0.096405,0.900975
0.508279,0.509934,0.101063,0.906437
0.493161,0.489590,0.092132,0.890299
0.491334,0.481481,0.087994,0.902620
0.481312,0.470932,0.098242,0.892501
0.492235,0.487641,0.100667,0.893596
0.514907,0.518619,0.114081,0.908317
0.494881,0.483350,0.101300,0.902898
0.501412,0.497451,0.110372,0.902552
0.503877,0.504997,0.106137,0.905989
0.503965,0.510768,0.091953,0.902465
0.490903,0.487413,0.101775,0.890243
0.498753,0.497514,0.108248,0.892798
0.499614,0.501983,0.097001,0.896526
0.498158,0.502774,0.103319,0.898128
0.490103,0.487144,0.099362,0.897909
0.493878,0.482280,0.116010,0.896302
0.509735,0.520362,0.104546,0.898264
0.490780,0.485418,0.096399,0.904843
0.489474,0.478711,0.090737,0.892039
0.507837,0.510920,0.101010,0.896315
0.503224,0.504411,0.095166,0.899744
0.493408,0.486456,0.114550,0.882038
0.514551,0.530463,0.087634,0.907550
0.503827,0.507533,0.099903,0.897544
0.510219,0.516855,0.112817,0.900987
0.504117,0.502784,0.104838,0.903956
0.480319,0.468363,0.090715,0.896383
0.500806,0.485380,0.113504,0.890577
0.488534,0.469207,0.096668,0.888159
0.522233,0.533980,0.120322,0.911328
0.503666,0.511108,0.100886,0.894413
0.496812,0.490300,0.110854,0.898465
0.503802,0.515539,0.106561,0.898728
0.503812,0.501796,0.104957,0.909285
0.498897,0.488761,0.097441,0.903618
0.512555,0.509217,0.107316,0.919439
0.496448,0.486625,0.099723,0.888867
0.509412,0.506093,0.105879,0.914608
0.502384,0.497191,0.100079,0.914478
0.499065,0.486779,0.096543,0.896440
0.486126,0.483273,0.095995,0.890737
0.499392,0.504447,0.099029,0.901631
0.514720,0.520390,0.110750,0.905129
0.491089,0.488081,0.097688,0.893580
0.505042,0.520393,0.093067,0.895819
0.492771,0.501297,0.086255,0.892293
0.512993,0.520831,0.107959,0.896889
0.511270,0.504836,0.104959,0.900428
0.507520,0.510525,0.112074,0.891625
0.507587,0.511073,0.111994,0.907255
0.503638,0.504769,0.097428,0.896556
0.482062,0.479082,0.097650,0.885530
0.504646,0.514757,0.100412,0.903812
0.490018,0.480435,0.095331,0.900958
0.500490,0.506451,0.110282,0.896021
0.497257,0.487841,0.090698,0.902516
0.495672,0.506432,0.099506,0.896183
0.501623,0.512155,0.105929,0.899009
0.503776,0.499686,0.110974,0.903516
0.501759,0.504059,0.110839,0.892237
0.510565,0.518087,0.111849,0.907168
0.502803,0.496456,0.106331,0.901709
0.492898,0.475821,0.105976,0.899965
0.500707,0.508023,0.107950,0.892467
0.498720,0.497577,0.121778,0.889689
0.507233,0.513828,0.100269,0.904400
0.511085,0.521714,0.097809,0.901181
0.512664,0.510427,0.103576,0.921525
0.514495,0.521916,0.106552,0.914432
0.513579,0.516180,0.110870,0.901703
0.490276,0.483562,0.104966,0.887913
0.499507,0.513913,0.081759,0.905629
0.489005,0.490832,0.093847,0.889934
0.490030,0.490909,0.087405,0.880569
0.502344,0.513260,0.100469,0.886371
0.492991,0.490009,0.103693,0.884421
0.505599,0.505249,0.112192,0.898252
0.503132,0.508296,0.116079,0.903862
0.475244,0.460886,0.085756,0.896911
0.498180,0.504913,0.099897,0.895502
0.501186,0.515728,0.092231,0.889616
0.506988,0.512277,0.100299,0.901256
0.507366,0.514559,0.101087,0.895151
0.501701,0.502278,0.108978,0.894938
0.506741,0.509710,0.108144,0.905437
0.501130,0.508741,0.111114,0.897992
0.497944,0.491195,0.101374,0.904288
0.501244,0.505436,0.102972,0.901066
0.508402,0.507779,0.109744,0.904003
0.503127,0.495629,0.094004,0.905730
0.503026,0.511173,0.101366,0.896369
0.495258,0.499092,0.104828,0.883961
0.494528,0.497218,0.088791,0.892923
0.498881,0.501525,0.101611,0.893195
0.514392,0.519037,0.105133,0.904059
0.482599,0.479624,0.083257,0.882971
0.494502,0.495774,0.098409,0.892439
0.473736,0.457627,0.084896,0.873442
0.499150,0.497128,0.110796,0.892209
0.497419,0.497081,0.097653,0.909875
0.501632,0.499367,0.095236,0.894268
0.505271,0.518380,0.093899,0.909248
0.498640,0.481265,0.092295,0.909280
0.500904,0.511794,0.093969,0.908345
0.503634,0.511251,0.107163,0.888857
0.489814,0.491133,0.093697,0.891173
0.496334,0.485986,0.108648,0.894154
0.491802,0.479848,0.104365,0.905035
0.490239,0.479745,0.105282,0.900445
0.482691,0.467811,0.102300,0.881922
0.510212,0.519132,0.108741,0.909159
0.482857,0.476957,0.096132,0.871022
0.495107,0.496073,0.088455,0.899175
0.505902,0.505066,0.104247,0.899002
0.495648,0.492855,0.092015,0.897960
0.500533,0.495879,0.095862,0.905670
0.493951,0.481940,0.102173,0.896474
0.485716,0.479673,0.091230,0.891381
0.495461,0.483671,0.101721,0.895398
0.493975,0.487747,0.089540,0.906731
0.493197,0.486117,0.103076,0.896664
0.510708,0.515172,0.113536,0.906053
0.495245,0.496260,0.100165,0.887948
0.497931,0.485248,0.116252,0.901384
0.500663,0.494686,0.091663,0.916147
0.514433,0.521010,0.114812,0.909576
0.496480,0.502080,0.091995,0.894299
0.498311,0.497892,0.108225,0.904813
0.505789,0.513364,0.107208,0.893914
0.500851,0.491973,0.103463,0.907426
0.500520,0.498413,0.105827,0.904325
