Coverage	Frequency	Reads
1	1194621	1194621
2	353309	1901239
3	127625	2284114
4	53560	2498354
5	26141	2629059
6	15752	2723571
7	10805	2799206
8	8625	2868206
9	7105	2932151
10	6226	2994411
11	5631	3056352
12	5208	3118848
13	4626	3178986
14	4379	3240292
15	4181	3303007
16	3885	3365167
17	3682	3427761
18	3480	3490401
19	3351	3554070
20	3124	3616550
21	2954	3678584
22	2961	3743726
23	2726	3806424
24	2628	3869496
25	2526	3932646
26	2438	3996034
27	2383	4060375
28	2225	4122675
29	2193	4186272
30	2023	4246962
31	1998	4308900
32	1867	4368644
33	1765	4426889
34	1725	4485539
35	1657	4543534
36	1567	4599946
37	1570	4658036
38	1496	4714884
39	1339	4767105
40	1238	4816625
41	1228	4866973
42	1191	4916995
43	1110	4964725
44	1057	5011233
45	966	5054703
46	967	5099185
47	878	5140451
48	782	5177987
49	739	5214198
50	710	5249698
51	685	5284633
52	594	5315521
53	593	5346950
54	559	5377136
55	568	5408376
56	519	5437440
57	467	5464059
58	445	5489869
59	429	5515180
60	372	5537500
61	393	5561473
62	373	5584599
63	338	5605893
64	342	5627781
65	322	5648711
66	298	5668379
67	293	5688010
68	276	5706778
69	308	5728030
70	265	5746580
71	252	5764472
72	253	5782688
73	241	5800281
74	256	5819225
75	232	5836625
76	253	5855853
77	231	5873640
78	245	5892750
79	219	5910051
80	232	5928611
81	240	5948051
82	221	5966173
83	235	5985678
84	204	6002814
85	214	6021004
86	228	6040612
87	231	6060709
88	220	6080069
89	214	6099115
90	269	6123325
91	229	6144164
92	226	6164956
93	222	6185602
94	219	6206188
95	234	6228418
96	227	6250210
97	239	6273393
98	233	6296227
99	240	6319987
100	242	6344187
101	227	6367114
102	206	6388126
103	238	6412640
104	231	6436664
105	223	6460079
106	251	6486685
107	280	6516645
108	245	6543105
109	240	6569265
110	248	6596545
111	267	6626182
112	264	6655750
113	266	6685808
114	249	6714194
115	270	6745244
116	267	6776216
117	295	6810731
118	268	6842355
119	264	6873771
120	276	6906891
121	268	6939319
122	244	6969087
123	316	7007955
124	300	7045155
125	258	7077405
126	243	7108023
127	285	7144218
128	277	7179674
129	294	7217600
130	306	7257380
131	298	7296418
132	265	7331398
133	281	7368771
134	304	7409507
135	325	7453382
136	329	7498126
137	295	7538541
138	309	7581183
139	265	7618018
140	328	7663938
141	322	7709340
142	346	7758472
143	300	7801372
144	350	7851772
145	349	7902377
146	358	7954645
147	364	8008153
148	296	8051961
149	315	8098896
150	336	8149296
151	334	8199730
152	397	8260074
153	365	8315919
154	365	8372129
155	355	8427154
156	342	8480506
157	340	8533886
158	360	8590766
159	354	8647052
160	365	8705452
161	381	8766793
162	358	8824789
163	340	8880209
164	381	8942693
165	359	9001928
166	424	9072312
167	404	9139780
168	378	9203284
169	383	9268011
170	418	9339071
171	401	9407642
172	380	9473002
173	373	9537531
174	420	9610611
175	394	9679561
176	435	9756121
177	413	9829222
178	386	9897930
179	407	9970783
180	401	10042963
181	468	10127671
182	416	10203383
183	445	10284818
184	430	10363938
185	440	10445338
186	436	10526434
187	429	10606657
188	437	10688813
189	419	10768004
190	441	10851794
191	449	10937553
192	460	11025873
193	443	11111372
194	458	11200224
195	488	11295384
196	467	11386916
197	490	11483446
198	472	11576902
199	508	11677994
200	495	11776994
201	495	11876489
202	507	11978903
203	492	12078779
204	477	12176087
205	527	12284122
206	505	12388152
207	506	12492894
208	518	12600638
209	518	12708900
210	517	12817470
211	508	12924658
212	505	13031718
213	584	13156110
214	552	13274238
215	556	13393778
216	470	13495298
217	571	13619205
218	541	13737143
219	536	13854527
220	573	13980587
221	526	14096833
222	573	14224039
223	575	14352264
224	558	14477256
225	567	14604831
226	538	14726419
227	584	14858987
228	589	14993279
229	603	15131366
230	600	15269366
231	586	15404732
232	622	15549036
233	561	15679749
234	589	15817575
235	592	15956695
236	591	16096171
237	587	16235290
238	605	16379280
239	651	16534869
240	587	16675749
241	627	16826856
242	592	16970120
243	592	17113976
244	631	17267940
245	657	17428905
246	680	17596185
247	604	17745373
248	691	17916741
249	661	18081330
250	656	18245330
251	677	18415257
252	658	18581073
253	724	18764245
254	684	18937981
255	617	19095316
256	693	19272724
257	681	19447741
258	668	19620085
259	700	19801385
260	676	19977145
261	676	20153581
262	689	20334099
263	684	20513991
264	670	20690871
265	687	20872926
266	671	21051412
267	741	21249259
268	740	21447579
269	744	21647715
270	801	21863985
271	714	22057479
272	726	22254951
273	740	22456971
274	738	22659183
275	759	22867908
276	754	23076012
277	745	23282377
278	801	23505055
279	822	23734393
280	749	23944113
281	741	24152334
282	805	24379344
283	702	24578010
284	768	24796122
285	783	25019277
286	745	25232347
287	789	25458790
288	808	25691494
289	782	25917492
290	817	26154422
291	808	26389550
292	809	26625778
293	783	26855197
294	763	27079519
295	804	27316699
296	792	27551131
297	791	27786058
298	849	28039060
299	837	28289323
300	842	28541923
301	824	28789947
302	785	29027017
303	826	29277295
304	927	29559103
305	798	29802493
306	840	30059533
307	845	30318948
308	875	30588448
309	844	30849244
310	845	31111194
311	887	31387051
312	854	31653499
313	883	31929878
314	844	32194894
315	882	32472724
316	861	32744800
317	864	33018688
318	913	33309022
319	864	33584638
320	894	33870718
321	926	34167964
322	902	34458408
323	896	34747816
324	928	35048488
325	884	35335788
326	929	35638642
327	903	35933923
328	875	36220923
329	899	36516694
330	921	36820624
331	918	37124482
332	884	37417970
333	941	37731323
334	926	38040607
335	944	38356847
336	878	38651855
337	935	38966950
338	945	39286360
339	931	39601969
340	966	39930409
341	957	40256746
342	934	40576174
343	937	40897565
344	959	41227461
345	927	41547276
346	959	41879090
347	940	42205270
348	983	42547354
349	989	42892515
350	992	43239715
351	998	43590013
352	974	43932861
353	984	44280213
354	1023	44642355
355	1011	45001260
356	949	45339104
357	928	45670400
358	1053	46047374
359	1014	46411400
360	975	46762400
361	1017	47129537
362	1028	47501673
363	1052	47883549
364	1062	48270117
365	966	48622707
366	977	48980289
367	1011	49351326
368	1018	49725950
369	1025	50104175
370	1004	50475655
371	1052	50865947
372	1020	51245387
373	1099	51655314
374	1020	52036794
375	1077	52440669
376	1036	52830205
377	1078	53236611
378	1015	53620281
379	1004	54000797
380	1059	54403217
381	1139	54837176
382	1097	55256230
383	1075	55667955
384	1085	56084595
385	1049	56488460
386	1005	56876390
387	1080	57294350
388	1100	57721150
389	1116	58155274
390	1079	58576084
391	1113	59011267
392	1055	59424827
393	1136	59871275
394	1102	60305463
395	1057	60722978
396	1144	61176002
397	1144	61630170
398	1127	62078716
399	1100	62517616
400	1191	62994016
401	1074	63424690
402	1126	63877342
403	1185	64354897
404	1068	64786369
405	1142	65248879
406	1175	65725929
407	1123	66182990
408	1087	66626486
409	1125	67086611
410	1179	67570001
411	1171	68051282
412	1192	68542386
413	1176	69028074
414	1160	69508314
415	1134	69978924
416	1090	70432364
417	1201	70933181
418	1194	71432273
419	1129	71905324
420	1136	72382444
421	1099	72845123
422	1146	73328735
423	1150	73815185
424	1170	74311265
425	1144	74797465
426	1137	75281827
427	1170	75781417
428	1143	76270621
429	1221	76794430
430	1164	77294950
431	1119	77777239
432	1213	78301255
433	1202	78821721
434	1214	79348597
435	1196	79868857
436	1149	80369821
437	1245	80913886
438	1157	81420652
439	1233	81961939
440	1185	82483339
441	1263	83040322
442	1180	83561882
443	1126	84060700
444	1229	84606376
445	1246	85160846
446	1260	85722806
447	1237	86275745
448	1272	86845601
449	1191	87380360
450	1285	87958610
451	1193	88496653
452	1195	89036793
453	1221	89589906
454	1236	90151050
455	1239	90714795
456	1250	91284795
457	1238	91850561
458	1241	92418939
459	1243	92989476
460	1260	93569076
461	1209	94126425
462	1236	94697457
463	1246	95274355
464	1216	95838579
465	1294	96440289
466	1240	97018129
467	1297	97623828
468	1215	98192448
469	1204	98757124
470	1314	99374704
471	1172	99926716
472	1198	100492172
473	1250	101083422
474	1287	101693460
475	1307	102314285
476	1252	102910237
477	1293	103526998
478	1234	104116850
479	1183	104683507
480	1273	105294547
481	1240	105890987
482	1233	106485293
483	1216	107072621
484	1267	107685849
485	1295	108313924
486	1352	108970996
487	1290	109599226
488	1224	110196538
489	1294	110829304
490	1313	111472674
491	1275	112098699
492	1334	112755027
493	1225	113358952
494	1364	114032768
495	1175	114614393
496	1198	115208601
497	1282	115845755
498	1242	116464271
499	1245	117085526
500	1322	117746526
501	1260	118377786
502	1319	119039924
503	1320	119703884
504	1282	120350012
505	1320	121016612
506	1266	121657208
507	1341	122337095
508	1350	123022895
509	1290	123679505
510	1272	124328225
511	1259	124971574
512	1328	125651510
513	1277	126306611
514	1320	126985091
515	1227	127616996
516	1292	128283668
517	1325	128968693
518	1387	129687159
519	1266	130344213
520	1356	131049333
521	1311	131732364
522	1286	132403656
523	1345	133107091
524	1293	133784623
525	1377	134507548
526	1266	135173464
527	1258	135836430
528	1214	136477422
529	1293	137161419
530	1304	137852539
531	1301	138543370
532	1270	139219010
533	1240	139879930
534	1363	140607772
535	1307	141307017
536	1374	142043481
537	1203	142689492
538	1251	143362530
539	1242	144031968
540	1302	144735048
541	1322	145450250
542	1331	146171652
543	1243	146846601
544	1272	147538569
545	1263	148226904
546	1263	148916502
547	1316	149636354
548	1279	150337246
549	1275	151037221
550	1281	151741771
551	1244	152427215
552	1320	153155855
553	1264	153854847
554	1232	154537375
555	1317	155268310
556	1313	155998338
557	1257	156698487
558	1278	157411611
559	1232	158100299
560	1321	158840059
561	1221	159525040
562	1292	160251144
563	1259	160959961
564	1323	161706133
565	1340	162463233
566	1280	163187713
567	1307	163928782
568	1251	164639350
569	1236	165342634
570	1325	166097884
571	1250	166811634
572	1260	167532354
573	1342	168301320
574	1402	169106068
575	1287	169846093
576	1307	170598925
577	1250	171320175
578	1292	172066951
579	1341	172843390
580	1212	173546350
581	1213	174251103
582	1278	174994899
583	1289	175746386
584	1236	176468210
585	1278	177215840
586	1235	177939550
587	1245	178670365
588	1323	179448289
589	1229	180172170
590	1306	180942710
591	1249	181680869
592	1234	182411397
593	1224	183137229
594	1265	183888639
595	1152	184574079
596	1243	185314907
597	1203	186033098
598	1256	186784186
599	1246	187530540
600	1211	188257140
601	1232	188997572
602	1193	189715758
603	1236	190461066
604	1140	191149626
605	1206	191879256
606	1228	192623424
607	1179	193339077
608	1230	194086917
609	1192	194812845
610	1226	195560705
611	1230	196312235
612	1208	197051531
613	1147	197754642
614	1142	198455830
615	1180	199181530
616	1258	199956458
617	1200	200696858
618	1202	201439694
619	1234	202203540
620	1162	202923980
621	1230	203687810
622	1224	204449138
623	1182	205185524
624	1178	205920596
625	1201	206671221
626	1116	207369837
627	1174	208105935
628	1157	208832531
629	1143	209551478
630	1137	210267788
631	1173	211007951
632	1152	211736015
633	1166	212474093
634	1181	213222847
635	1138	213945477
636	1168	214688325
637	1123	215403676
638	1121	216118874
639	1090	216815384
640	1202	217584664
641	1177	218339121
642	1154	219079989
643	1157	219823940
644	1152	220565828
645	1089	221268233
646	1108	221984001
647	1084	222685349
648	1135	223420829
649	1028	224088001
650	1110	224809501
651	1065	225502816
652	1146	226250008
653	1092	226963084
654	1089	227675290
655	1065	228372865
656	1112	229102337
657	1109	229830950
658	1073	230536984
659	1067	231240137
660	1067	231944357
661	1054	232641051
662	1055	233339461
663	1023	234017710
664	1066	234725534
665	1065	235433759
666	965	236076449
667	1047	236774798
668	1012	237450814
669	1043	238148581
670	1016	238829301
671	1010	239507011
672	1014	240188419
673	1126	240946217
674	1050	241653917
675	968	242307317
676	1051	243017793
677	978	243679899
678	992	244352475
679	1020	245045055
680	1012	245733215
681	1026	246431921
682	969	247092779
683	1039	247802416
684	1005	248489836
685	977	249159081
686	964	249820385
687	1008	250512881
688	976	251184369
689	931	251825828
690	923	252462698
691	948	253117766
692	966	253786238
693	987	254470229
694	995	255160759
695	901	255786954
696	923	256429362
697	964	257101270
698	958	257769954
699	940	258427014
700	941	259085714
701	921	259731335
702	963	260407361
703	940	261068181
704	911	261709525
705	903	262346140
706	940	263009780
707	964	263691328
708	936	264354016
709	902	264993534
710	896	265629694
711	920	266283814
712	936	266950246
713	914	267601928
714	891	268238102
715	921	268896617
716	847	269503069
717	846	270109651
718	874	270737183
719	831	271334672
720	850	271946672
721	871	272574663
722	864	273198471
723	877	273832542
724	861	274455906
725	828	275056206
726	824	275654430
727	790	276228760
728	813	276820624
729	785	277392889
730	842	278007549
731	846	278625975
732	808	279217431
733	801	279804564
734	797	280389562
735	780	280962862
736	766	281526638
737	844	282148666
738	780	282724306
739	799	283314767
740	817	283919347
741	839	284541046
742	766	285109418
743	772	285683014
744	838	286306486
745	797	286900251
746	740	287452291
747	795	288046156
748	753	288609400
749	742	289165158
750	770	289742658
751	713	290278121
752	753	290844377
753	763	291418916
754	703	291948978
755	698	292475968
756	646	292964344
757	737	293522253
758	693	294047547
759	734	294604653
760	684	295124493
761	675	295638168
762	675	296152518
763	704	296689670
764	687	297214538
765	685	297738563
766	684	298262507
767	632	298747251
768	673	299264115
769	707	299807798
770	670	300323698
771	639	300816367
772	619	301294235
773	659	301803642
774	647	302304420
775	607	302774845
776	646	303276141
777	648	303779637
778	621	304262775
779	646	304766009
780	616	305246489
781	638	305744767
782	611	306222569
783	616	306704897
784	588	307165889
785	607	307642384
786	608	308120272
787	598	308590898
788	581	309048726
789	589	309513447
790	572	309965327
791	602	310441509
792	531	310862061
793	582	311323587
794	552	311761875
795	536	312187995
796	576	312646491
797	543	313079262
798	558	313524546
799	524	313943222
800	545	314379222
801	537	314809359
802	500	315210359
803	513	315622298
804	515	316036358
805	487	316428393
806	490	316823333
807	452	317188097
808	499	317591289
809	514	318007115
810	455	318375665
811	495	318777110
812	502	319184734
813	489	319582291
814	460	319956731
815	459	320330816
816	428	320680064
817	456	321052616
818	473	321439530
819	474	321827736
820	413	322166396
821	461	322544877
822	440	322906557
823	439	323267854
824	442	323632062
825	439	323994237
826	403	324327115
827	410	324666185
828	404	325000697
829	453	325376234
830	382	325693294
831	394	326020708
832	438	326385124
833	413	326729153
834	392	327056081
835	395	327385906
836	368	327693554
837	397	328025843
838	394	328356015
839	345	328645470
840	373	328958790
841	379	329277529
842	366	329585701
843	350	329880751
844	356	330181215
845	372	330495555
846	357	330797577
847	327	331074546
848	317	331343362
849	337	331629475
850	327	331907425
851	309	332170384
852	314	332437912
853	338	332726226
854	304	332985842
855	288	333232082
856	314	333500866
857	321	333775963
858	291	334025641
859	291	334275610
860	297	334531030
861	281	334772971
862	288	335021227
863	302	335281853
864	262	335508221
865	250	335724471
866	272	335960023
867	274	336197581
868	251	336415449
869	268	336648341
870	284	336895421
871	249	337112300
872	255	337334660
873	282	337580846
874	249	337798472
875	249	338016347
876	272	338254619
877	263	338485270
878	232	338688966
879	214	338877072
880	237	339085632
881	231	339289143
882	226	339488475
883	221	339683618
884	227	339884286
885	240	340096686
886	216	340288062
887	217	340480541
888	196	340654589
889	220	340850169
890	177	341007699
891	191	341177880
892	216	341370552
893	168	341520576
894	220	341717256
895	203	341898941
896	183	342062909
897	144	342192077
898	179	342352819
899	172	342507447
900	204	342691047
901	179	342852326
902	187	343021000
903	180	343183540
904	185	343350780
905	201	343532685
906	170	343686705
907	168	343839081
908	161	343985269
909	139	344111620
910	159	344256310
911	123	344368363
912	162	344516107
913	164	344665839
914	148	344801111
915	148	344936531
916	144	345068435
917	154	345209653
918	137	345335419
919	152	345475107
920	140	345603907
921	143	345735610
922	135	345860080
923	139	345988377
924	123	346102029
925	137	346228754
926	130	346349134
927	131	346470571
928	128	346589355
929	125	346705480
930	131	346827310
931	114	346933444
932	119	347044352
933	99	347136719
934	116	347245063
935	138	347374093
936	107	347474245
937	117	347583874
938	104	347681426
939	118	347792228
940	107	347892808
941	84	347971852
942	83	348050038
943	79	348124535
944	105	348223655
945	104	348321935
946	103	348419373
947	98	348512179
948	93	348600343
949	91	348686702
950	100	348781702
951	74	348852076
952	105	348952036
953	71	349019699
954	77	349093157
955	77	349166692
956	91	349253688
957	83	349333119
958	85	349414549
959	78	349489351
960	76	349562311
961	71	349630542
962	78	349705578
963	71	349773951
964	71	349842395
965	66	349906085
966	68	349971773
967	69	350038496
968	69	350105288
969	62	350165366
970	73	350236176
971	61	350295407
972	61	350354699
973	48	350401403
974	62	350461791
975	59	350519316
976	49	350567140
977	63	350628691
978	61	350688349
979	57	350744152
980	60	350802952
981	62	350863774
982	50	350912874
983	44	350956126
984	59	351014182
985	59	351072297
986	45	351116667
987	60	351175887
988	49	351224299
989	44	351267815
990	54	351321275
991	53	351373798
992	50	351423398
993	55	351478013
994	47	351524731
995	58	351582441
996	42	351624273
997	38	351662159
998	40	351702079
999	37	351739042
1000	36	351775042
1001	52	351827094
1002	38	351865170
1003	36	351901278
1004	39	351940434
1005	28	351968574
1006	48	352016862
1007	42	352059156
1008	28	352087380
1009	39	352126731
1010	32	352159051
1011	31	352190392
1012	35	352225812
1013	33	352259241
1014	43	352302843
1015	37	352340398
1016	27	352367830
1017	35	352403425
1018	34	352438037
1019	29	352467588
1020	35	352503288
1021	23	352526771
1022	29	352556409
1023	31	352588122
1024	20	352608602
1025	35	352644477
1026	21	352666023
1027	33	352699914
1028	22	352722530
1029	24	352747226
1030	31	352779156
1031	20	352799776
1032	14	352814224
1033	21	352835917
1034	13	352849359
1035	32	352882479
1036	21	352904235
1037	15	352919790
1038	25	352945740
1039	23	352969637
1040	20	352990437
1041	20	353011257
1042	20	353032097
1043	19	353051914
1044	20	353072794
1045	24	353097874
1046	25	353124024
1047	16	353140776
1048	22	353163832
1049	23	353187959
1050	14	353202659
1051	26	353229985
1052	29	353260493
1053	21	353282606
1054	12	353295254
1055	15	353311079
1056	18	353330087
1057	20	353351227
1058	17	353369213
1059	20	353390393
1060	10	353400993
1061	9	353410542
1062	12	353423286
1063	15	353439231
1064	13	353453063
1065	13	353466908
1066	14	353481832
1067	7	353489301
1068	15	353505321
1069	13	353519218
1070	12	353532058
1071	8	353540626
1072	12	353553490
1073	21	353576023
1074	19	353596429
1075	15	353612554
1076	7	353620086
1077	11	353631933
1078	12	353644869
1079	13	353658896
1080	13	353672936
1081	8	353681584
1082	9	353691322
1083	16	353708650
1084	10	353719490
1085	8	353728170
1086	13	353742288
1087	5	353747723
1088	5	353753163
1089	8	353761875
1090	13	353776045
1091	13	353790228
1092	6	353796780
1093	5	353802245
1094	12	353815373
1095	15	353831798
1096	6	353838374
1097	10	353849344
1098	6	353855932
1099	7	353863625
1100	7	353871325
1101	4	353875729
1102	3	353879035
1103	6	353885653
1104	10	353896693
1105	6	353903323
1106	4	353907747
1107	5	353913282
1108	6	353919930
1109	9	353929911
1110	8	353938791
1111	7	353946568
1112	12	353959912
1113	11	353972155
1114	9	353982181
1115	5	353987756
1116	7	353995568
1117	4	354000036
1118	4	354004508
1119	8	354013460
1120	4	354017940
1121	3	354021303
1122	5	354026913
1123	7	354034774
1124	7	354042642
1125	4	354047142
1126	5	354052772
1127	8	354061788
1128	4	354066300
1129	8	354075332
1130	10	354086632
1131	2	354088894
1132	9	354099082
1133	3	354102481
1134	6	354109285
1135	5	354114960
1136	5	354120640
1137	4	354125188
1138	2	354127464
1139	3	354130881
1140	6	354137721
1141	9	354147990
1142	5	354153700
1143	6	354160558
1144	8	354169710
1145	4	354174290
1146	7	354182312
1147	8	354191488
1148	11	354204116
1149	4	354208712
1150	4	354213312
1151	6	354220218
1152	3	354223674
1153	4	354228286
1154	9	354238672
1155	3	354242137
1156	2	354244449
1157	10	354256019
1158	4	354260651
1159	3	354264128
1160	4	354268768
1161	7	354276895
1162	1	354278057
1163	4	354282709
1164	2	354285037
1165	10	354296687
1166	2	354299019
1167	5	354304854
1168	2	354307190
1169	5	354313035
1170	6	354320055
1171	5	354325910
1172	8	354335286
1173	7	354343497
1174	3	354347019
1175	2	354349369
1176	4	354354073
1177	5	354359958
1178	3	354363492
1179	4	354368208
1180	3	354371748
1181	5	354377653
1182	3	354381199
1183	1	354382382
1184	10	354394222
1185	5	354400147
1186	1	354401333
1187	3	354404894
1188	4	354409646
1189	2	354412024
1190	3	354415594
1191	1	354416785
1192	3	354420361
1193	2	354422747
1195	4	354427527
1196	3	354431115
1197	1	354432312
1198	2	354434708
1199	2	354437106
1200	4	354441906
1201	7	354450313
1202	1	354451515
1203	3	354455124
1204	3	354458736
1205	3	354462351
1206	5	354468381
1207	1	354469588
1208	1	354470796
1209	5	354476841
1210	2	354479261
1211	2	354481683
1212	4	354486531
1213	2	354488957
1214	6	354496241
1215	4	354501101
1216	5	354507181
1218	3	354510835
1219	3	354514492
1220	4	354519372
1221	4	354524256
1222	1	354525478
1224	4	354530374
1225	3	354534049
1226	2	354536501
1227	1	354537728
1228	3	354541412
1229	2	354543870
1230	3	354547560
1231	3	354551253
1232	2	354553717
1233	3	354557416
1234	2	354559884
1235	1	354561119
1236	4	354566063
1237	3	354569774
1238	1	354571012
1239	4	354575968
1240	2	354578448
1241	1	354579689
1242	1	354580931
1244	4	354585907
1245	2	354588397
1246	3	354592135
1247	1	354593382
1248	2	354595878
1249	1	354597127
1250	2	354599627
1251	3	354603380
1252	1	354604632
1253	3	354608391
1254	4	354613407
1255	1	354614662
1256	2	354617174
1257	2	354619688
1258	2	354622204
1259	1	354623463
1260	4	354628503
1261	1	354629764
1262	1	354631026
1263	3	354634815
1264	1	354636079
1265	2	354638609
1266	1	354639875
1267	4	354644943
1268	2	354647479
1269	2	354650017
1270	3	354653827
1271	4	354658911
1272	1	354660183
1273	4	354665275
1274	2	354667823
1275	5	354674198
1276	1	354675474
1277	3	354679305
1278	1	354680583
1279	3	354684420
1280	1	354685700
1281	3	354689543
1282	2	354692107
1283	3	354695956
1284	1	354697240
1285	1	354698525
1286	4	354703669
1287	1	354704956
1288	2	354707532
1289	2	354710110
1290	2	354712690
1291	3	354716563
1292	1	354717855
1293	2	354720441
1294	3	354724323
1296	3	354728211
1297	3	354732102
1299	4	354737298
1300	2	354739898
1301	2	354742500
1302	4	354747708
1303	1	354749011
1304	3	354752923
1305	4	354758143
1306	2	354760755
1308	3	354764679
1309	3	354768606
1310	1	354769916
1311	2	354772538
1312	1	354773850
1314	3	354777792
1316	4	354783056
1317	1	354784373
1318	1	354785691
1319	2	354788329
1320	2	354790969
1321	3	354794932
1322	1	354796254
1324	3	354800226
1325	1	354801551
1326	2	354804203
1327	2	354806857
1328	1	354808185
1329	2	354810843
1330	1	354812173
1331	1	354813504
1332	2	354816168
1333	1	354817501
1335	4	354822841
1336	2	354825513
1338	1	354826851
1339	6	354834885
1340	1	354836225
1341	3	354840248
1342	3	354844274
1343	1	354845617
1345	1	354846962
1347	1	354848309
1348	3	354852353
1349	1	354853702
1350	6	354861802
1351	1	354863153
1352	1	354864505
1354	4	354869921
1355	1	354871276
1356	2	354873988
1357	1	354875345
1358	1	354876703
1359	4	354882139
1360	3	354886219
1361	2	354888941
1362	1	354890303
1363	2	354893029
1364	1	354894393
1366	2	354897125
1367	2	354899859
1368	1	354901227
1369	2	354903965
1370	2	354906705
1371	3	354910818
1372	2	354913562
1373	2	354916308
1375	2	354919058
1376	4	354924562
1377	4	354930070
1378	3	354934204
1379	2	354936962
1380	1	354938342
1381	2	354941104
1382	1	354942486
1383	3	354946635
1384	3	354950787
1385	2	354953557
1386	1	354954943
1388	4	354960495
1389	5	354967440
1390	1	354968830
1391	2	354971612
1392	1	354973004
1393	1	354974397
1394	2	354977185
1397	1	354978582
1400	2	354981382
1401	2	354984184
1402	1	354985586
1403	3	354989795
1404	1	354991199
1406	2	354994011
1407	1	354995418
1408	3	354999642
1409	1	355001051
1411	3	355005284
1412	3	355009520
1413	4	355015172
1415	1	355016587
1417	1	355018004
1419	2	355020842
1420	1	355022262
1421	1	355023683
1422	1	355025105
1424	1	355026529
1425	1	355027954
1426	2	355030806
1427	1	355032233
1428	1	355033661
1429	2	355036519
1430	1	355037949
1431	2	355040811
1432	1	355042243
1433	1	355043676
1434	2	355046544
1435	2	355049414
1436	1	355050850
1437	2	355053724
1438	3	355058038
1439	2	355060916
1440	5	355068116
1442	2	355071000
1443	1	355072443
1444	4	355078219
1445	1	355079664
1446	1	355081110
1448	4	355086902
1449	2	355089800
1450	3	355094150
1451	1	355095601
1453	2	355098507
1454	1	355099961
1456	2	355102873
1457	2	355105787
1458	1	355107245
1459	1	355108704
1460	1	355110164
1462	2	355113088
1463	3	355117477
1464	2	355120405
1465	1	355121870
1466	3	355126268
1468	2	355129204
1469	1	355130673
1470	3	355135083
1471	1	355136554
1472	1	355138026
1474	1	355139500
1475	1	355140975
1476	1	355142451
1477	1	355143928
1478	1	355145406
1479	2	355148364
1480	2	355151324
1483	1	355152807
1484	1	355154291
1486	4	355160235
1487	2	355163209
1488	1	355164697
1490	1	355166187
1491	1	355167678
1492	1	355169170
1493	3	355173649
1494	2	355176637
1496	2	355179629
1497	1	355181126
1500	2	355184126
1501	1	355185627
1502	1	355187129
1503	1	355188632
1505	4	355194652
1506	1	355196158
1507	1	355197665
1509	2	355200683
1510	2	355203703
1513	1	355205216
1515	1	355206731
1516	1	355208247
1517	1	355209764
1518	1	355211282
1519	1	355212801
1521	1	355214322
1523	1	355215845
1524	2	355218893
1525	1	355220418
1526	3	355224996
1527	1	355226523
1528	1	355228051
1529	1	355229580
1531	1	355231111
1532	4	355237239
1533	2	355240305
1535	1	355241840
1537	1	355243377
1538	1	355244915
1539	2	355247993
1541	1	355249534
1542	1	355251076
1543	1	355252619
1544	1	355254163
1546	1	355255709
1547	2	355258803
1551	2	355261905
1552	2	355265009
1553	1	355266562
1554	1	355268116
1556	1	355269672
1557	3	355274343
1558	1	355275901
1559	2	355279019
1560	1	355280579
1561	1	355282140
1564	1	355283704
1565	1	355285269
1566	3	355289967
1568	1	355291535
1570	1	355293105
1573	3	355297824
1574	3	355302546
1575	1	355304121
1576	1	355305697
1577	3	355310428
1580	1	355312008
1581	2	355315170
1582	3	355319916
1583	1	355321499
1587	1	355323086
1588	1	355324674
1589	1	355326263
1592	2	355329447
1594	1	355331041
1595	1	355332636
1598	1	355334234
1602	3	355339040
1604	1	355340644
1605	3	355345459
1606	1	355347065
1608	1	355348673
1609	1	355350282
1611	1	355351893
1614	3	355356735
1616	1	355358351
1618	1	355359969
1620	1	355361589
1621	1	355363210
1622	2	355366454
1623	1	355368077
1624	2	355371325
1625	1	355372950
1628	1	355374578
1630	3	355379468
1631	1	355381099
1634	1	355382733
1635	1	355384368
1636	1	355386004
1639	1	355387643
1641	2	355390925
1642	1	355392567
1645	2	355395857
1646	1	355397503
1647	1	355399150
1651	1	355400801
1655	1	355402456
1656	2	355405768
1657	1	355407425
1658	1	355409083
1661	3	355414066
1662	1	355415728
1667	2	355419062
1668	2	355422398
1672	1	355424070
1674	4	355430766
1675	1	355432441
1676	1	355434117
1677	1	355435794
1679	2	355439152
1681	1	355440833
1682	1	355442515
1683	1	355444198
1684	1	355445882
1687	1	355447569
1688	2	355450945
1690	1	355452635
1692	1	355454327
1693	1	355456020
1695	1	355457715
1696	1	355459411
1697	1	355461108
1699	2	355464506
1701	2	355467908
1702	3	355473014
1704	1	355474718
1705	1	355476423
1706	2	355479835
1708	2	355483251
1709	2	355486669
1710	1	355488379
1712	2	355491803
1714	3	355496945
1715	2	355500375
1718	2	355503811
1723	1	355505534
1725	1	355507259
1726	1	355508985
1728	1	355510713
1729	1	355512442
1733	1	355514175
1734	2	355517643
1735	1	355519378
1736	1	355521114
1738	1	355522852
1747	1	355524599
1748	1	355526347
1753	2	355529853
1756	3	355535121
1757	1	355536878
1758	1	355538636
1761	1	355540397
1764	1	355542161
1765	1	355543926
1766	1	355545692
1768	1	355547460
1771	1	355549231
1772	2	355552775
1779	1	355554554
1782	1	355556336
1783	1	355558119
1786	1	355559905
1787	2	355563479
1789	1	355565268
1790	1	355567058
1792	1	355568850
1793	1	355570643
1794	1	355572437
1797	1	355574234
1798	3	355579628
1801	1	355581429
1804	1	355583233
1805	1	355585038
1807	1	355586845
1809	1	355588654
1813	1	355590467
1814	1	355592281
1815	1	355594096
1817	1	355595913
1819	2	355599551
1822	1	355601373
1823	1	355603196
1824	1	355605020
1825	1	355606845
1826	1	355608671
1828	1	355610499
1829	1	355612328
1830	1	355614158
1837	1	355615995
1843	1	355617838
1847	2	355621532
1849	1	355623381
1851	1	355625232
1854	1	355627086
1860	1	355628946
1862	1	355630808
1864	1	355632672
1868	1	355634540
1869	1	355636409
1872	1	355638281
1875	3	355643906
1878	1	355645784
1880	2	355649544
1882	2	355653308
1885	2	355657078
1887	1	355658965
1888	1	355660853
1892	1	355662745
1893	1	355664638
1894	1	355666532
1895	1	355668427
1896	2	355672219
1899	1	355674118
1905	2	355677928
1911	1	355679839
1913	2	355683665
1914	1	355685579
1915	2	355689409
1916	1	355691325
1918	1	355693243
1920	2	355697083
1921	1	355699004
1922	1	355700926
1928	1	355702854
1929	1	355704783
1934	1	355706717
1937	1	355708654
1938	1	355710592
1939	1	355712531
1940	1	355714471
1942	1	355716413
1944	1	355718357
1948	2	355722253
1949	1	355724202
1952	1	355726154
1953	2	355730060
1963	1	355732023
1966	3	355737921
1968	1	355739889
1970	1	355741859
1971	2	355745801
1974	1	355747775
1975	1	355749750
1976	1	355751726
1978	2	355755682
1983	2	355759648
1984	1	355761632
1989	1	355763621
1990	1	355765611
1995	1	355767606
2001	1	355769607
2004	2	355773615
2005	1	355775620
2009	1	355777629
2011	2	355781651
2012	1	355783663
2014	1	355785677
2022	2	355789721
2023	1	355791744
2024	1	355793768
2025	1	355795793
2026	1	355797819
2030	1	355799849
2033	2	355803915
2034	1	355805949
2035	1	355807984
2036	2	355812056
2037	1	355814093
2040	1	355816133
2041	1	355818174
2044	1	355820218
2046	1	355822264
2053	1	355824317
2054	2	355828425
2057	1	355830482
2060	1	355832542
2061	1	355834603
2063	1	355836666
2068	1	355838734
2069	1	355840803
2071	1	355842874
2072	1	355844946
2074	1	355847020
2076	1	355849096
2079	1	355851175
2081	1	355853256
2088	2	355857432
2089	1	355859521
2091	2	355863703
2096	1	355865799
2097	1	355867896
2099	1	355869995
2100	2	355874195
2102	1	355876297
2103	1	355878400
2104	1	355880504
2105	1	355882609
2110	1	355884719
2115	2	355888949
2116	1	355891065
2119	2	355895303
2121	2	355899545
2133	1	355901678
2134	1	355903812
2141	2	355908094
2142	1	355910236
2143	1	355912379
2145	1	355914524
2147	1	355916671
2162	1	355918833
2163	1	355920996
2165	1	355923161
2166	1	355925327
2168	1	355927495
2172	1	355929667
2174	1	355931841
2176	1	355934017
2180	1	355936197
2190	1	355938387
2191	1	355940578
2192	1	355942770
2195	1	355944965
2198	2	355949361
2202	1	355951563
2210	1	355953773
2213	1	355955986
2216	1	355958202
2222	1	355960424
2223	1	355962647
2226	1	355964873
2227	2	355969327
2228	1	355971555
2232	1	355973787
2237	1	355976024
2244	2	355980512
2247	1	355982759
2250	1	355985009
2253	1	355987262
2255	1	355989517
2259	1	355991776
2262	1	355994038
2264	1	355996302
2266	1	355998568
2268	1	356000836
2276	1	356003112
2280	1	356005392
2281	1	356007673
2289	1	356009962
2299	1	356012261
2300	2	356016861
2306	1	356019167
2313	2	356023793
2314	2	356028421
2317	1	356030738
2326	1	356033064
2330	2	356037724
2331	1	356040055
2332	1	356042387
2333	1	356044720
2334	1	356047054
2336	1	356049390
2343	1	356051733
2345	1	356054078
2346	1	356056424
2347	1	356058771
2348	1	356061119
2350	1	356063469
2353	1	356065822
2357	1	356068179
2359	2	356072897
2365	1	356075262
2366	1	356077628
2367	1	356079995
2369	2	356084733
2370	1	356087103
2373	1	356089476
2375	1	356091851
2384	1	356094235
2385	1	356096620
2386	1	356099006
2392	1	356101398
2394	1	356103792
2398	1	356106190
2405	1	356108595
2406	1	356111001
2411	1	356113412
2415	1	356115827
2421	1	356118248
2426	1	356120674
2427	2	356125528
2428	1	356127956
2434	1	356130390
2435	1	356132825
2440	1	356135265
2444	2	356140153
2445	1	356142598
2449	2	356147496
2453	2	356152402
2456	1	356154858
2458	1	356157316
2460	1	356159776
2470	2	356164716
2477	1	356167193
2478	1	356169671
2482	1	356172153
2483	2	356177119
2492	1	356179611
2503	1	356182114
2505	1	356184619
2509	1	356187128
2514	1	356189642
2522	1	356192164
2523	1	356194687
2525	1	356197212
2536	1	356199748
2544	1	356202292
2547	1	356204839
2548	2	356209935
2549	1	356212484
2553	1	356215037
2555	2	356220147
2571	2	356225289
2581	1	356227870
2588	1	356230458
2596	1	356233054
2599	1	356235653
2602	1	356238255
2607	1	356240862
2611	2	356246084
2612	1	356248696
2613	1	356251309
2614	1	356253923
2618	1	356256541
2623	2	356261787
2625	1	356264412
2627	1	356267039
2631	1	356269670
2635	1	356272305
2639	1	356274944
2652	1	356277596
2658	1	356280254
2659	1	356282913
2660	1	356285573
2670	1	356288243
2679	1	356290922
2684	1	356293606
2694	1	356296300
2696	1	356298996
2700	2	356304396
2701	1	356307097
2702	1	356309799
2709	1	356312508
2710	1	356315218
2717	1	356317935
2720	1	356320655
2724	1	356323379
2727	1	356326106
2748	1	356328854
2751	1	356331605
2760	1	356334365
2773	1	356337138
2780	1	356339918
2783	1	356342701
2793	1	356345494
2806	1	356348300
2809	1	356351109
2812	1	356353921
2813	1	356356734
2816	1	356359550
2819	1	356362369
2822	1	356365191
2823	1	356368014
2826	1	356370840
2830	1	356373670
2833	1	356376503
2836	1	356379339
2841	1	356382180
2848	1	356385028
2854	1	356387882
2855	1	356390737
2856	1	356393593
2860	1	356396453
2865	1	356399318
2867	1	356402185
2871	1	356405056
2875	1	356407931
2876	1	356410807
2887	2	356416581
2891	1	356419472
2896	1	356422368
2900	1	356425268
2901	1	356428169
2906	3	356436887
2910	1	356439797
2915	1	356442712
2920	1	356445632
2926	1	356448558
2932	1	356451490
2937	1	356454427
2939	1	356457366
2942	1	356460308
2944	1	356463252
2950	1	356466202
2951	1	356469153
2953	1	356472106
2955	1	356475061
2958	1	356478019
2970	1	356480989
2973	2	356486935
2974	1	356489909
2988	1	356492897
2991	1	356495888
2995	1	356498883
3000	1	356501883
3003	1	356504886
3007	1	356507893
3016	1	356510909
3022	1	356513931
3028	1	356516959
3031	1	356519990
3032	1	356523022
3037	1	356526059
3049	2	356532157
3057	1	356535214
3061	2	356541336
3064	1	356544400
3067	1	356547467
3075	2	356553617
3079	1	356556696
3087	1	356559783
3088	1	356562871
3089	1	356565960
3097	1	356569057
3098	1	356572155
3106	1	356575261
3111	1	356578372
3115	1	356581487
3117	1	356584604
3132	1	356587736
3147	1	356590883
3149	1	356594032
3150	1	356597182
3152	1	356600334
3157	1	356603491
3167	1	356606658
3169	1	356609827
3171	1	356612998
3185	1	356616183
3192	1	356619375
3196	1	356622571
3207	1	356625778
3213	1	356628991
3225	1	356632216
3248	1	356635464
3249	1	356638713
3259	1	356641972
3262	1	356645234
3267	1	356648501
3269	1	356651770
3276	1	356655046
3282	1	356658328
3290	1	356661618
3292	2	356668202
3297	1	356671499
3307	1	356674806
3316	1	356678122
3317	1	356681439
3328	1	356684767
3331	1	356688098
3340	1	356691438
3343	1	356694781
3361	1	356698142
3365	1	356701507
3367	1	356704874
3372	1	356708246
3375	2	356714996
3379	1	356718375
3380	1	356721755
3385	1	356725140
3386	1	356728526
3390	1	356731916
3392	1	356735308
3393	2	356742094
3403	1	356745497
3408	1	356748905
3426	1	356752331
3430	1	356755761
3434	1	356759195
3446	1	356762641
3455	1	356766096
3463	1	356769559
3467	1	356773026
3495	1	356776521
3499	1	356780020
3503	1	356783523
3504	1	356787027
3505	2	356794037
3517	1	356797554
3542	1	356801096
3546	1	356804642
3549	1	356808191
3556	1	356811747
3557	1	356815304
3561	1	356818865
3573	1	356822438
3582	1	356826020
3583	1	356829603
3585	1	356833188
3596	1	356836784
3597	1	356840381
3601	1	356843982
3614	1	356847596
3641	1	356851237
3659	1	356854896
3663	1	356858559
3664	1	356862223
3684	1	356865907
3686	1	356869593
3693	1	356873286
3697	1	356876983
3741	1	356880724
3758	1	356884482
3776	1	356888258
3781	1	356892039
3811	1	356895850
3812	1	356899662
3816	1	356903478
3821	1	356907299
3837	1	356911136
3840	1	356914976
3859	1	356918835
3862	2	356926559
3904	1	356930463
3922	1	356934385
3950	1	356938335
3954	1	356942289
3957	1	356946246
3960	1	356950206
3962	1	356954168
3972	1	356958140
3987	1	356962127
4003	1	356966130
4028	1	356970158
4034	1	356974192
4060	1	356978252
4064	1	356982316
4070	1	356986386
4096	1	356990482
4123	1	356994605
4125	1	356998730
4147	1	357002877
4154	1	357007031
4176	1	357011207
4178	1	357015385
4186	1	357019571
4209	1	357023780
4218	1	357027998
4234	1	357032232
4262	1	357036494
4277	1	357040771
4293	1	357045064
4318	1	357049382
4319	1	357053701
4325	1	357058026
4336	1	357062362
4344	1	357066706
4349	1	357071055
4356	1	357075411
4369	1	357079780
4411	1	357084191
4424	1	357088615
4430	1	357093045
4435	1	357097480
4448	1	357101928
4459	2	357110846
4476	1	357115322
4505	1	357119827
4513	1	357124340
4531	1	357128871
4542	2	357137955
4610	2	357147175
4645	2	357156465
4656	1	357161121
4658	1	357165779
4696	1	357170475
4704	1	357175179
4747	1	357179926
4766	1	357184692
4781	1	357189473
4817	1	357194290
4818	1	357199108
4839	1	357203947
4902	1	357208849
4919	1	357213768
4930	1	357218698
4948	1	357223646
4955	1	357228601
5001	1	357233602
5013	1	357238615
5016	1	357243631
5017	1	357248648
5019	1	357253667
5026	1	357258693
5032	1	357263725
5040	2	357273805
5053	1	357278858
5083	1	357283941
5095	2	357294131
5103	1	357299234
5111	1	357304345
5114	1	357309459
5143	1	357314602
5156	1	357319758
5161	1	357324919
5182	2	357335283
5188	1	357340471
5193	1	357345664
5210	1	357350874
5294	1	357356168
5322	1	357361490
5333	1	357366823
5337	1	357372160
5357	1	357377517
5376	1	357382893
5379	1	357388272
5386	1	357393658
5391	1	357399049
5396	1	357404445
5411	1	357409856
5428	1	357415284
5448	1	357420732
5455	1	357426187
5467	1	357431654
5473	1	357437127
5486	1	357442613
5492	1	357448105
5495	1	357453600
5497	1	357459097
5522	1	357464619
5546	1	357470165
5572	1	357475737
5606	1	357481343
5620	1	357486963
5632	1	357492595
5669	1	357498264
5739	1	357504003
5799	1	357509802
5814	1	357515616
5816	1	357521432
5831	1	357527263
5870	1	357533133
5940	1	357539073
5957	1	357545030
5963	1	357550993
5975	2	357562943
5997	1	357568940
6047	1	357574987
6090	1	357581077
6102	2	357593281
6108	1	357599389
6158	1	357605547
6175	1	357611722
6188	1	357617910
6234	2	357630378
6268	1	357636646
6275	1	357642921
6279	1	357649200
6290	1	357655490
6301	1	357661791
6315	1	357668106
6357	1	357674463
6363	1	357680826
6364	1	357687190
6367	1	357693557
6415	1	357699972
6434	1	357706406
6483	1	357712889
6494	1	357719383
6537	1	357725920
6542	1	357732462
6599	1	357739061
6613	1	357745674
6617	1	357752291
6624	1	357758915
6626	1	357765541
6629	1	357772170
6649	1	357778819
6696	2	357792211
6704	1	357798915
6757	1	357805672
6777	1	357812449
6779	1	357819228
6847	1	357826075
6948	1	357833023
6975	1	357839998
6987	1	357846985
6989	1	357853974
6991	1	357860965
6997	1	357867962
7013	1	357874975
7068	1	357882043
7104	1	357889147
7131	1	357896278
7252	1	357903530
7291	1	357910821
7303	1	357918124
7395	1	357925519
7409	1	357932928
7447	1	357940375
7464	1	357947839
7673	1	357955512
7675	1	357963187
7682	1	357970869
7713	1	357978582
7753	1	357986335
7783	1	357994118
7824	1	358001942
7844	1	358009786
7850	1	358017636
7868	1	358025504
7898	1	358033402
7912	1	358041314
7914	1	358049228
7952	1	358057180
7982	1	358065162
7992	1	358073154
8031	1	358081185
8228	1	358089413
8237	1	358097650
8331	1	358105981
8342	1	358114323
8382	1	358122705
8440	1	358131145
8469	1	358139614
8494	1	358148108
8498	1	358156606
8651	1	358165257
8678	1	358173935
8730	1	358182665
8842	1	358191507
8843	1	358200350
9013	1	358209363
9113	1	358218476
9204	1	358227680
9253	1	358236933
9308	1	358246241
9494	1	358255735
9571	1	358265306
9575	1	358274881
9597	1	358284478
9626	1	358294104
9695	1	358303799
9728	1	358313527
9758	1	358323285
9874	1	358333159
9921	1	358343080
9937	1	358353017
9961	1	358362978
10078	2	358383134
10121	1	358393255
10155	1	358403410
10197	1	358413607
10250	1	358423857
10269	1	358434126
10283	1	358444409
10312	1	358454721
10426	1	358465147
10489	1	358475636
10517	1	358486153
10522	1	358496675
10606	1	358507281
10928	1	358518209
10985	1	358529194
11143	1	358540337
11267	1	358551604
11587	1	358563191
11646	1	358574837
11724	1	358586561
11731	1	358598292
11765	1	358610057
11906	1	358621963
11967	1	358633930
11988	1	358645918
12126	1	358658044
12135	1	358670179
12146	1	358682325
12315	1	358694640
12342	1	358706982
12495	1	358719477
12602	1	358732079
12648	1	358744727
12694	1	358757421
12738	1	358770159
12803	1	358782962
12882	1	358795844
12914	1	358808758
12961	1	358821719
13084	1	358834803
13143	1	358847946
13165	1	358861111
13174	1	358874285
13241	1	358887526
13282	1	358900808
13362	1	358914170
13364	1	358927534
13455	1	358940989
13582	1	358954571
13607	1	358968178
13670	1	358981848
13672	1	358995520
13806	1	359009326
13846	1	359023172
13858	1	359037030
13879	1	359050909
13885	1	359064794
13914	1	359078708
13976	1	359092684
14055	1	359106739
14122	1	359120861
14238	1	359135099
14396	1	359149495
14499	1	359163994
14668	1	359178662
14799	1	359193461
14881	1	359208342
14901	1	359223243
14941	1	359238184
15006	1	359253190
15026	1	359268216
15315	1	359283531
15322	1	359298853
15337	1	359314190
15388	1	359329578
15439	1	359345017
15494	1	359360511
15634	1	359376145
15669	1	359391814
16054	1	359407868
16194	1	359424062
16216	1	359440278
16256	1	359456534
16349	1	359472883
16405	1	359489288
16453	1	359505741
16621	1	359522362
16676	1	359539038
16683	1	359555721
16710	1	359572431
16816	1	359589247
16852	1	359606099
16859	1	359622958
16904	1	359639862
16975	1	359656837
17075	1	359673912
17085	1	359690997
17165	1	359708162
17215	1	359725377
17317	1	359742694
17356	1	359760050
17477	1	359777527
17494	1	359795021
17499	1	359812520
17551	1	359830071
17798	1	359847869
18285	1	359866154
18418	1	359884572
18548	1	359903120
18568	1	359921688
18803	1	359940491
18939	1	359959430
19601	1	359979031
19667	1	359998698
19681	1	360018379
19709	1	360038088
19786	1	360057874
19941	1	360077815
20207	1	360098022
20642	1	360118664
21031	1	360139695
21448	1	360161143
21536	1	360182679
21620	1	360204299
22208	1	360226507
22245	1	360248752
22643	1	360271395
22848	1	360294243
23000	1	360317243
24114	1	360341357
24163	1	360365520
24494	1	360390014
25064	1	360415078
25112	1	360440190
25171	1	360465361
25330	1	360490691
25822	1	360516513
25874	1	360542387
25946	1	360568333
26243	1	360594576
26420	1	360620996
26426	1	360647422
26586	1	360674008
26653	1	360700661
26867	1	360727528
28136	1	360755664
28934	1	360784598
29017	1	360813615
29184	1	360842799
32700	1	360875499
34698	1	360910197
35414	1	360945611
35873	1	360981484
36078	1	361017562
36109	1	361053671
36330	1	361090001
38268	1	361128269
39054	1	361167323
39981	1	361207304
41107	1	361248411
41348	1	361289759
41393	1	361331152
41795	1	361372947
43247	1	361416194
43331	1	361459525
43621	1	361503146
43811	1	361546957
44935	1	361591892
45936	1	361637828
46079	1	361683907
47029	1	361730936
47454	1	361778390
47924	1	361826314
48567	1	361874881
49549	1	361924430
50924	1	361975354
51132	1	362026486
51854	1	362078340
51923	1	362130263
53584	1	362183847
55762	1	362239609
57045	1	362296654
59203	1	362355857
60178	1	362416035
60252	1	362476287
61039	1	362537326
62870	1	362600196
63205	1	362663401
64089	1	362727490
68428	1	362795918
70408	1	362866326
71863	1	362938189
74416	1	363012605
75789	1	363088394
77491	1	363165885
80325	1	363246210
81253	1	363327463
102771	1	363430234
110876	1	363541110
121047	1	363662157
134836	1	363796993
144819	1	363941812
161272	1	364103084
188856	1	364291940
228785	1	364520725
309393	1	364830118
413631	1	365243749
472531	1	365716280
479430	1	366195710
517702	1	366713412
593860	1	367307272
884668	1	368191940
1087430	1	369279370
2321077	1	371600447
5086749	1	376687196
