file	Number of sites
Erinaceus_flagged.vcf 	 1405613
Erinaceus_MaxMissing63_flagged.vcf 	 1403514
Erinaceus_r10e10c4.vcf 	 128877
ErinMaxMiss63_r10e10c4.vcf 	 125299

# Distributions of number of genotyped individuals per site from each population.

# Erinaceus_flagged.vcf
# Number	roumanicus	europaeus	concolor	Hemiechinus	Atelerix	hybrid	wrong
0	75211	55161	448314	1405613	1405613	923397	0
1	155858	189410	381796	0	0	482216	0
2	147939	175804	239614	0	0	0	0
3	131352	153527	172002	0	0	0	0
4	115300	128771	115518	0	0	0	0
5	98223	105579	48369	0	0	0	0
6	83111	83408	0	0	0	0	0
7	69600	67228	0	0	0	0	0
8	57728	57475	0	0	0	0	0
9	48387	56131	0	0	0	0	0
10	41227	61168	0	0	0	0	0
11	36644	71053	0	0	0	0	0
12	33741	77574	0	0	0	0	0
13	32318	67975	0	0	0	0	0
14	32126	39954	0	0	0	0	0
15	32720	13368	0	0	0	0	0
16	35271	2027	0	0	0	0	0
17	38965	0	0	0	0	0	0
18	43250	0	0	0	0	0	0
19	42879	0	0	0	0	0	0
20	33100	0	0	0	0	0	0
21	16509	0	0	0	0	0	0
22	3980	0	0	0	0	0	0
23	163	0	0	0	0	0	0
24	11	0	0	0	0	0	0

# Erinaceus_MaxMissing63_flagged.vcf
# Number	roumanicus	europaeus	concolor	Hemiechinus	Atelerix	hybrid	wrong
0	75274	55521	446734	1403514	1403514	921545	0
1	156575	190989	381535	0	0	481969	0
2	148674	177383	239577	0	0	0	0
3	132117	154678	171876	0	0	0	0
4	115834	129956	115460	0	0	0	0
5	98773	106441	48332	0	0	0	0
6	83438	84943	0	0	0	0	0
7	69874	68947	0	0	0	0	0
8	58174	60307	0	0	0	0	0
9	48520	60589	0	0	0	0	0
10	41860	68249	0	0	0	0	0
11	36800	81174	0	0	0	0	0
12	34360	85556	0	0	0	0	0
13	32740	60461	0	0	0	0	0
14	32680	18320	0	0	0	0	0
15	33414	0	0	0	0	0	0
16	36427	0	0	0	0	0	0
17	41010	0	0	0	0	0	0
18	45180	0	0	0	0	0	0
19	42615	0	0	0	0	0	0
20	28949	0	0	0	0	0	0
21	10226	0	0	0	0	0	0
22	0	0	0	0	0	0	0
23	0	0	0	0	0	0	0
24	0	0	0	0	0	0	0

# Erinaceus_r10e10c4.vcf
# Number	roumanicus	europaeus	concolor	Hemiechinus	Atelerix	hybrid	wrong
0	0	0	0	128877	128877	17489	0
1	0	0	0	0	0	111388	0
2	0	0	0	0	0	0	0
3	0	0	0	0	0	0	0
4	0	0	87058	0	0	0	0
5	0	0	41819	0	0	0	0
6	0	0	0	0	0	0	0
7	0	0	0	0	0	0	0
8	0	0	0	0	0	0	0
9	0	0	0	0	0	0	0
10	1639	12962	0	0	0	0	0
11	2384	21671	0	0	0	0	0
12	3291	30952	0	0	0	0	0
13	4247	32614	0	0	0	0	0
14	5530	21647	0	0	0	0	0
15	7511	7730	0	0	0	0	0
16	10817	1301	0	0	0	0	0
17	15164	0	0	0	0	0	0
18	20436	0	0	0	0	0	0
19	23506	0	0	0	0	0	0
20	20345	0	0	0	0	0	0
21	11044	0	0	0	0	0	0
22	2822	0	0	0	0	0	0
23	130	0	0	0	0	0	0
24	11	0	0	0	0	0	0

# ErinMaxMiss63_r10e10c4.vcf
# Number	roumanicus	europaeus	concolor	Hemiechinus	Atelerix	hybrid	wrong
0	0	0	0	125299	125299	16577	0
1	0	0	0	0	0	108722	0
2	0	0	0	0	0	0	0
3	0	0	0	0	0	0	0
4	0	0	84225	0	0	0	0
5	0	0	41074	0	0	0	0
6	0	0	0	0	0	0	0
7	0	0	0	0	0	0	0
8	0	0	0	0	0	0	0
9	0	0	0	0	0	0	0
10	1601	16262	0	0	0	0	0
11	2333	27715	0	0	0	0	0
12	3344	38356	0	0	0	0	0
13	4228	32087	0	0	0	0	0
14	5682	10879	0	0	0	0	0
15	7945	0	0	0	0	0	0
16	11527	0	0	0	0	0	0
17	16615	0	0	0	0	0	0
18	22038	0	0	0	0	0	0
19	24254	0	0	0	0	0	0
20	18535	0	0	0	0	0	0
21	7197	0	0	0	0	0	0
22	0	0	0	0	0	0	0
23	0	0	0	0	0	0	0
24	0	0	0	0	0	0	0
