E. roumanicus
-------------
 	Polymorphism	Polymorphism	Divergence	Divergence
N	Synonymous	Non-synonymous	Synonymous	Non-synonuymous	Alpha
7	110      	100      	210.709     	90.12     	-1.12553968446112254365
8	92      	87      	172.175     	67.9385     	-1.39654486106520251211
9	75      	77      	145.373     	55.876     	-1.67108621471353234540
10	62      	66      	119.53     	47.376     	-1.68578210282053796121
11	48      	53      	96.086     	35.4581     	-1.99212192230642175786
12	25      	34      	70.4251     	27.7899     	-2.44650883954242368629

E. europaeus
------------
 	Polymorphism	Polymorphism	Divergence	Divergence
N	Synonymous	Non-synonymous	Synonymous	Non-synonuymous	Alpha
7	212      	151      	183.676     	78.4949     	-.66667936628595291263
8	178      	126      	147.854     	61.7742     	-.69424608702684102982
9	136      	111      	126.792     	51.6687     	-1.00284983091936761348
10	107      	97      	105.883     	42.144     	-1.27760517566829171367
11	81      	81      	79.9029     	31.4525     	-1.54043080836181543597
12	60      	61      	54.9209     	23.3608     	-1.39016850164948688969
