1	34	2	34	0
2	34	2	31	3
3	32	2	32	0
4	38	2	37	1
5	32	2	31	1
6	36	2	36	0
7	36	2	36	0
8	36	2	34	2
9	36	2	36	0
10	36	2	36	0
11	34	2	34	0
12	30	2	30	0
13	36	2	34	2
14	34	2	34	0
15	36	2	36	0
16	34	2	34	0
17	34	2	32	2
18	32	2	30	2
19	32	2	31	1
20	32	2	30	2
21	34	2	33	1
22	36	2	35	1
23	36	2	8	28
24	32	2	32	0
25	34	2	32	2
26	36	2	36	0
27	34	2	10	24
28	34	2	34	0
29	36	2	36	0
30	34	2	0	34
31	32	2	31	1
32	36	2	35	1
33	38	2	38	0
34	38	2	37	1
35	32	2	32	0
36	38	2	19	19
37	32	2	31	1
38	34	2	16	18
39	34	2	34	0
40	36	2	7	29
41	34	2	33	1
42	34	2	31	3
43	38	2	38	0
44	36	2	36	0
45	34	2	34	0
46	34	2	8	26
47	34	2	10	24
48	36	2	13	23
49	38	2	38	0
50	34	2	33	1
51	36	2	36	0
52	36	2	36	0
53	36	2	36	0
54	34	2	33	1
55	32	2	23	9
56	36	2	36	0
57	34	2	34	0
58	36	2	11	25
59	34	2	34	0
60	38	2	37	1
61	36	2	36	0
62	34	2	21	13
63	36	2	18	18
64	34	2	31	3
65	34	2	33	1
66	38	2	38	0
67	36	2	11	25
68	32	2	32	0
69	32	2	17	15
70	38	2	35	3
71	34	2	34	0
72	38	2	37	1
73	34	2	34	0
74	36	2	11	25
75	36	2	36	0
76	38	2	36	2
77	34	2	34	0
78	38	2	36	2
79	34	2	31	3
80	34	2	4	30
81	38	2	38	0
82	34	2	32	2
83	32	2	32	0
84	36	2	36	0
85	34	2	32	2
86	38	2	38	0
87	36	2	36	0
88	34	2	32	2
89	38	2	37	1
90	36	2	35	1
91	34	2	34	0
92	32	2	32	0
93	34	2	7	27
94	36	2	36	0
95	38	2	38	0
96	38	2	36	2
97	36	2	36	0
98	38	2	38	0
99	34	2	34	0
100	34	2	34	0
101	32	2	19	13
102	36	2	36	0
103	36	2	19	17
104	36	2	28	8
105	36	2	12	24
106	30	2	30	0
107	32	2	8	24
108	36	2	34	2
109	38	2	38	0
110	32	2	32	0
111	36	2	35	1
112	34	2	34	0
113	36	2	34	2
114	32	2	32	0
115	32	2	32	0
116	36	2	34	2
117	34	2	10	24
118	34	2	14	20
119	38	2	37	1
120	34	2	34	0
121	32	2	32	0
122	34	2	34	0
123	32	2	32	0
124	34	2	7	27
125	36	2	36	0
126	34	2	30	4
127	36	2	36	0
128	36	2	33	3
129	36	2	34	2
130	34	2	33	1
131	34	2	34	0
132	38	2	38	0
133	38	2	36	2
134	32	2	31	1
135	34	2	32	2
136	32	2	32	0
137	38	2	29	9
138	38	2	33	5
139	36	2	35	1
140	38	2	38	0
141	36	2	13	23
142	30	2	28	2
143	38	2	7	31
144	32	2	31	1
145	32	2	31	1
146	34	2	30	4
147	34	2	34	0
148	38	2	37	1
149	36	2	35	1
150	36	2	36	0
151	36	2	36	0
152	36	2	36	0
153	34	2	34	0
154	34	2	30	4
155	36	2	34	2
156	34	2	11	23
157	36	2	35	1
158	36	2	36	0
159	36	2	36	0
160	36	2	33	3
161	32	2	32	0
162	36	2	36	0
163	32	2	30	2
164	34	2	34	0
165	38	2	38	0
166	32	2	31	1
167	38	2	10	28
168	36	2	34	2
169	36	2	31	5
170	38	2	38	0
171	30	2	30	0
172	38	2	38	0
173	36	2	34	2
174	32	2	32	0
175	32	2	32	0
176	36	2	32	4
177	36	2	16	20
178	34	2	34	0
179	38	2	38	0
180	36	2	36	0
181	34	2	34	0
182	32	2	32	0
183	36	2	36	0
184	34	2	34	0
185	36	2	36	0
186	34	2	34	0
187	36	2	36	0
188	34	2	34	0
189	34	2	34	0
190	38	2	38	0
191	36	2	36	0
192	34	2	33	1
193	34	2	32	2
194	34	2	32	2
195	34	2	24	10
196	32	2	32	0
197	36	2	35	1
198	38	2	38	0
199	34	2	34	0
200	34	2	34	0
201	34	2	34	0
202	36	2	36	0
203	38	2	8	30
204	36	2	34	2
205	34	2	34	0
206	34	2	33	1
207	34	2	5	29
208	36	2	34	2
209	30	2	30	0
210	34	2	31	3
211	34	2	34	0
212	36	2	36	0
213	34	2	34	0
214	36	2	36	0
215	36	2	35	1
216	36	2	36	0
217	36	2	12	24
218	34	2	34	0
219	38	2	38	0
220	38	2	37	1
221	36	2	35	1
222	38	2	7	31
223	36	2	34	2
224	34	2	34	0
225	36	2	21	15
226	36	2	36	0
227	36	2	36	0
228	34	2	34	0
229	36	2	14	22
230	36	2	36	0
231	36	2	31	5
232	34	2	34	0
233	32	2	32	0
234	34	2	8	26
235	34	2	34	0
236	36	2	9	27
237	36	2	35	1
238	36	2	36	0
239	36	2	34	2
240	34	2	33	1
241	36	2	8	28
242	34	2	8	26
243	38	2	36	2
244	32	2	30	2
245	34	2	34	0
246	36	2	35	1
247	34	2	9	25
248	36	2	36	0
249	32	2	22	10
250	38	2	35	3
251	36	2	36	0
252	36	2	35	1
253	34	2	34	0
254	36	2	35	1
255	34	2	34	0
256	38	2	36	2
257	34	2	15	19
258	36	2	35	1
259	34	2	34	0
260	34	2	34	0
261	32	2	31	1
262	34	2	34	0
263	36	2	36	0
264	36	2	35	1
265	34	2	34	0
266	38	2	38	0
267	38	2	34	4
268	34	2	34	0
269	34	2	34	0
270	34	2	34	0
271	34	2	34	0
272	34	2	32	2
273	36	2	34	2
274	36	2	35	1
275	36	2	6	30
276	34	2	33	1
277	34	2	31	3
278	38	2	38	0
279	34	2	33	1
280	34	2	34	0
281	36	2	35	1
282	36	2	36	0
283	36	2	36	0
284	34	2	33	1
285	36	2	31	5
286	36	2	34	2
287	32	2	30	2
288	32	2	32	0
289	32	2	13	19
290	34	2	33	1
291	36	2	35	1
292	36	2	32	4
293	36	2	36	0
294	36	2	34	2
295	38	2	36	2
296	34	2	34	0
297	34	2	34	0
298	34	2	33	1
299	34	2	34	0
300	36	2	18	18
301	34	2	33	1
302	36	2	34	2
303	36	2	36	0
304	36	2	34	2
305	38	2	16	22
306	30	2	30	0
307	36	2	4	32
308	34	2	32	2
309	32	2	15	17
310	30	2	30	0
311	38	2	38	0
312	34	2	34	0
313	34	2	34	0
314	38	2	38	0
315	36	2	36	0
316	38	2	38	0
317	34	2	34	0
318	36	2	36	0
319	38	2	37	1
320	32	2	30	2
321	34	2	34	0
322	36	2	36	0
323	34	2	33	1
324	36	2	35	1
325	34	2	29	5
326	38	2	37	1
327	32	2	30	2
328	34	2	16	18
329	38	2	38	0
330	36	2	36	0
331	34	2	10	24
332	34	2	29	5
333	36	2	35	1
334	34	2	34	0
335	32	2	32	0
336	34	2	33	1
337	36	2	36	0
338	34	2	34	0
339	38	2	38	0
340	36	2	36	0
341	36	2	33	3
342	34	2	33	1
343	34	2	34	0
344	36	2	16	20
345	34	2	30	4
346	36	2	36	0
347	34	2	23	11
348	36	2	36	0
349	34	2	34	0
350	38	2	9	29
351	34	2	33	1
352	32	2	32	0
353	38	2	9	29
354	36	2	9	27
355	36	2	34	2
356	36	2	35	1
357	34	2	9	25
358	36	2	35	1
359	36	2	32	4
360	36	2	32	4
361	36	2	36	0
362	32	2	9	23
363	34	2	32	2
364	38	2	38	0
365	36	2	35	1
366	38	2	37	1
367	32	2	31	1
368	32	2	31	1
369	34	2	33	1
370	38	2	38	0
371	36	2	16	20
372	34	2	10	24
373	36	2	36	0
374	34	2	34	0
375	36	2	35	1
376	36	2	36	0
377	36	2	35	1
378	34	2	11	23
379	36	2	8	28
380	32	2	9	23
381	34	2	12	22
382	38	2	14	24
383	36	2	36	0
384	34	2	34	0
385	32	2	25	7
386	30	2	6	24
387	36	2	36	0
388	32	2	31	1
389	34	2	34	0
390	34	2	34	0
391	36	2	34	2
392	36	2	36	0
393	36	2	36	0
394	34	2	33	1
395	34	2	34	0
396	34	2	34	0
397	36	2	33	3
398	36	2	35	1
399	32	2	30	2
400	36	2	36	0
401	36	2	36	0
402	36	2	36	0
403	38	2	32	6
404	34	2	4	30
405	34	2	34	0
406	38	2	37	1
407	32	2	32	0
408	34	2	32	2
409	36	2	36	0
410	38	2	38	0
411	36	2	36	0
412	32	2	30	2
413	32	2	30	2
414	34	2	34	0
415	36	2	33	3
416	36	2	36	0
417	32	2	32	0
418	36	2	36	0
419	34	2	33	1
420	34	2	30	4
421	36	2	7	29
422	38	2	38	0
423	34	2	33	1
424	34	2	34	0
425	36	2	34	2
426	36	2	36	0
427	36	2	9	27
428	36	2	35	1
429	36	2	36	0
430	34	2	33	1
431	32	2	15	17
432	36	2	36	0
433	36	2	31	5
434	32	2	31	1
435	34	2	34	0
436	36	2	34	2
437	34	2	33	1
438	34	2	34	0
439	30	2	30	0
440	34	2	34	0
441	38	2	38	0
442	36	2	36	0
443	36	2	34	2
444	36	2	36	0
445	34	2	31	3
446	36	2	35	1
447	32	2	9	23
448	36	2	36	0
449	32	2	32	0
450	34	2	34	0
451	34	2	34	0
452	34	2	32	2
453	32	2	32	0
454	36	2	32	4
455	38	2	38	0
456	36	2	34	2
457	34	2	32	2
458	34	2	32	2
459	34	2	34	0
460	32	2	31	1
461	34	2	34	0
462	34	2	33	1
463	36	2	36	0
464	32	2	11	21
465	38	2	36	2
466	36	2	34	2
467	36	2	32	4
468	36	2	36	0
469	34	2	33	1
470	36	2	36	0
471	34	2	25	9
472	36	2	35	1
473	36	2	36	0
474	36	2	35	1
475	30	2	30	0
476	34	2	33	1
477	32	2	31	1
478	32	2	32	0
479	32	2	32	0
480	36	2	5	31
481	38	2	38	0
482	32	2	32	0
483	36	2	9	27
484	32	2	32	0
485	38	2	37	1
486	32	2	32	0
487	34	2	31	3
488	32	2	6	26
489	36	2	36	0
490	36	2	11	25
491	36	2	35	1
492	34	2	32	2
493	34	2	34	0
494	34	2	33	1
495	34	2	34	0
496	32	2	32	0
497	34	2	34	0
498	36	2	36	0
499	38	2	37	1
500	34	2	27	7
501	38	2	37	1
502	32	2	32	0
503	32	2	32	0
504	34	2	32	2
505	32	2	32	0
506	36	2	36	0
507	36	2	34	2
508	36	2	24	12
509	36	2	10	26
510	38	2	38	0
511	34	2	18	16
512	38	2	36	2
513	34	2	34	0
514	34	2	34	0
515	38	2	37	1
516	36	2	34	2
517	36	2	36	0
518	32	2	31	1
519	32	2	32	0
520	34	2	32	2
521	36	2	36	0
522	34	2	9	25
523	38	2	38	0
524	34	2	33	1
525	34	2	34	0
526	36	2	12	24
527	36	2	34	2
528	32	2	32	0
529	34	2	34	0
530	34	2	34	0
531	36	2	35	1
532	32	2	32	0
533	36	2	10	26
534	34	2	34	0
535	36	2	36	0
536	36	2	35	1
537	36	2	35	1
538	36	2	36	0
539	34	2	32	2
540	34	2	32	2
541	36	2	3	33
542	36	2	36	0
543	38	2	38	0
544	36	2	34	2
545	36	2	11	25
546	34	2	31	3
547	32	2	31	1
548	36	2	36	0
549	34	2	33	1
550	30	2	22	8
551	32	2	32	0
552	34	2	34	0
553	34	2	33	1
554	36	2	30	6
555	34	2	34	0
556	30	2	29	1
557	36	2	36	0
558	32	2	32	0
559	38	2	38	0
560	38	2	36	2
561	36	2	22	14
562	32	2	31	1
563	34	2	20	14
564	38	2	38	0
565	38	2	38	0
566	32	2	32	0
567	34	2	34	0
568	36	2	36	0
569	38	2	10	28
570	32	2	32	0
571	34	2	34	0
572	38	2	7	31
573	36	2	36	0
574	32	2	31	1
575	36	2	36	0
576	38	2	38	0
577	34	2	34	0
578	38	2	37	1
579	34	2	33	1
580	36	2	35	1
581	36	2	10	26
582	34	2	5	29
583	36	2	35	1
584	32	2	22	10
585	36	2	35	1
586	36	2	35	1
587	34	2	32	2
588	36	2	36	0
589	36	2	32	4
590	36	2	35	1
591	38	2	37	1
592	38	2	38	0
593	34	2	34	0
594	34	2	34	0
595	32	2	30	2
596	36	2	36	0
597	36	2	36	0
598	38	2	37	1
599	34	2	34	0
600	32	2	32	0
601	32	2	30	2
602	38	2	3	35
603	34	2	33	1
604	32	2	5	27
605	34	2	31	3
606	32	2	31	1
607	36	2	34	2
608	34	2	34	0
609	34	2	33	1
610	36	2	36	0
611	36	2	34	2
612	36	2	8	28
613	32	2	31	1
614	36	2	13	23
615	32	2	32	0
616	32	2	32	0
617	34	2	32	2
618	34	2	34	0
619	36	2	36	0
620	32	2	32	0
621	36	2	32	4
622	34	2	32	2
623	36	2	33	3
624	38	2	37	1
625	34	2	32	2
626	36	2	35	1
627	34	2	10	24
628	34	2	33	1
629	32	2	31	1
630	38	2	38	0
631	38	2	36	2
632	34	2	34	0
633	34	2	34	0
634	32	2	10	22
635	36	2	34	2
636	30	2	30	0
637	34	2	34	0
638	32	2	32	0
639	34	2	29	5
640	34	2	32	2
641	36	2	26	10
642	34	2	32	2
643	36	2	30	6
644	32	2	31	1
645	32	2	32	0
646	34	2	34	0
647	36	2	31	5
648	34	2	31	3
649	36	2	23	13
650	34	2	33	1
651	34	2	9	25
652	36	2	36	0
653	34	2	8	26
654	34	2	34	0
655	34	2	34	0
656	30	2	6	24
657	38	2	36	2
658	34	2	34	0
659	36	2	33	3
660	36	2	29	7
661	32	2	31	1
662	34	2	19	15
663	36	2	15	21
664	34	2	34	0
665	38	2	14	24
666	36	2	35	1
667	34	2	6	28
668	34	2	34	0
669	34	2	34	0
670	38	2	36	2
671	36	2	36	0
672	36	2	34	2
673	36	2	21	15
674	36	2	35	1
675	36	2	11	25
676	34	2	33	1
677	36	2	35	1
678	36	2	9	27
679	38	2	38	0
680	38	2	36	2
681	38	2	36	2
682	32	2	30	2
683	32	2	31	1
684	32	2	20	12
685	34	2	10	24
686	36	2	14	22
687	36	2	36	0
688	34	2	34	0
689	32	2	31	1
690	34	2	34	0
691	34	2	34	0
692	36	2	36	0
693	38	2	33	5
694	36	2	31	5
695	36	2	36	0
696	32	2	27	5
697	38	2	38	0
698	38	2	38	0
699	36	2	17	19
700	34	2	34	0
701	34	2	33	1
702	38	2	30	8
703	34	2	33	1
704	32	2	30	2
705	36	2	16	20
706	38	2	38	0
707	38	2	38	0
708	34	2	34	0
709	36	2	34	2
710	38	2	34	4
711	32	2	32	0
712	32	2	31	1
713	32	2	32	0
714	38	2	37	1
715	36	2	34	2
716	36	2	36	0
717	34	2	34	0
718	36	2	34	2
719	36	2	36	0
720	34	2	34	0
721	36	2	36	0
722	36	2	35	1
723	36	2	36	0
724	34	2	34	0
725	36	2	14	22
726	34	2	34	0
727	36	2	12	24
728	30	2	30	0
729	34	2	8	26
730	38	2	9	29
731	36	2	35	1
732	32	2	32	0
733	36	2	31	5
734	34	2	33	1
735	34	2	32	2
736	36	2	27	9
737	36	2	31	5
738	36	2	36	0
739	32	2	28	4
740	38	2	11	27
741	36	2	36	0
742	36	2	36	0
743	36	2	36	0
744	36	2	36	0
745	38	2	38	0
746	38	2	37	1
747	30	2	30	0
748	32	2	32	0
749	34	2	34	0
750	36	2	35	1
751	36	2	29	7
752	30	2	13	17
753	36	2	36	0
754	36	2	33	3
755	38	2	38	0
756	36	2	35	1
757	38	2	38	0
758	34	2	33	1
759	36	2	34	2
760	36	2	36	0
761	36	2	36	0
762	36	2	36	0
763	30	2	29	1
764	36	2	36	0
765	34	2	11	23
766	32	2	32	0
767	34	2	34	0
768	34	2	31	3
769	36	2	36	0
770	34	2	33	1
771	32	2	27	5
772	36	2	36	0
773	38	2	38	0
774	32	2	11	21
775	34	2	18	16
776	30	2	29	1
777	34	2	33	1
778	38	2	36	2
779	32	2	32	0
780	34	2	34	0
781	38	2	38	0
782	36	2	35	1
783	34	2	33	1
784	36	2	36	0
785	36	2	11	25
786	38	2	24	14
787	32	2	32	0
788	34	2	34	0
789	38	2	36	2
790	36	2	9	27
791	38	2	38	0
792	34	2	31	3
793	34	2	34	0
794	34	2	34	0
795	34	2	33	1
796	36	2	36	0
797	36	2	36	0
798	34	2	32	2
799	34	2	15	19
800	38	2	37	1
801	32	2	32	0
802	34	2	34	0
803	38	2	38	0
804	38	2	38	0
805	36	2	23	13
806	34	2	34	0
807	34	2	32	2
808	38	2	36	2
809	36	2	34	2
810	30	2	29	1
811	36	2	36	0
812	34	2	34	0
813	34	2	34	0
814	36	2	36	0
815	36	2	34	2
816	32	2	12	20
817	36	2	34	2
818	36	2	35	1
819	36	2	34	2
820	34	2	31	3
821	28	2	27	1
822	34	2	34	0
823	38	2	26	12
824	36	2	36	0
825	34	2	34	0
826	38	2	37	1
827	36	2	36	0
828	36	2	9	27
829	32	2	32	0
830	36	2	30	6
831	34	2	33	1
832	36	2	36	0
833	36	2	35	1
834	38	2	36	2
835	32	2	32	0
836	32	2	26	6
837	36	2	34	2
838	38	2	38	0
839	36	2	36	0
840	38	2	37	1
841	32	2	32	0
842	36	2	32	4
843	34	2	34	0
844	34	2	28	6
845	36	2	36	0
846	36	2	36	0
847	36	2	36	0
848	32	2	31	1
849	34	2	34	0
850	32	2	32	0
851	36	2	34	2
852	36	2	36	0
853	34	2	34	0
854	34	2	29	5
855	32	2	30	2
856	36	2	36	0
857	32	2	28	4
858	38	2	36	2
859	38	2	20	18
860	34	2	34	0
861	32	2	32	0
862	36	2	18	18
863	34	2	33	1
864	34	2	34	0
865	34	2	33	1
866	38	2	13	25
867	34	2	34	0
868	34	2	34	0
869	34	2	34	0
870	36	2	36	0
871	36	2	36	0
872	36	2	34	2
873	36	2	5	31
874	34	2	34	0
875	36	2	34	2
876	36	2	14	22
877	38	2	38	0
878	36	2	36	0
879	34	2	33	1
880	36	2	36	0
881	34	2	33	1
882	38	2	38	0
883	36	2	23	13
884	38	2	38	0
885	38	2	19	19
886	36	2	34	2
887	34	2	34	0
888	32	2	30	2
889	36	2	35	1
890	34	2	16	18
891	34	2	34	0
892	36	2	35	1
893	36	2	28	8
894	38	2	36	2
895	32	2	32	0
896	36	2	23	13
897	38	2	38	0
898	38	2	38	0
899	34	2	34	0
900	36	2	35	1
901	36	2	13	23
902	36	2	34	2
903	36	2	36	0
904	34	2	34	0
905	34	2	9	25
906	38	2	15	23
907	34	2	34	0
908	38	2	8	30
909	34	2	34	0
910	34	2	16	18
911	32	2	32	0
912	36	2	35	1
913	36	2	33	3
914	36	2	36	0
915	38	2	35	3
916	32	2	31	1
917	38	2	36	2
918	34	2	33	1
919	36	2	36	0
920	34	2	33	1
921	30	2	28	2
922	34	2	34	0
923	38	2	38	0
924	36	2	36	0
925	32	2	26	6
926	36	2	36	0
927	36	2	33	3
928	34	2	34	0
929	34	2	34	0
930	38	2	37	1
931	36	2	35	1
932	34	2	34	0
933	34	2	33	1
934	32	2	32	0
935	36	2	36	0
936	34	2	34	0
937	34	2	34	0
938	34	2	26	8
939	36	2	36	0
940	34	2	29	5
941	34	2	32	2
942	32	2	32	0
943	34	2	32	2
944	38	2	18	20
945	36	2	34	2
946	36	2	35	1
947	36	2	5	31
948	38	2	35	3
949	34	2	34	0
950	34	2	34	0
951	38	2	34	4
952	30	2	25	5
953	36	2	33	3
954	36	2	20	16
955	36	2	36	0
956	34	2	34	0
957	34	2	25	9
958	34	2	33	1
959	34	2	34	0
960	32	2	31	1
961	36	2	6	30
962	34	2	34	0
963	36	2	35	1
964	34	2	34	0
965	34	2	34	0
966	34	2	31	3
967	32	2	32	0
968	34	2	8	26
969	34	2	34	0
970	28	2	28	0
971	34	2	33	1
972	34	2	33	1
973	34	2	34	0
974	34	2	34	0
975	34	2	2	32
976	36	2	34	2
977	36	2	35	1
978	38	2	38	0
979	38	2	16	22
980	32	2	29	3
981	36	2	4	32
982	36	2	36	0
983	36	2	33	3
984	36	2	35	1
985	34	2	33	1
986	34	2	31	3
987	36	2	35	1
988	36	2	32	4
989	38	2	36	2
990	34	2	34	0
991	34	2	29	5
992	36	2	36	0
993	38	2	38	0
994	36	2	29	7
995	34	2	34	0
996	36	2	36	0
997	36	2	35	1
998	36	2	36	0
999	36	2	36	0
1000	38	2	35	3
1001	36	2	36	0
1002	36	2	36	0
1003	34	2	34	0
1004	36	2	36	0
1005	38	2	36	2
1006	38	2	38	0
1007	34	2	34	0
1008	34	2	34	0
1009	36	2	32	4
1010	36	2	36	0
1011	36	2	35	1
1012	36	2	36	0
1013	36	2	36	0
1014	30	2	30	0
1015	36	2	36	0
1016	36	2	36	0
1017	34	2	9	25
1018	34	2	34	0
1019	32	2	32	0
1020	36	2	36	0
1021	36	2	36	0
1022	38	2	33	5
1023	34	2	29	5
1024	36	2	34	2
1025	34	2	34	0
1026	36	2	34	2
1027	38	2	37	1
1028	34	2	8	26
1029	34	2	34	0
1030	34	2	32	2
1031	32	2	27	5
1032	36	2	36	0
1033	36	2	32	4
1034	30	2	29	1
1035	34	2	34	0
1036	38	2	38	0
1037	34	2	34	0
1038	38	2	30	8
1039	34	2	33	1
1040	34	2	33	1
1041	32	2	32	0
1042	32	2	32	0
1043	38	2	37	1
1044	36	2	36	0
1045	32	2	32	0
1046	34	2	32	2
1047	36	2	34	2
1048	36	2	8	28
1049	34	2	34	0
1050	38	2	37	1
1051	34	2	34	0
1052	34	2	33	1
1053	34	2	33	1
1054	34	2	34	0
1055	36	2	34	2
1056	36	2	9	27
1057	34	2	32	2
1058	34	2	34	0
1059	32	2	32	0
1060	38	2	36	2
1061	38	2	35	3
1062	34	2	32	2
1063	38	2	14	24
1064	34	2	28	6
1065	36	2	36	0
1066	36	2	30	6
1067	34	2	34	0
1068	36	2	36	0
1069	38	2	38	0
1070	36	2	34	2
1071	36	2	36	0
1072	34	2	33	1
1073	34	2	33	1
1074	36	2	34	2
1075	34	2	34	0
1076	32	2	31	1
1077	34	2	34	0
1078	36	2	36	0
1079	32	2	32	0
1080	36	2	36	0
1081	36	2	36	0
1082	36	2	36	0
1083	36	2	36	0
1084	30	2	30	0
1085	34	2	32	2
1086	32	2	32	0
1087	36	2	36	0
1088	36	2	36	0
1089	32	2	9	23
1090	38	2	36	2
1091	34	2	34	0
1092	38	2	38	0
1093	34	2	34	0
1094	32	2	11	21
1095	36	2	35	1
1096	38	2	38	0
1097	34	2	34	0
1098	34	2	33	1
1099	32	2	32	0
1100	34	2	34	0
1101	34	2	16	18
1102	28	2	28	0
1103	38	2	11	27
1104	34	2	34	0
1105	38	2	38	0
1106	32	2	13	19
1107	32	2	31	1
1108	36	2	18	18
1109	36	2	36	0
1110	34	2	23	11
1111	36	2	36	0
1112	34	2	34	0
1113	36	2	36	0
1114	34	2	34	0
1115	34	2	33	1
1116	34	2	8	26
1117	32	2	29	3
1118	38	2	37	1
1119	34	2	15	19
1120	32	2	32	0
1121	32	2	32	0
1122	32	2	32	0
1123	34	2	34	0
1124	36	2	36	0
1125	38	2	11	27
1126	34	2	28	6
1127	36	2	36	0
1128	36	2	36	0
1129	34	2	34	0
1130	32	2	32	0
1131	32	2	30	2
1132	32	2	32	0
1133	34	2	30	4
1134	34	2	33	1
1135	36	2	3	33
1136	34	2	14	20
1137	34	2	34	0
1138	38	2	10	28
1139	34	2	34	0
1140	32	2	13	19
1141	34	2	34	0
1142	34	2	34	0
1143	36	2	36	0
1144	34	2	34	0
1145	32	2	32	0
1146	38	2	38	0
1147	34	2	32	2
1148	34	2	34	0
1149	34	2	34	0
1150	34	2	34	0
1151	34	2	34	0
1152	36	2	36	0
1153	34	2	31	3
1154	36	2	34	2
1155	36	2	34	2
1156	32	2	27	5
1157	38	2	37	1
1158	34	2	11	23
1159	34	2	34	0
1160	38	2	36	2
1161	32	2	32	0
1162	38	2	38	0
1163	36	2	32	4
1164	36	2	15	21
1165	36	2	36	0
1166	32	2	19	13
1167	34	2	34	0
1168	30	2	30	0
1169	36	2	36	0
1170	36	2	34	2
1171	36	2	36	0
1172	38	2	37	1
1173	36	2	36	0
1174	38	2	38	0
1175	38	2	38	0
1176	32	2	32	0
1177	36	2	36	0
1178	34	2	34	0
1179	36	2	36	0
1180	38	2	37	1
1181	32	2	31	1
1182	36	2	35	1
1183	38	2	38	0
1184	34	2	32	2
1185	36	2	36	0
1186	38	2	37	1
1187	38	2	38	0
1188	34	2	2	32
1189	32	2	26	6
1190	32	2	31	1
1191	34	2	34	0
1192	36	2	36	0
1193	36	2	36	0
1194	38	2	38	0
1195	38	2	38	0
1196	32	2	19	13
1197	34	2	34	0
1198	38	2	38	0
1199	36	2	32	4
1200	34	2	27	7
1201	30	2	30	0
1202	32	2	30	2
1203	36	2	36	0
1204	36	2	36	0
1205	36	2	36	0
1206	34	2	33	1
1207	38	2	38	0
1208	36	2	36	0
1209	36	2	4	32
1210	32	2	32	0
1211	38	2	37	1
1212	34	2	34	0
1213	36	2	36	0
1214	34	2	31	3
1215	38	2	38	0
1216	34	2	34	0
1217	32	2	31	1
1218	36	2	35	1
1219	36	2	11	25
1220	36	2	36	0
1221	34	2	29	5
1222	34	2	31	3
1223	38	2	38	0
1224	38	2	9	29
1225	36	2	36	0
1226	38	2	38	0
1227	32	2	32	0
1228	32	2	32	0
1229	36	2	19	17
1230	38	2	38	0
1231	32	2	32	0
1232	38	2	38	0
1233	30	2	30	0
1234	34	2	32	2
1235	32	2	32	0
1236	36	2	34	2
1237	28	2	16	12
1238	36	2	34	2
1239	36	2	36	0
1240	36	2	36	0
1241	36	2	36	0
1242	34	2	34	0
1243	36	2	36	0
1244	32	2	31	1
1245	36	2	36	0
1246	36	2	36	0
1247	34	2	34	0
1248	36	2	34	2
1249	34	2	34	0
1250	36	2	35	1
1251	32	2	30	2
1252	32	2	32	0
1253	34	2	34	0
1254	36	2	32	4
1255	36	2	8	28
1256	34	2	34	0
1257	34	2	31	3
1258	34	2	32	2
1259	36	2	36	0
1260	34	2	34	0
1261	36	2	36	0
1262	36	2	36	0
1263	32	2	30	2
1264	32	2	32	0
1265	34	2	34	0
1266	34	2	10	24
1267	34	2	32	2
1268	36	2	34	2
1269	36	2	36	0
1270	36	2	36	0
1271	30	2	30	0
1272	38	2	36	2
1273	34	2	33	1
1274	34	2	11	23
1275	36	2	26	10
1276	34	2	14	20
1277	36	2	36	0
1278	34	2	34	0
1279	36	2	33	3
1280	32	2	31	1
1281	34	2	34	0
1282	36	2	35	1
1283	36	2	32	4
1284	36	2	36	0
1285	38	2	36	2
1286	38	2	36	2
1287	36	2	36	0
1288	36	2	34	2
1289	34	2	29	5
1290	32	2	30	2
1291	34	2	34	0
1292	36	2	9	27
1293	38	2	38	0
1294	38	2	38	0
1295	38	2	36	2
1296	32	2	30	2
1297	36	2	35	1
1298	36	2	35	1
1299	38	2	38	0
1300	34	2	32	2
1301	38	2	38	0
1302	36	2	34	2
1303	36	2	6	30
1304	36	2	36	0
1305	34	2	34	0
1306	38	2	36	2
1307	38	2	38	0
1308	36	2	36	0
1309	36	2	35	1
1310	36	2	34	2
1311	34	2	34	0
1312	36	2	36	0
1313	32	2	32	0
1314	36	2	15	21
1315	32	2	32	0
1316	36	2	36	0
1317	36	2	34	2
1318	36	2	32	4
1319	36	2	36	0
1320	36	2	36	0
1321	34	2	34	0
1322	36	2	36	0
1323	34	2	34	0
1324	36	2	36	0
1325	36	2	3	33
1326	32	2	32	0
1327	34	2	34	0
1328	38	2	38	0
1329	32	2	32	0
1330	34	2	34	0
1331	34	2	34	0
1332	34	2	33	1
1333	34	2	30	4
1334	36	2	35	1
1335	36	2	8	28
1336	36	2	36	0
1337	34	2	33	1
1338	36	2	32	4
1339	36	2	36	0
1340	36	2	35	1
1341	32	2	10	22
1342	30	2	30	0
1343	36	2	30	6
1344	34	2	28	6
1345	36	2	26	10
1346	38	2	36	2
1347	36	2	36	0
1348	34	2	34	0
1349	36	2	35	1
1350	32	2	32	0
1351	34	2	11	23
1352	36	2	36	0
1353	34	2	32	2
1354	38	2	36	2
1355	34	2	34	0
1356	36	2	36	0
1357	36	2	36	0
1358	36	2	36	0
1359	36	2	35	1
1360	38	2	36	2
1361	36	2	6	30
1362	36	2	36	0
1363	32	2	31	1
1364	32	2	32	0
1365	36	2	36	0
1366	38	2	12	26
1367	38	2	37	1
1368	34	2	30	4
1369	34	2	34	0
1370	36	2	35	1
1371	34	2	25	9
1372	36	2	36	0
1373	34	2	25	9
1374	36	2	36	0
1375	34	2	21	13
1376	34	2	31	3
1377	36	2	35	1
1378	38	2	32	6
1379	38	2	37	1
1380	36	2	34	2
1381	34	2	25	9
1382	36	2	34	2
1383	36	2	32	4
1384	36	2	34	2
1385	36	2	33	3
1386	36	2	29	7
1387	32	2	31	1
1388	36	2	11	25
1389	32	2	29	3
1390	36	2	36	0
1391	36	2	36	0
1392	36	2	36	0
1393	36	2	36	0
1394	38	2	37	1
1395	38	2	35	3
1396	36	2	35	1
1397	36	2	36	0
1398	34	2	34	0
1399	34	2	34	0
1400	36	2	35	1
1401	34	2	34	0
1402	36	2	36	0
1403	34	2	14	20
1404	34	2	31	3
1405	34	2	34	0
1406	34	2	33	1
1407	36	2	35	1
1408	36	2	34	2
1409	38	2	37	1
1410	36	2	36	0
1411	32	2	30	2
1412	38	2	37	1
1413	34	2	33	1
1414	34	2	33	1
1415	32	2	32	0
1416	36	2	34	2
1417	36	2	35	1
1418	36	2	15	21
1419	34	2	33	1
1420	34	2	10	24
1421	36	2	35	1
1422	36	2	35	1
1423	32	2	32	0
1424	36	2	4	32
1425	32	2	32	0
1426	38	2	34	4
1427	36	2	8	28
1428	38	2	15	23
1429	36	2	34	2
1430	38	2	38	0
1431	36	2	8	28
1432	36	2	36	0
1433	34	2	5	29
1434	36	2	36	0
1435	38	2	38	0
1436	38	2	36	2
1437	38	2	16	22
1438	32	2	31	1
1439	36	2	35	1
1440	38	2	38	0
1441	36	2	36	0
1442	38	2	38	0
1443	38	2	38	0
1444	36	2	11	25
1445	34	2	33	1
1446	34	2	32	2
1447	34	2	34	0
1448	28	2	26	2
1449	38	2	38	0
1450	36	2	36	0
1451	34	2	4	30
1452	34	2	32	2
1453	36	2	36	0
1454	38	2	36	2
1455	36	2	35	1
1456	38	2	15	23
1457	36	2	36	0
1458	36	2	36	0
1459	34	2	32	2
1460	28	2	27	1
1461	32	2	32	0
1462	34	2	34	0
1463	34	2	34	0
1464	34	2	30	4
1465	34	2	34	0
1466	34	2	34	0
1467	34	2	33	1
1468	36	2	36	0
1469	34	2	33	1
1470	34	2	32	2
1471	38	2	37	1
1472	34	2	24	10
1473	36	2	35	1
1474	32	2	32	0
1475	36	2	8	28
1476	32	2	32	0
1477	32	2	30	2
1478	32	2	32	0
1479	32	2	32	0
1480	30	2	30	0
1481	34	2	34	0
1482	34	2	34	0
1483	36	2	34	2
1484	36	2	36	0
1485	38	2	36	2
1486	30	2	30	0
1487	38	2	36	2
1488	34	2	34	0
1489	34	2	22	12
1490	36	2	7	29
1491	34	2	34	0
1492	34	2	34	0
1493	34	2	34	0
1494	32	2	32	0
1495	38	2	37	1
1496	36	2	36	0
1497	36	2	34	2
1498	34	2	32	2
1499	32	2	30	2
1500	36	2	35	1
1501	38	2	35	3
1502	38	2	10	28
1503	38	2	36	2
1504	38	2	36	2
1505	36	2	34	2
1506	36	2	36	0
1507	36	2	36	0
1508	30	2	28	2
1509	36	2	36	0
1510	36	2	34	2
1511	34	2	33	1
1512	38	2	36	2
1513	34	2	32	2
1514	38	2	37	1
1515	36	2	35	1
1516	34	2	32	2
1517	36	2	30	6
1518	34	2	34	0
1519	36	2	33	3
1520	34	2	34	0
1521	34	2	33	1
1522	36	2	16	20
1523	34	2	34	0
1524	34	2	34	0
1525	34	2	32	2
1526	38	2	10	28
1527	38	2	38	0
1528	36	2	36	0
1529	34	2	30	4
1530	36	2	35	1
1531	38	2	36	2
1532	32	2	11	21
1533	34	2	34	0
1534	36	2	36	0
1535	34	2	34	0
1536	36	2	34	2
1537	36	2	35	1
1538	34	2	32	2
1539	36	2	36	0
1540	32	2	32	0
1541	32	2	31	1
1542	36	2	34	2
1543	34	2	34	0
1544	36	2	9	27
1545	36	2	35	1
1546	36	2	36	0
1547	36	2	35	1
1548	36	2	35	1
1549	38	2	37	1
1550	36	2	36	0
1551	34	2	34	0
1552	36	2	36	0
1553	34	2	34	0
1554	34	2	34	0
1555	34	2	34	0
1556	34	2	34	0
1557	36	2	35	1
1558	36	2	11	25
1559	36	2	36	0
1560	34	2	5	29
1561	36	2	34	2
1562	34	2	34	0
1563	36	2	34	2
1564	36	2	36	0
1565	38	2	38	0
1566	32	2	32	0
1567	34	2	34	0
1568	32	2	7	25
1569	34	2	34	0
1570	36	2	36	0
1571	32	2	29	3
1572	36	2	36	0
1573	32	2	14	18
1574	36	2	35	1
1575	36	2	34	2
1576	38	2	18	20
1577	36	2	33	3
1578	36	2	36	0
1579	34	2	7	27
1580	36	2	34	2
1581	36	2	31	5
1582	36	2	35	1
1583	36	2	34	2
1584	36	2	36	0
1585	34	2	33	1
1586	34	2	32	2
1587	36	2	36	0
1588	32	2	32	0
1589	30	2	30	0
1590	34	2	32	2
1591	36	2	33	3
1592	38	2	38	0
1593	34	2	34	0
1594	32	2	32	0
1595	34	2	34	0
1596	36	2	29	7
1597	38	2	38	0
1598	32	2	31	1
1599	38	2	38	0
1600	34	2	34	0
1601	36	2	36	0
1602	34	2	34	0
1603	36	2	35	1
1604	36	2	36	0
1605	38	2	38	0
1606	36	2	36	0
1607	38	2	38	0
1608	34	2	34	0
1609	36	2	31	5
1610	34	2	33	1
1611	32	2	32	0
1612	30	2	5	25
1613	38	2	38	0
1614	36	2	35	1
1615	34	2	32	2
1616	34	2	33	1
1617	36	2	36	0
1618	34	2	34	0
1619	36	2	11	25
1620	34	2	34	0
1621	38	2	23	15
1622	36	2	35	1
1623	36	2	33	3
1624	36	2	35	1
1625	34	2	34	0
1626	34	2	33	1
1627	34	2	34	0
1628	36	2	36	0
1629	36	2	35	1
1630	34	2	29	5
1631	34	2	32	2
1632	38	2	36	2
1633	38	2	37	1
1634	38	2	38	0
1635	32	2	32	0
1636	36	2	31	5
1637	34	2	32	2
1638	36	2	5	31
1639	36	2	34	2
1640	36	2	35	1
1641	32	2	31	1
1642	34	2	28	6
1643	34	2	34	0
1644	36	2	35	1
1645	34	2	34	0
1646	36	2	36	0
1647	34	2	34	0
1648	36	2	36	0
1649	38	2	35	3
1650	34	2	34	0
1651	34	2	34	0
1652	34	2	34	0
1653	38	2	35	3
1654	34	2	34	0
1655	34	2	34	0
1656	36	2	36	0
1657	36	2	34	2
1658	34	2	32	2
1659	34	2	33	1
1660	38	2	38	0
1661	34	2	27	7
1662	36	2	36	0
1663	34	2	34	0
1664	32	2	32	0
1665	38	2	38	0
1666	36	2	34	2
1667	36	2	34	2
1668	30	2	29	1
1669	32	2	31	1
1670	36	2	35	1
1671	36	2	36	0
1672	34	2	34	0
1673	36	2	34	2
1674	36	2	35	1
1675	32	2	31	1
1676	32	2	32	0
1677	38	2	37	1
1678	38	2	38	0
1679	36	2	34	2
1680	32	2	30	2
1681	34	2	14	20
1682	36	2	11	25
1683	36	2	35	1
1684	36	2	34	2
1685	36	2	7	29
1686	36	2	5	31
1687	36	2	36	0
1688	36	2	34	2
1689	36	2	34	2
1690	36	2	36	0
1691	32	2	32	0
1692	32	2	10	22
1693	36	2	28	8
1694	36	2	36	0
1695	34	2	9	25
1696	34	2	34	0
1697	36	2	36	0
1698	38	2	37	1
1699	34	2	6	28
1700	36	2	13	23
1701	38	2	38	0
1702	36	2	36	0
1703	36	2	36	0
1704	34	2	30	4
1705	34	2	34	0
1706	32	2	31	1
1707	36	2	35	1
1708	34	2	34	0
1709	38	2	15	23
1710	34	2	33	1
1711	36	2	32	4
1712	34	2	34	0
1713	34	2	34	0
1714	32	2	32	0
1715	36	2	36	0
1716	34	2	11	23
1717	36	2	12	24
1718	34	2	17	17
1719	36	2	36	0
1720	38	2	38	0
1721	34	2	34	0
1722	36	2	36	0
1723	34	2	32	2
1724	32	2	32	0
1725	32	2	28	4
1726	32	2	32	0
1727	38	2	38	0
1728	36	2	35	1
1729	38	2	36	2
1730	36	2	31	5
1731	36	2	36	0
1732	36	2	36	0
1733	34	2	11	23
1734	36	2	5	31
1735	36	2	35	1
1736	34	2	10	24
1737	36	2	36	0
1738	34	2	31	3
1739	36	2	34	2
1740	38	2	38	0
1741	36	2	34	2
1742	36	2	36	0
1743	38	2	38	0
1744	36	2	34	2
1745	38	2	36	2
1746	32	2	32	0
1747	34	2	34	0
1748	36	2	34	2
1749	34	2	34	0
1750	36	2	31	5
1751	36	2	36	0
1752	36	2	30	6
1753	34	2	15	19
1754	38	2	33	5
1755	38	2	38	0
1756	34	2	31	3
1757	38	2	38	0
1758	36	2	36	0
1759	34	2	33	1
1760	32	2	31	1
1761	36	2	35	1
1762	36	2	35	1
1763	34	2	34	0
1764	34	2	11	23
1765	32	2	15	17
1766	34	2	34	0
1767	36	2	35	1
1768	34	2	22	12
1769	38	2	34	4
1770	36	2	8	28
1771	36	2	15	21
1772	36	2	36	0
1773	34	2	32	2
1774	36	2	36	0
1775	38	2	36	2
1776	34	2	14	20
1777	32	2	32	0
1778	38	2	36	2
1779	38	2	38	0
1780	38	2	36	2
1781	38	2	13	25
1782	34	2	33	1
1783	36	2	36	0
1784	34	2	34	0
1785	38	2	38	0
1786	36	2	36	0
1787	36	2	32	4
1788	36	2	36	0
1789	34	2	34	0
1790	36	2	17	19
1791	34	2	33	1
1792	36	2	36	0
1793	36	2	3	33
1794	34	2	33	1
1795	38	2	35	3
1796	36	2	9	27
1797	36	2	35	1
1798	34	2	34	0
1799	36	2	36	0
1800	36	2	36	0
1801	38	2	38	0
1802	34	2	33	1
1803	38	2	38	0
1804	34	2	34	0
1805	34	2	34	0
1806	36	2	35	1
1807	32	2	4	28
1808	36	2	35	1
1809	36	2	34	2
1810	34	2	34	0
1811	38	2	35	3
1812	34	2	34	0
1813	36	2	36	0
1814	34	2	33	1
1815	36	2	36	0
1816	34	2	20	14
1817	36	2	20	16
1818	34	2	31	3
1819	38	2	38	0
1820	36	2	34	2
1821	36	2	34	2
1822	34	2	34	0
1823	38	2	36	2
1824	34	2	34	0
1825	36	2	36	0
1826	34	2	25	9
1827	32	2	20	12
1828	36	2	36	0
1829	34	2	33	1
1830	36	2	36	0
1831	34	2	13	21
1832	34	2	34	0
1833	32	2	32	0
1834	38	2	38	0
1835	34	2	11	23
1836	36	2	34	2
1837	34	2	34	0
1838	36	2	32	4
1839	34	2	32	2
1840	34	2	34	0
1841	36	2	36	0
1842	34	2	10	24
1843	32	2	30	2
1844	38	2	37	1
1845	36	2	25	11
1846	36	2	36	0
1847	34	2	33	1
1848	34	2	28	6
1849	34	2	34	0
1850	30	2	30	0
1851	30	2	30	0
1852	34	2	34	0
1853	36	2	32	4
1854	34	2	32	2
1855	36	2	34	2
1856	32	2	32	0
1857	36	2	36	0
1858	36	2	36	0
1859	34	2	32	2
1860	32	2	32	0
1861	38	2	38	0
1862	34	2	30	4
1863	34	2	33	1
1864	38	2	38	0
1865	38	2	20	18
1866	36	2	36	0
1867	34	2	34	0
1868	38	2	37	1
1869	36	2	11	25
1870	36	2	2	34
1871	38	2	38	0
1872	34	2	33	1
1873	34	2	34	0
1874	34	2	33	1
1875	34	2	34	0
1876	34	2	33	1
1877	36	2	35	1
1878	28	2	7	21
1879	30	2	30	0
1880	34	2	10	24
1881	34	2	33	1
1882	34	2	33	1
1883	32	2	32	0
1884	32	2	31	1
1885	34	2	32	2
1886	34	2	32	2
1887	34	2	12	22
1888	36	2	36	0
1889	36	2	36	0
1890	30	2	30	0
1891	34	2	32	2
1892	38	2	34	4
1893	36	2	36	0
1894	38	2	37	1
1895	36	2	12	24
1896	36	2	34	2
1897	34	2	34	0
1898	38	2	38	0
1899	34	2	32	2
1900	36	2	36	0
1901	34	2	34	0
1902	36	2	34	2
1903	38	2	14	24
1904	36	2	36	0
1905	34	2	34	0
1906	36	2	35	1
1907	34	2	32	2
1908	36	2	36	0
1909	38	2	38	0
1910	36	2	5	31
1911	36	2	32	4
1912	36	2	31	5
1913	34	2	34	0
1914	36	2	36	0
1915	38	2	38	0
1916	36	2	36	0
1917	36	2	36	0
1918	34	2	32	2
1919	36	2	36	0
1920	36	2	35	1
1921	30	2	30	0
1922	36	2	36	0
1923	34	2	34	0
1924	30	2	30	0
1925	34	2	32	2
1926	38	2	38	0
1927	30	2	30	0
1928	36	2	36	0
1929	32	2	32	0
1930	36	2	34	2
1931	36	2	34	2
1932	34	2	34	0
1933	36	2	36	0
1934	30	2	25	5
1935	36	2	35	1
1936	30	2	29	1
1937	34	2	8	26
1938	34	2	32	2
1939	32	2	32	0
1940	36	2	36	0
1941	32	2	32	0
1942	38	2	37	1
1943	34	2	31	3
1944	32	2	12	20
1945	36	2	34	2
1946	34	2	34	0
1947	36	2	36	0
1948	28	2	28	0
1949	36	2	35	1
1950	34	2	12	22
1951	36	2	36	0
1952	36	2	34	2
1953	32	2	32	0
1954	34	2	34	0
1955	30	2	30	0
1956	36	2	29	7
1957	32	2	32	0
1958	34	2	34	0
1959	34	2	34	0
1960	34	2	33	1
1961	34	2	34	0
1962	34	2	29	5
1963	32	2	32	0
1964	34	2	34	0
1965	36	2	36	0
1966	34	2	34	0
1967	38	2	36	2
1968	36	2	34	2
1969	36	2	36	0
1970	38	2	38	0
1971	34	2	32	2
1972	36	2	34	2
1973	34	2	32	2
1974	34	2	32	2
1975	32	2	29	3
1976	38	2	38	0
1977	36	2	36	0
1978	36	2	35	1
1979	34	2	34	0
1980	36	2	34	2
1981	34	2	8	26
1982	34	2	32	2
1983	36	2	36	0
1984	36	2	35	1
1985	32	2	32	0
1986	36	2	36	0
1987	34	2	33	1
1988	36	2	24	12
1989	34	2	34	0
1990	36	2	36	0
1991	32	2	32	0
1992	34	2	34	0
1993	34	2	34	0
1994	36	2	36	0
1995	32	2	32	0
1996	36	2	36	0
1997	36	2	9	27
1998	34	2	8	26
1999	32	2	32	0
2000	34	2	9	25
2001	36	2	25	11
2002	34	2	34	0
2003	38	2	35	3
2004	38	2	38	0
2005	34	2	32	2
2006	28	2	12	16
2007	34	2	34	0
2008	34	2	34	0
2009	36	2	35	1
2010	36	2	36	0
2011	34	2	9	25
2012	36	2	36	0
2013	32	2	32	0
2014	38	2	37	1
2015	32	2	32	0
2016	34	2	34	0
2017	36	2	35	1
2018	32	2	30	2
2019	34	2	4	30
2020	36	2	32	4
2021	36	2	34	2
2022	34	2	34	0
2023	34	2	33	1
2024	28	2	5	23
2025	34	2	5	29
2026	34	2	9	25
2027	36	2	36	0
2028	30	2	30	0
2029	34	2	31	3
2030	36	2	36	0
2031	36	2	33	3
2032	34	2	8	26
2033	32	2	28	4
2034	38	2	38	0
2035	34	2	34	0
2036	36	2	34	2
2037	36	2	35	1
2038	34	2	34	0
2039	34	2	34	0
2040	36	2	34	2
2041	30	2	30	0
2042	32	2	32	0
2043	36	2	34	2
2044	36	2	36	0
2045	36	2	34	2
2046	36	2	14	22
2047	36	2	34	2
2048	36	2	36	0
2049	34	2	6	28
2050	38	2	36	2
2051	34	2	34	0
2052	34	2	33	1
2053	34	2	31	3
2054	36	2	33	3
2055	38	2	25	13
2056	30	2	30	0
2057	34	2	7	27
2058	34	2	32	2
2059	36	2	36	0
2060	32	2	10	22
2061	36	2	8	28
2062	32	2	32	0
2063	38	2	37	1
2064	34	2	34	0
2065	34	2	32	2
2066	34	2	33	1
2067	32	2	32	0
2068	34	2	33	1
2069	38	2	37	1
2070	38	2	36	2
2071	36	2	36	0
2072	32	2	32	0
2073	34	2	34	0
2074	36	2	36	0
2075	36	2	11	25
2076	34	2	34	0
2077	36	2	10	26
2078	36	2	36	0
2079	36	2	34	2
2080	34	2	33	1
2081	32	2	32	0
2082	34	2	34	0
2083	32	2	32	0
2084	32	2	31	1
2085	34	2	34	0
2086	36	2	36	0
2087	38	2	31	7
2088	36	2	34	2
2089	38	2	38	0
2090	32	2	32	0
2091	34	2	32	2
2092	36	2	35	1
2093	38	2	38	0
2094	32	2	0	32
2095	36	2	36	0
2096	38	2	36	2
2097	32	2	32	0
2098	34	2	32	2
2099	36	2	36	0
2100	34	2	34	0
2101	36	2	36	0
2102	34	2	31	3
2103	32	2	32	0
2104	34	2	33	1
2105	38	2	7	31
2106	38	2	38	0
2107	32	2	5	27
2108	34	2	34	0
2109	36	2	36	0
2110	34	2	34	0
2111	36	2	34	2
2112	32	2	19	13
2113	34	2	34	0
2114	34	2	33	1
2115	34	2	12	22
2116	34	2	34	0
2117	34	2	34	0
2118	32	2	3	29
2119	32	2	32	0
2120	34	2	13	21
2121	36	2	36	0
2122	36	2	35	1
2123	36	2	33	3
2124	32	2	24	8
2125	34	2	34	0
2126	32	2	32	0
2127	34	2	34	0
2128	36	2	36	0
2129	34	2	34	0
2130	34	2	33	1
2131	36	2	35	1
2132	34	2	32	2
2133	34	2	32	2
2134	36	2	36	0
2135	38	2	38	0
2136	36	2	36	0
2137	34	2	34	0
2138	30	2	30	0
2139	34	2	34	0
2140	34	2	34	0
2141	26	2	24	2
2142	34	2	33	1
2143	38	2	37	1
2144	38	2	37	1
2145	36	2	34	2
2146	36	2	35	1
2147	36	2	36	0
2148	30	2	29	1
2149	36	2	36	0
2150	38	2	38	0
2151	36	2	35	1
2152	38	2	38	0
2153	32	2	32	0
2154	36	2	36	0
2155	36	2	35	1
2156	38	2	38	0
2157	36	2	9	27
2158	36	2	36	0
2159	36	2	36	0
2160	36	2	36	0
2161	32	2	31	1
2162	32	2	31	1
2163	34	2	32	2
2164	34	2	6	28
2165	36	2	27	9
2166	34	2	34	0
2167	36	2	36	0
2168	32	2	32	0
2169	34	2	33	1
2170	34	2	31	3
2171	36	2	36	0
2172	38	2	38	0
2173	32	2	31	1
2174	34	2	32	2
2175	36	2	36	0
2176	36	2	36	0
2177	34	2	34	0
2178	38	2	36	2
2179	34	2	34	0
2180	34	2	29	5
2181	34	2	32	2
2182	38	2	36	2
2183	38	2	14	24
2184	36	2	10	26
2185	38	2	38	0
2186	34	2	34	0
2187	34	2	33	1
2188	34	2	9	25
2189	34	2	34	0
2190	34	2	32	2
2191	36	2	29	7
2192	32	2	28	4
2193	36	2	36	0
2194	36	2	36	0
2195	34	2	9	25
2196	36	2	33	3
2197	34	2	19	15
2198	34	2	33	1
2199	36	2	36	0
2200	32	2	30	2
2201	36	2	19	17
2202	32	2	32	0
2203	36	2	33	3
2204	30	2	29	1
2205	34	2	34	0
2206	36	2	36	0
2207	32	2	30	2
2208	34	2	34	0
2209	36	2	12	24
2210	34	2	34	0
2211	34	2	33	1
2212	32	2	10	22
2213	36	2	10	26
2214	36	2	35	1
2215	36	2	32	4
2216	38	2	38	0
2217	36	2	15	21
2218	32	2	14	18
2219	36	2	36	0
2220	30	2	30	0
2221	30	2	28	2
2222	38	2	38	0
2223	36	2	34	2
2224	36	2	34	2
2225	32	2	32	0
2226	36	2	36	0
2227	36	2	24	12
2228	36	2	36	0
2229	34	2	34	0
2230	34	2	8	26
2231	32	2	7	25
2232	38	2	38	0
2233	34	2	33	1
2234	38	2	37	1
2235	38	2	38	0
2236	38	2	37	1
2237	34	2	32	2
2238	34	2	25	9
2239	32	2	32	0
2240	36	2	34	2
2241	34	2	31	3
2242	34	2	34	0
2243	36	2	4	32
2244	36	2	35	1
2245	36	2	36	0
2246	36	2	36	0
2247	36	2	12	24
2248	38	2	38	0
2249	36	2	32	4
2250	32	2	32	0
2251	34	2	33	1
2252	36	2	36	0
2253	38	2	38	0
2254	38	2	19	19
2255	36	2	36	0
2256	36	2	36	0
2257	34	2	34	0
2258	32	2	31	1
2259	36	2	34	2
2260	36	2	35	1
2261	34	2	34	0
2262	36	2	36	0
2263	34	2	32	2
2264	34	2	33	1
2265	36	2	11	25
2266	34	2	34	0
2267	36	2	36	0
2268	36	2	36	0
2269	36	2	9	27
2270	32	2	32	0
2271	36	2	36	0
2272	34	2	34	0
2273	32	2	32	0
2274	34	2	28	6
2275	34	2	28	6
2276	32	2	15	17
2277	38	2	37	1
2278	34	2	11	23
2279	36	2	36	0
2280	36	2	12	24
2281	34	2	34	0
2282	32	2	32	0
2283	34	2	32	2
2284	32	2	11	21
2285	34	2	34	0
2286	34	2	32	2
2287	38	2	37	1
2288	34	2	32	2
2289	34	2	34	0
2290	38	2	36	2
2291	36	2	34	2
2292	36	2	36	0
2293	38	2	17	21
2294	32	2	32	0
2295	36	2	36	0
2296	34	2	33	1
2297	36	2	35	1
2298	38	2	38	0
2299	34	2	34	0
2300	36	2	36	0
2301	32	2	8	24
2302	36	2	36	0
2303	34	2	34	0
2304	36	2	9	27
2305	34	2	31	3
2306	38	2	36	2
2307	36	2	36	0
2308	38	2	37	1
2309	34	2	24	10
2310	34	2	34	0
2311	32	2	31	1
2312	38	2	38	0
2313	36	2	36	0
2314	36	2	36	0
2315	34	2	26	8
2316	34	2	34	0
2317	34	2	33	1
2318	36	2	35	1
2319	36	2	36	0
2320	34	2	32	2
2321	34	2	34	0
2322	38	2	36	2
2323	36	2	36	0
2324	34	2	34	0
2325	36	2	16	20
2326	32	2	12	20
2327	36	2	35	1
2328	34	2	33	1
2329	34	2	10	24
2330	38	2	38	0
2331	34	2	34	0
2332	38	2	38	0
2333	36	2	36	0
2334	36	2	36	0
2335	34	2	34	0
2336	34	2	33	1
2337	36	2	8	28
2338	32	2	32	0
2339	34	2	23	11
2340	34	2	34	0
2341	34	2	33	1
2342	34	2	34	0
2343	34	2	9	25
2344	38	2	38	0
2345	34	2	32	2
2346	36	2	35	1
2347	38	2	36	2
2348	34	2	33	1
2349	34	2	33	1
2350	36	2	30	6
2351	32	2	32	0
2352	34	2	34	0
2353	32	2	13	19
2354	30	2	30	0
2355	32	2	31	1
2356	34	2	33	1
2357	34	2	34	0
2358	36	2	12	24
2359	36	2	33	3
2360	34	2	34	0
2361	38	2	37	1
2362	34	2	3	31
2363	34	2	34	0
2364	32	2	32	0
2365	34	2	32	2
2366	36	2	10	26
2367	34	2	34	0
2368	36	2	7	29
2369	36	2	36	0
2370	36	2	35	1
2371	34	2	34	0
2372	34	2	34	0
2373	36	2	34	2
2374	36	2	22	14
2375	34	2	34	0
2376	36	2	36	0
2377	38	2	38	0
2378	34	2	32	2
2379	34	2	34	0
2380	38	2	32	6
2381	36	2	35	1
2382	36	2	35	1
2383	34	2	19	15
2384	34	2	34	0
2385	36	2	35	1
2386	34	2	34	0
2387	38	2	37	1
2388	38	2	38	0
2389	38	2	19	19
2390	36	2	36	0
2391	32	2	31	1
2392	34	2	32	2
2393	36	2	34	2
2394	32	2	7	25
2395	36	2	34	2
2396	36	2	34	2
2397	36	2	36	0
2398	36	2	36	0
2399	36	2	34	2
2400	36	2	11	25
2401	34	2	32	2
2402	36	2	9	27
2403	34	2	34	0
2404	38	2	37	1
2405	36	2	34	2
2406	36	2	35	1
2407	36	2	10	26
2408	38	2	38	0
2409	32	2	31	1
2410	38	2	37	1
2411	34	2	12	22
2412	32	2	32	0
2413	38	2	31	7
2414	38	2	36	2
2415	32	2	32	0
2416	38	2	35	3
2417	34	2	34	0
2418	34	2	32	2
2419	30	2	9	21
2420	38	2	6	32
2421	32	2	10	22
2422	36	2	36	0
2423	36	2	36	0
2424	34	2	33	1
2425	34	2	12	22
2426	36	2	36	0
2427	36	2	36	0
2428	32	2	32	0
2429	34	2	33	1
2430	36	2	27	9
2431	34	2	33	1
2432	38	2	38	0
2433	32	2	30	2
2434	36	2	36	0
2435	36	2	34	2
2436	38	2	38	0
2437	36	2	36	0
2438	34	2	21	13
2439	34	2	34	0
2440	34	2	34	0
2441	34	2	34	0
2442	34	2	34	0
2443	36	2	36	0
2444	34	2	33	1
2445	32	2	31	1
2446	34	2	34	0
2447	34	2	8	26
2448	34	2	32	2
2449	32	2	31	1
2450	36	2	36	0
2451	36	2	35	1
2452	34	2	34	0
2453	34	2	29	5
2454	34	2	34	0
2455	38	2	38	0
2456	36	2	35	1
2457	36	2	36	0
2458	38	2	37	1
2459	34	2	34	0
2460	36	2	30	6
2461	32	2	32	0
2462	36	2	33	3
2463	36	2	36	0
2464	32	2	32	0
2465	32	2	14	18
2466	36	2	35	1
2467	36	2	34	2
2468	36	2	36	0
2469	34	2	34	0
2470	36	2	36	0
2471	32	2	32	0
2472	34	2	33	1
2473	34	2	34	0
2474	38	2	38	0
2475	34	2	6	28
2476	36	2	34	2
2477	34	2	26	8
2478	32	2	31	1
2479	34	2	34	0
2480	34	2	33	1
2481	34	2	33	1
2482	34	2	34	0
2483	38	2	38	0
2484	32	2	30	2
2485	38	2	32	6
2486	38	2	38	0
2487	38	2	38	0
2488	32	2	32	0
2489	36	2	36	0
2490	32	2	28	4
2491	38	2	19	19
2492	34	2	34	0
2493	36	2	35	1
2494	32	2	32	0
2495	34	2	12	22
2496	38	2	11	27
2497	36	2	29	7
2498	38	2	37	1
2499	36	2	36	0
2500	32	2	31	1
2501	32	2	32	0
2502	38	2	37	1
2503	38	2	38	0
2504	38	2	36	2
2505	36	2	34	2
2506	32	2	27	5
2507	38	2	6	32
2508	34	2	34	0
2509	34	2	34	0
2510	32	2	32	0
2511	36	2	36	0
2512	38	2	16	22
2513	34	2	33	1
2514	36	2	36	0
2515	34	2	12	22
2516	36	2	36	0
2517	34	2	34	0
2518	38	2	38	0
2519	34	2	34	0
2520	36	2	36	0
2521	34	2	34	0
2522	34	2	33	1
2523	36	2	36	0
2524	36	2	33	3
2525	32	2	9	23
2526	32	2	32	0
2527	34	2	34	0
2528	38	2	34	4
2529	34	2	34	0
2530	38	2	38	0
2531	36	2	36	0
2532	34	2	34	0
2533	38	2	35	3
2534	34	2	34	0
2535	34	2	34	0
2536	34	2	34	0
2537	32	2	32	0
2538	36	2	34	2
2539	36	2	36	0
2540	32	2	32	0
2541	36	2	36	0
2542	36	2	36	0
2543	34	2	32	2
2544	36	2	34	2
2545	34	2	22	12
2546	38	2	38	0
2547	36	2	34	2
2548	34	2	32	2
2549	34	2	11	23
2550	34	2	4	30
2551	34	2	34	0
2552	36	2	34	2
2553	36	2	36	0
2554	34	2	33	1
2555	34	2	32	2
2556	36	2	34	2
2557	36	2	36	0
2558	36	2	32	4
2559	34	2	34	0
2560	36	2	9	27
2561	34	2	34	0
2562	36	2	36	0
2563	32	2	32	0
2564	32	2	12	20
2565	36	2	36	0
2566	36	2	35	1
2567	36	2	36	0
2568	34	2	32	2
2569	32	2	32	0
2570	36	2	33	3
2571	32	2	22	10
2572	36	2	34	2
2573	38	2	38	0
2574	38	2	15	23
2575	34	2	32	2
2576	34	2	15	19
2577	34	2	33	1
2578	36	2	10	26
2579	32	2	16	16
2580	36	2	36	0
2581	36	2	35	1
2582	36	2	35	1
2583	38	2	35	3
2584	38	2	35	3
2585	36	2	36	0
2586	38	2	38	0
2587	38	2	36	2
2588	36	2	33	3
2589	36	2	36	0
2590	34	2	34	0
2591	32	2	5	27
2592	34	2	34	0
2593	36	2	36	0
2594	34	2	34	0
2595	36	2	35	1
2596	38	2	35	3
2597	34	2	14	20
2598	36	2	34	2
2599	36	2	36	0
2600	34	2	34	0
2601	38	2	38	0
2602	34	2	33	1
2603	36	2	36	0
2604	34	2	34	0
2605	34	2	33	1
2606	32	2	26	6
2607	36	2	36	0
2608	32	2	30	2
2609	36	2	19	17
2610	38	2	36	2
2611	32	2	32	0
2612	36	2	36	0
2613	36	2	36	0
2614	32	2	28	4
2615	34	2	32	2
2616	34	2	34	0
2617	32	2	31	1
2618	32	2	31	1
2619	38	2	36	2
2620	34	2	33	1
2621	36	2	9	27
2622	38	2	35	3
2623	36	2	35	1
2624	34	2	34	0
2625	34	2	32	2
2626	38	2	36	2
2627	36	2	36	0
2628	32	2	31	1
2629	36	2	36	0
2630	36	2	35	1
2631	34	2	34	0
2632	34	2	32	2
2633	32	2	31	1
2634	38	2	38	0
2635	36	2	36	0
2636	32	2	32	0
2637	36	2	36	0
2638	34	2	34	0
2639	34	2	34	0
2640	38	2	38	0
2641	34	2	32	2
2642	34	2	34	0
2643	36	2	35	1
2644	34	2	32	2
2645	34	2	34	0
2646	36	2	36	0
2647	38	2	37	1
2648	32	2	31	1
2649	34	2	34	0
2650	34	2	31	3
2651	36	2	36	0
2652	38	2	38	0
2653	36	2	36	0
2654	38	2	36	2
2655	34	2	34	0
2656	36	2	36	0
2657	36	2	35	1
2658	34	2	33	1
2659	34	2	31	3
2660	36	2	35	1
2661	34	2	34	0
2662	36	2	34	2
2663	34	2	34	0
2664	36	2	31	5
2665	34	2	34	0
2666	36	2	33	3
2667	34	2	33	1
2668	34	2	27	7
2669	34	2	33	1
2670	36	2	35	1
2671	38	2	31	7
2672	38	2	38	0
2673	34	2	12	22
2674	34	2	19	15
2675	34	2	34	0
2676	34	2	33	1
2677	32	2	31	1
2678	34	2	34	0
2679	32	2	30	2
2680	36	2	35	1
2681	38	2	35	3
2682	38	2	37	1
2683	36	2	36	0
2684	30	2	30	0
2685	34	2	31	3
2686	36	2	36	0
2687	36	2	32	4
2688	34	2	34	0
2689	34	2	33	1
2690	30	2	28	2
2691	32	2	32	0
2692	36	2	36	0
2693	38	2	9	29
2694	34	2	34	0
2695	34	2	34	0
2696	34	2	34	0
2697	36	2	35	1
2698	36	2	34	2
2699	34	2	32	2
2700	34	2	31	3
2701	34	2	34	0
2702	34	2	32	2
2703	38	2	38	0
2704	36	2	32	4
2705	34	2	34	0
2706	36	2	36	0
2707	36	2	34	2
2708	34	2	34	0
2709	34	2	34	0
2710	38	2	38	0
2711	36	2	36	0
2712	34	2	7	27
2713	34	2	29	5
2714	34	2	32	2
2715	36	2	35	1
2716	34	2	34	0
2717	36	2	36	0
2718	34	2	5	29
2719	36	2	36	0
2720	36	2	36	0
2721	36	2	36	0
2722	32	2	32	0
2723	38	2	27	11
2724	36	2	34	2
2725	34	2	33	1
2726	36	2	36	0
2727	38	2	37	1
2728	34	2	34	0
2729	32	2	29	3
2730	36	2	36	0
2731	30	2	30	0
2732	36	2	36	0
2733	32	2	11	21
2734	32	2	32	0
2735	34	2	32	2
2736	34	2	34	0
2737	36	2	36	0
2738	34	2	26	8
2739	36	2	35	1
2740	36	2	35	1
2741	34	2	33	1
2742	36	2	36	0
2743	34	2	34	0
2744	34	2	34	0
2745	36	2	36	0
2746	34	2	29	5
2747	32	2	32	0
2748	36	2	36	0
2749	28	2	28	0
2750	36	2	36	0
2751	34	2	9	25
2752	32	2	32	0
2753	36	2	36	0
2754	34	2	34	0
2755	34	2	16	18
2756	36	2	32	4
2757	34	2	32	2
2758	36	2	33	3
2759	34	2	34	0
2760	34	2	34	0
2761	34	2	9	25
2762	34	2	33	1
2763	32	2	31	1
2764	36	2	36	0
2765	34	2	34	0
2766	36	2	34	2
2767	36	2	35	1
2768	36	2	36	0
2769	34	2	9	25
2770	38	2	38	0
2771	38	2	38	0
2772	38	2	36	2
2773	32	2	31	1
2774	34	2	32	2
2775	34	2	30	4
2776	34	2	34	0
2777	36	2	29	7
2778	36	2	35	1
2779	36	2	33	3
2780	34	2	34	0
2781	36	2	34	2
2782	38	2	36	2
2783	32	2	28	4
2784	38	2	38	0
2785	36	2	34	2
2786	36	2	36	0
2787	32	2	32	0
2788	36	2	36	0
2789	38	2	38	0
2790	38	2	17	21
2791	38	2	35	3
2792	38	2	38	0
2793	32	2	31	1
2794	36	2	33	3
2795	36	2	36	0
2796	34	2	34	0
2797	36	2	35	1
2798	34	2	10	24
2799	34	2	33	1
2800	34	2	32	2
2801	34	2	31	3
2802	32	2	32	0
2803	34	2	34	0
2804	32	2	30	2
2805	38	2	3	35
2806	36	2	36	0
2807	34	2	32	2
2808	34	2	33	1
2809	38	2	38	0
2810	36	2	36	0
2811	36	2	36	0
2812	36	2	36	0
2813	36	2	34	2
2814	32	2	5	27
2815	30	2	30	0
2816	32	2	24	8
2817	36	2	8	28
2818	34	2	32	2
2819	34	2	29	5
2820	36	2	35	1
2821	36	2	34	2
2822	34	2	31	3
2823	36	2	34	2
2824	34	2	13	21
2825	36	2	15	21
2826	34	2	34	0
2827	38	2	38	0
2828	38	2	29	9
2829	34	2	33	1
2830	34	2	34	0
2831	34	2	34	0
2832	36	2	36	0
2833	36	2	36	0
2834	36	2	36	0
2835	36	2	34	2
2836	34	2	10	24
2837	34	2	34	0
2838	38	2	36	2
2839	36	2	35	1
2840	36	2	12	24
2841	34	2	34	0
2842	38	2	36	2
2843	36	2	21	15
2844	34	2	32	2
2845	36	2	34	2
2846	34	2	33	1
2847	32	2	32	0
2848	34	2	34	0
2849	34	2	34	0
2850	34	2	34	0
2851	34	2	34	0
2852	34	2	31	3
2853	34	2	34	0
2854	34	2	32	2
2855	32	2	31	1
2856	32	2	31	1
2857	36	2	12	24
2858	32	2	20	12
2859	36	2	36	0
2860	32	2	31	1
2861	36	2	35	1
2862	38	2	19	19
2863	34	2	33	1
2864	34	2	34	0
2865	38	2	4	34
2866	34	2	33	1
2867	34	2	34	0
2868	34	2	29	5
2869	36	2	32	4
2870	34	2	34	0
2871	36	2	36	0
2872	36	2	36	0
2873	36	2	35	1
2874	36	2	27	9
2875	36	2	36	0
2876	36	2	36	0
2877	34	2	31	3
2878	36	2	36	0
2879	36	2	36	0
2880	38	2	38	0
2881	36	2	6	30
2882	34	2	32	2
2883	34	2	34	0
2884	34	2	34	0
2885	34	2	34	0
2886	36	2	36	0
2887	32	2	32	0
2888	38	2	36	2
2889	34	2	33	1
2890	34	2	34	0
2891	36	2	13	23
2892	36	2	36	0
2893	38	2	38	0
2894	34	2	33	1
2895	36	2	35	1
2896	38	2	38	0
2897	32	2	32	0
2898	38	2	38	0
2899	34	2	29	5
2900	34	2	2	32
2901	38	2	38	0
2902	36	2	35	1
2903	36	2	34	2
2904	36	2	35	1
2905	36	2	35	1
2906	32	2	32	0
2907	34	2	32	2
2908	36	2	35	1
2909	32	2	32	0
2910	32	2	32	0
2911	34	2	32	2
2912	34	2	34	0
2913	38	2	36	2
2914	34	2	34	0
2915	34	2	33	1
2916	34	2	33	1
2917	36	2	36	0
2918	38	2	34	4
2919	36	2	34	2
2920	36	2	34	2
2921	34	2	32	2
2922	38	2	3	35
2923	34	2	34	0
2924	38	2	33	5
2925	38	2	38	0
2926	34	2	34	0
2927	36	2	36	0
2928	36	2	34	2
2929	32	2	32	0
2930	32	2	28	4
2931	34	2	34	0
2932	38	2	38	0
2933	34	2	11	23
2934	34	2	34	0
2935	38	2	36	2
2936	32	2	31	1
2937	36	2	34	2
2938	34	2	33	1
2939	36	2	36	0
2940	34	2	34	0
2941	36	2	36	0
2942	32	2	32	0
2943	38	2	38	0
2944	34	2	34	0
2945	34	2	32	2
2946	36	2	35	1
2947	32	2	32	0
2948	36	2	34	2
2949	36	2	36	0
2950	36	2	34	2
2951	36	2	36	0
2952	36	2	35	1
2953	32	2	30	2
2954	38	2	8	30
2955	34	2	34	0
2956	32	2	32	0
2957	34	2	33	1
2958	34	2	34	0
2959	34	2	34	0
2960	38	2	36	2
2961	34	2	34	0
2962	38	2	12	26
2963	34	2	34	0
2964	32	2	6	26
2965	32	2	30	2
2966	36	2	35	1
2967	32	2	31	1
2968	34	2	32	2
2969	30	2	29	1
2970	38	2	6	32
2971	36	2	34	2
2972	34	2	32	2
2973	38	2	38	0
2974	36	2	34	2
2975	38	2	15	23
2976	36	2	34	2
2977	38	2	38	0
2978	32	2	32	0
2979	34	2	32	2
2980	32	2	32	0
2981	32	2	30	2
2982	36	2	35	1
2983	32	2	31	1
2984	38	2	38	0
2985	36	2	34	2
2986	30	2	9	21
2987	36	2	34	2
2988	34	2	7	27
2989	36	2	36	0
2990	32	2	32	0
2991	36	2	34	2
2992	36	2	36	0
2993	34	2	34	0
2994	36	2	36	0
2995	32	2	28	4
2996	36	2	35	1
2997	38	2	36	2
2998	34	2	31	3
2999	34	2	34	0
3000	34	2	33	1
3001	36	2	36	0
3002	34	2	34	0
3003	36	2	16	20
3004	32	2	30	2
3005	34	2	32	2
3006	38	2	38	0
3007	36	2	36	0
3008	32	2	3	29
3009	36	2	36	0
3010	34	2	34	0
3011	36	2	36	0
3012	36	2	34	2
3013	38	2	38	0
3014	34	2	34	0
3015	38	2	38	0
3016	34	2	34	0
3017	34	2	33	1
3018	34	2	34	0
3019	36	2	9	27
3020	34	2	32	2
3021	34	2	26	8
3022	38	2	38	0
3023	32	2	32	0
3024	30	2	30	0
3025	38	2	38	0
3026	32	2	30	2
3027	36	2	36	0
3028	34	2	34	0
3029	34	2	34	0
3030	36	2	34	2
3031	32	2	30	2
3032	36	2	34	2
3033	38	2	37	1
3034	36	2	33	3
3035	34	2	33	1
3036	34	2	34	0
3037	32	2	30	2
3038	36	2	36	0
3039	34	2	32	2
3040	38	2	36	2
3041	32	2	32	0
3042	34	2	33	1
3043	34	2	34	0
3044	32	2	29	3
3045	36	2	36	0
3046	38	2	38	0
3047	36	2	34	2
3048	36	2	34	2
3049	34	2	34	0
3050	38	2	30	8
3051	32	2	32	0
3052	36	2	35	1
3053	36	2	36	0
3054	36	2	36	0
3055	36	2	36	0
3056	34	2	34	0
3057	36	2	9	27
3058	34	2	31	3
3059	34	2	34	0
3060	36	2	35	1
3061	34	2	32	2
3062	32	2	32	0
3063	32	2	9	23
3064	32	2	32	0
3065	34	2	34	0
3066	34	2	34	0
3067	36	2	8	28
3068	36	2	27	9
3069	34	2	34	0
3070	36	2	34	2
3071	36	2	35	1
3072	32	2	32	0
3073	32	2	32	0
3074	36	2	34	2
3075	34	2	30	4
3076	34	2	33	1
3077	38	2	38	0
3078	34	2	34	0
3079	36	2	35	1
3080	32	2	31	1
3081	36	2	10	26
3082	32	2	32	0
3083	36	2	36	0
3084	36	2	35	1
3085	30	2	29	1
3086	34	2	15	19
3087	32	2	30	2
3088	36	2	36	0
3089	34	2	32	2
3090	36	2	35	1
3091	34	2	34	0
3092	36	2	34	2
3093	34	2	33	1
3094	36	2	34	2
3095	36	2	34	2
3096	38	2	36	2
3097	34	2	34	0
3098	34	2	32	2
3099	38	2	38	0
3100	32	2	32	0
3101	38	2	37	1
3102	36	2	36	0
3103	38	2	37	1
3104	38	2	37	1
3105	38	2	37	1
3106	34	2	34	0
3107	32	2	32	0
3108	36	2	36	0
3109	34	2	31	3
3110	36	2	36	0
3111	30	2	29	1
3112	38	2	36	2
3113	32	2	6	26
3114	36	2	35	1
3115	36	2	30	6
3116	36	2	9	27
3117	34	2	34	0
3118	36	2	34	2
3119	36	2	36	0
3120	34	2	34	0
3121	36	2	34	2
3122	34	2	34	0
3123	34	2	33	1
3124	38	2	35	3
3125	34	2	31	3
3126	36	2	36	0
3127	32	2	32	0
3128	36	2	36	0
3129	32	2	31	1
3130	34	2	34	0
3131	36	2	36	0
3132	36	2	35	1
3133	38	2	38	0
3134	34	2	32	2
3135	32	2	24	8
3136	34	2	26	8
3137	34	2	33	1
3138	34	2	34	0
3139	34	2	26	8
3140	34	2	34	0
3141	34	2	34	0
3142	34	2	16	18
3143	38	2	37	1
3144	34	2	34	0
3145	34	2	32	2
3146	34	2	33	1
3147	34	2	6	28
3148	36	2	35	1
3149	38	2	38	0
3150	34	2	33	1
3151	34	2	9	25
3152	34	2	34	0
3153	36	2	7	29
3154	34	2	34	0
3155	36	2	34	2
3156	34	2	34	0
3157	32	2	32	0
3158	38	2	8	30
3159	34	2	34	0
3160	34	2	34	0
3161	30	2	30	0
3162	36	2	35	1
3163	36	2	35	1
3164	32	2	32	0
3165	38	2	37	1
3166	36	2	36	0
3167	34	2	33	1
3168	36	2	34	2
3169	36	2	36	0
3170	36	2	36	0
3171	36	2	36	0
3172	34	2	32	2
3173	38	2	38	0
3174	32	2	32	0
3175	36	2	34	2
3176	34	2	32	2
3177	36	2	4	32
3178	34	2	33	1
3179	34	2	28	6
3180	36	2	35	1
3181	34	2	34	0
3182	38	2	37	1
3183	38	2	28	10
3184	36	2	36	0
3185	36	2	36	0
3186	36	2	36	0
3187	34	2	34	0
3188	36	2	36	0
3189	36	2	18	18
3190	32	2	10	22
3191	36	2	36	0
3192	34	2	34	0
3193	34	2	34	0
3194	34	2	34	0
3195	34	2	33	1
3196	32	2	26	6
3197	38	2	38	0
3198	36	2	36	0
3199	34	2	32	2
3200	38	2	38	0
3201	36	2	35	1
3202	36	2	36	0
3203	32	2	10	22
3204	34	2	34	0
3205	38	2	38	0
3206	36	2	36	0
3207	36	2	34	2
3208	34	2	34	0
3209	36	2	34	2
3210	36	2	35	1
3211	36	2	35	1
3212	34	2	19	15
3213	36	2	34	2
3214	36	2	36	0
3215	34	2	17	17
3216	32	2	32	0
3217	36	2	36	0
3218	34	2	34	0
3219	34	2	34	0
3220	32	2	3	29
3221	34	2	34	0
3222	32	2	29	3
3223	38	2	38	0
3224	36	2	36	0
3225	34	2	34	0
3226	38	2	34	4
3227	34	2	34	0
3228	34	2	32	2
3229	38	2	38	0
3230	38	2	37	1
3231	34	2	3	31
3232	36	2	36	0
3233	32	2	30	2
3234	36	2	36	0
3235	32	2	30	2
3236	34	2	32	2
3237	34	2	32	2
3238	34	2	27	7
3239	32	2	31	1
3240	34	2	30	4
3241	34	2	34	0
3242	34	2	34	0
3243	36	2	36	0
3244	38	2	37	1
3245	30	2	30	0
3246	32	2	31	1
3247	34	2	34	0
3248	36	2	35	1
3249	34	2	31	3
3250	38	2	36	2
3251	36	2	36	0
3252	36	2	35	1
3253	34	2	34	0
3254	36	2	36	0
3255	36	2	10	26
3256	34	2	32	2
3257	36	2	34	2
3258	34	2	34	0
3259	34	2	34	0
3260	34	2	32	2
3261	36	2	36	0
3262	36	2	33	3
3263	36	2	34	2
3264	34	2	33	1
3265	32	2	8	24
3266	34	2	8	26
3267	38	2	37	1
3268	34	2	33	1
3269	36	2	35	1
3270	34	2	34	0
3271	36	2	36	0
3272	36	2	36	0
3273	36	2	34	2
3274	36	2	36	0
3275	34	2	25	9
3276	36	2	26	10
3277	34	2	34	0
3278	30	2	29	1
3279	36	2	36	0
3280	38	2	38	0
3281	36	2	35	1
3282	36	2	36	0
3283	36	2	4	32
3284	36	2	36	0
3285	36	2	34	2
3286	32	2	31	1
3287	36	2	10	26
3288	36	2	36	0
3289	34	2	31	3
3290	36	2	36	0
3291	36	2	35	1
3292	36	2	34	2
3293	38	2	38	0
3294	32	2	30	2
3295	36	2	35	1
3296	34	2	26	8
3297	38	2	37	1
3298	34	2	34	0
3299	36	2	23	13
3300	38	2	38	0
3301	36	2	35	1
3302	38	2	36	2
3303	36	2	35	1
3304	36	2	35	1
3305	36	2	36	0
3306	36	2	36	0
3307	34	2	12	22
3308	36	2	36	0
3309	38	2	38	0
3310	34	2	34	0
3311	30	2	7	23
3312	36	2	36	0
3313	34	2	34	0
3314	32	2	32	0
3315	36	2	36	0
3316	36	2	32	4
3317	34	2	31	3
3318	34	2	33	1
3319	36	2	11	25
3320	34	2	34	0
3321	36	2	36	0
3322	36	2	33	3
3323	38	2	17	21
3324	36	2	34	2
3325	34	2	31	3
3326	34	2	34	0
3327	38	2	38	0
3328	36	2	34	2
3329	36	2	34	2
3330	34	2	34	0
3331	36	2	36	0
3332	38	2	37	1
3333	32	2	32	0
3334	34	2	33	1
3335	32	2	30	2
3336	34	2	34	0
3337	36	2	14	22
3338	32	2	31	1
3339	32	2	31	1
3340	36	2	36	0
3341	34	2	34	0
3342	34	2	34	0
3343	36	2	5	31
3344	36	2	24	12
3345	34	2	7	27
3346	38	2	36	2
3347	32	2	32	0
3348	34	2	34	0
3349	32	2	32	0
3350	32	2	24	8
3351	34	2	34	0
3352	38	2	36	2
3353	36	2	36	0
3354	34	2	34	0
3355	38	2	38	0
3356	34	2	33	1
3357	38	2	37	1
3358	34	2	4	30
3359	36	2	34	2
3360	36	2	35	1
3361	30	2	30	0
3362	36	2	35	1
3363	36	2	16	20
3364	34	2	34	0
3365	32	2	31	1
3366	38	2	38	0
3367	36	2	36	0
3368	36	2	11	25
3369	38	2	38	0
3370	34	2	11	23
3371	34	2	32	2
3372	36	2	36	0
3373	36	2	33	3
3374	36	2	34	2
3375	32	2	32	0
3376	34	2	34	0
3377	34	2	33	1
3378	34	2	32	2
3379	36	2	34	2
3380	34	2	34	0
3381	36	2	36	0
3382	36	2	36	0
3383	34	2	34	0
3384	36	2	36	0
3385	36	2	35	1
3386	32	2	32	0
3387	32	2	10	22
3388	36	2	36	0
3389	36	2	10	26
3390	36	2	36	0
3391	34	2	33	1
3392	34	2	34	0
3393	34	2	34	0
3394	36	2	36	0
3395	36	2	11	25
3396	36	2	35	1
3397	30	2	28	2
3398	36	2	34	2
3399	34	2	34	0
3400	36	2	32	4
3401	36	2	34	2
3402	34	2	34	0
3403	36	2	33	3
3404	32	2	32	0
3405	32	2	32	0
3406	36	2	35	1
3407	36	2	17	19
3408	34	2	11	23
3409	32	2	32	0
3410	34	2	34	0
3411	34	2	34	0
3412	38	2	38	0
3413	36	2	16	20
3414	34	2	33	1
3415	34	2	34	0
3416	36	2	36	0
3417	36	2	36	0
3418	32	2	32	0
3419	34	2	29	5
3420	34	2	7	27
3421	38	2	38	0
3422	32	2	31	1
3423	34	2	34	0
3424	36	2	8	28
3425	32	2	32	0
3426	32	2	32	0
3427	34	2	32	2
3428	38	2	38	0
3429	34	2	34	0
3430	36	2	36	0
3431	36	2	36	0
3432	34	2	33	1
3433	34	2	34	0
3434	36	2	36	0
3435	36	2	35	1
3436	36	2	35	1
3437	36	2	34	2
3438	34	2	34	0
3439	34	2	34	0
3440	38	2	38	0
3441	32	2	23	9
3442	34	2	34	0
3443	34	2	34	0
3444	36	2	35	1
3445	38	2	10	28
3446	38	2	38	0
3447	38	2	34	4
3448	36	2	34	2
3449	32	2	32	0
3450	34	2	34	0
3451	34	2	8	26
3452	38	2	38	0
3453	36	2	36	0
3454	34	2	11	23
3455	34	2	34	0
3456	34	2	33	1
3457	36	2	36	0
3458	36	2	35	1
3459	34	2	34	0
3460	34	2	34	0
3461	36	2	35	1
3462	36	2	34	2
3463	36	2	36	0
3464	38	2	36	2
3465	38	2	38	0
3466	36	2	36	0
3467	34	2	32	2
3468	36	2	13	23
3469	36	2	36	0
3470	36	2	29	7
3471	32	2	32	0
3472	36	2	36	0
3473	38	2	35	3
3474	36	2	36	0
3475	38	2	37	1
3476	36	2	33	3
3477	36	2	36	0
3478	34	2	29	5
3479	38	2	36	2
3480	34	2	33	1
3481	34	2	15	19
3482	34	2	5	29
3483	36	2	35	1
3484	30	2	30	0
3485	32	2	27	5
3486	38	2	38	0
3487	36	2	8	28
3488	38	2	36	2
3489	36	2	34	2
3490	38	2	38	0
3491	32	2	32	0
3492	34	2	8	26
3493	34	2	33	1
3494	36	2	36	0
3495	34	2	33	1
3496	34	2	33	1
3497	34	2	34	0
3498	34	2	34	0
3499	38	2	38	0
3500	38	2	36	2
3501	36	2	35	1
3502	32	2	32	0
3503	34	2	34	0
3504	34	2	34	0
3505	34	2	33	1
3506	38	2	38	0
3507	36	2	34	2
3508	34	2	32	2
3509	36	2	32	4
3510	38	2	38	0
3511	36	2	35	1
3512	34	2	33	1
3513	34	2	33	1
3514	38	2	34	4
3515	34	2	34	0
3516	36	2	35	1
3517	36	2	31	5
3518	36	2	34	2
3519	36	2	22	14
3520	34	2	8	26
3521	36	2	35	1
3522	36	2	36	0
3523	34	2	33	1
3524	34	2	34	0
3525	32	2	32	0
3526	36	2	9	27
3527	34	2	32	2
3528	36	2	10	26
3529	38	2	36	2
3530	30	2	28	2
3531	34	2	31	3
3532	32	2	12	20
3533	38	2	37	1
3534	34	2	32	2
3535	38	2	36	2
3536	34	2	17	17
3537	34	2	33	1
3538	32	2	30	2
3539	34	2	13	21
3540	36	2	35	1
3541	36	2	14	22
3542	34	2	34	0
3543	38	2	38	0
3544	38	2	38	0
3545	34	2	34	0
3546	36	2	35	1
3547	36	2	34	2
3548	38	2	38	0
3549	38	2	38	0
3550	32	2	28	4
3551	36	2	36	0
3552	32	2	32	0
3553	32	2	30	2
3554	38	2	38	0
3555	32	2	32	0
3556	36	2	33	3
3557	36	2	36	0
3558	38	2	38	0
3559	34	2	34	0
3560	36	2	29	7
3561	38	2	38	0
3562	36	2	36	0
3563	38	2	38	0
3564	34	2	34	0
3565	36	2	34	2
3566	34	2	10	24
3567	38	2	38	0
3568	34	2	34	0
3569	34	2	33	1
3570	36	2	35	1
3571	32	2	32	0
3572	36	2	36	0
3573	32	2	32	0
3574	34	2	34	0
3575	34	2	34	0
3576	34	2	34	0
3577	36	2	12	24
3578	36	2	36	0
3579	34	2	27	7
3580	36	2	35	1
3581	30	2	30	0
3582	34	2	32	2
3583	36	2	36	0
3584	34	2	34	0
3585	32	2	32	0
3586	38	2	38	0
3587	38	2	36	2
3588	34	2	34	0
3589	34	2	34	0
3590	34	2	34	0
3591	36	2	34	2
3592	38	2	37	1
3593	30	2	15	15
3594	36	2	35	1
3595	36	2	36	0
3596	32	2	30	2
3597	38	2	38	0
3598	36	2	36	0
3599	38	2	38	0
3600	34	2	33	1
3601	38	2	38	0
3602	34	2	33	1
3603	34	2	34	0
3604	32	2	32	0
3605	36	2	34	2
3606	38	2	33	5
3607	36	2	36	0
3608	38	2	36	2
3609	32	2	32	0
3610	36	2	35	1
3611	36	2	36	0
3612	36	2	35	1
3613	38	2	37	1
3614	36	2	34	2
3615	34	2	32	2
3616	36	2	36	0
3617	34	2	32	2
3618	34	2	33	1
3619	36	2	22	14
3620	36	2	34	2
3621	34	2	30	4
3622	36	2	36	0
3623	34	2	34	0
3624	34	2	23	11
3625	34	2	34	0
3626	36	2	34	2
3627	38	2	37	1
3628	34	2	32	2
3629	32	2	9	23
3630	32	2	32	0
3631	38	2	24	14
3632	34	2	9	25
3633	38	2	38	0
3634	38	2	1	37
3635	36	2	36	0
3636	36	2	32	4
3637	32	2	32	0
3638	36	2	34	2
3639	36	2	35	1
3640	34	2	34	0
3641	34	2	34	0
3642	34	2	33	1
3643	36	2	35	1
3644	32	2	31	1
3645	32	2	32	0
3646	36	2	36	0
3647	34	2	33	1
3648	36	2	34	2
3649	36	2	35	1
3650	38	2	38	0
3651	34	2	34	0
3652	34	2	32	2
3653	38	2	31	7
3654	34	2	34	0
3655	34	2	33	1
3656	36	2	36	0
3657	34	2	33	1
3658	32	2	32	0
3659	34	2	12	22
3660	36	2	36	0
3661	36	2	34	2
3662	34	2	34	0
3663	34	2	34	0
3664	36	2	34	2
3665	36	2	35	1
3666	36	2	36	0
3667	36	2	35	1
3668	32	2	32	0
3669	34	2	33	1
3670	34	2	10	24
3671	36	2	36	0
3672	34	2	6	28
3673	34	2	34	0
3674	32	2	9	23
3675	34	2	34	0
3676	30	2	30	0
3677	34	2	34	0
3678	34	2	34	0
3679	32	2	10	22
3680	36	2	36	0
3681	34	2	8	26
3682	38	2	38	0
3683	36	2	36	0
3684	34	2	32	2
3685	38	2	36	2
3686	36	2	34	2
3687	34	2	32	2
3688	36	2	36	0
3689	34	2	34	0
3690	38	2	37	1
3691	32	2	32	0
3692	38	2	2	36
3693	34	2	34	0
3694	36	2	36	0
3695	38	2	11	27
3696	36	2	36	0
3697	32	2	32	0
3698	34	2	33	1
3699	34	2	34	0
3700	36	2	35	1
3701	34	2	33	1
3702	34	2	34	0
3703	34	2	34	0
3704	34	2	34	0
3705	38	2	38	0
3706	34	2	34	0
3707	38	2	10	28
3708	36	2	34	2
3709	32	2	31	1
3710	36	2	36	0
3711	36	2	34	2
3712	36	2	15	21
3713	36	2	36	0
3714	34	2	34	0
3715	32	2	30	2
3716	34	2	33	1
3717	36	2	35	1
3718	34	2	32	2
3719	36	2	11	25
3720	34	2	33	1
3721	34	2	10	24
3722	36	2	36	0
3723	32	2	32	0
3724	38	2	12	26
3725	34	2	34	0
3726	34	2	34	0
3727	36	2	11	25
3728	32	2	32	0
3729	34	2	33	1
3730	36	2	36	0
3731	36	2	35	1
3732	36	2	13	23
3733	38	2	11	27
3734	38	2	38	0
3735	38	2	38	0
3736	36	2	36	0
3737	36	2	36	0
3738	34	2	34	0
3739	38	2	37	1
3740	38	2	37	1
3741	34	2	31	3
3742	34	2	33	1
3743	34	2	32	2
3744	34	2	9	25
3745	36	2	36	0
3746	38	2	38	0
3747	36	2	15	21
3748	32	2	31	1
3749	36	2	36	0
3750	36	2	34	2
3751	32	2	31	1
3752	34	2	34	0
3753	34	2	33	1
3754	34	2	34	0
3755	34	2	34	0
3756	28	2	27	1
3757	32	2	30	2
3758	36	2	35	1
3759	34	2	33	1
3760	34	2	12	22
3761	34	2	21	13
3762	36	2	35	1
3763	34	2	30	4
3764	38	2	38	0
3765	32	2	28	4
3766	32	2	28	4
3767	32	2	10	22
3768	30	2	18	12
3769	38	2	36	2
3770	34	2	32	2
3771	34	2	34	0
3772	36	2	34	2
3773	32	2	30	2
3774	34	2	34	0
3775	32	2	32	0
3776	36	2	34	2
3777	36	2	35	1
3778	36	2	35	1
3779	38	2	34	4
3780	36	2	36	0
3781	34	2	34	0
3782	36	2	31	5
3783	36	2	36	0
3784	34	2	34	0
3785	34	2	34	0
3786	32	2	32	0
3787	36	2	36	0
3788	34	2	34	0
3789	38	2	38	0
3790	36	2	36	0
3791	36	2	36	0
3792	34	2	33	1
3793	34	2	26	8
3794	34	2	33	1
3795	38	2	38	0
3796	36	2	14	22
3797	36	2	36	0
3798	34	2	34	0
3799	32	2	32	0
3800	36	2	34	2
3801	36	2	31	5
3802	32	2	32	0
3803	34	2	34	0
3804	38	2	38	0
3805	38	2	36	2
3806	36	2	30	6
3807	36	2	29	7
3808	38	2	37	1
3809	36	2	35	1
3810	36	2	36	0
3811	36	2	34	2
3812	36	2	7	29
3813	34	2	27	7
3814	36	2	32	4
3815	36	2	36	0
3816	34	2	34	0
3817	36	2	36	0
3818	32	2	10	22
3819	34	2	33	1
3820	36	2	18	18
3821	38	2	16	22
3822	38	2	36	2
3823	36	2	35	1
3824	32	2	32	0
3825	32	2	32	0
3826	36	2	30	6
3827	38	2	38	0
3828	34	2	34	0
3829	36	2	35	1
3830	38	2	37	1
3831	34	2	33	1
3832	34	2	34	0
3833	34	2	34	0
3834	34	2	34	0
3835	34	2	13	21
3836	36	2	36	0
3837	36	2	2	34
3838	36	2	28	8
3839	32	2	30	2
3840	34	2	34	0
3841	32	2	32	0
3842	38	2	38	0
3843	38	2	38	0
3844	34	2	32	2
3845	34	2	32	2
3846	38	2	38	0
3847	36	2	36	0
3848	32	2	31	1
3849	34	2	33	1
3850	34	2	34	0
3851	36	2	12	24
3852	36	2	27	9
3853	36	2	36	0
3854	32	2	12	20
3855	38	2	36	2
3856	34	2	33	1
3857	32	2	31	1
3858	38	2	37	1
3859	34	2	34	0
3860	34	2	34	0
3861	38	2	37	1
3862	36	2	35	1
3863	34	2	33	1
3864	36	2	8	28
3865	36	2	31	5
3866	34	2	34	0
3867	34	2	32	2
3868	32	2	3	29
3869	34	2	9	25
3870	32	2	32	0
3871	36	2	36	0
3872	34	2	34	0
3873	34	2	32	2
3874	38	2	37	1
3875	34	2	34	0
3876	34	2	34	0
3877	36	2	35	1
3878	34	2	34	0
3879	36	2	34	2
3880	36	2	31	5
3881	34	2	7	27
3882	34	2	34	0
3883	38	2	37	1
3884	32	2	31	1
3885	34	2	33	1
3886	32	2	32	0
3887	36	2	36	0
3888	34	2	30	4
3889	36	2	9	27
3890	36	2	32	4
3891	34	2	34	0
3892	36	2	36	0
3893	34	2	34	0
3894	36	2	36	0
3895	34	2	34	0
3896	36	2	15	21
3897	36	2	10	26
3898	34	2	32	2
3899	36	2	36	0
3900	34	2	33	1
3901	32	2	5	27
3902	34	2	33	1
3903	36	2	36	0
3904	26	2	26	0
3905	34	2	33	1
3906	32	2	32	0
3907	36	2	36	0
3908	36	2	33	3
3909	32	2	21	11
3910	36	2	36	0
3911	36	2	34	2
3912	36	2	36	0
3913	34	2	26	8
3914	30	2	30	0
3915	38	2	38	0
3916	36	2	36	0
3917	36	2	14	22
3918	34	2	34	0
3919	32	2	30	2
3920	34	2	9	25
3921	38	2	36	2
3922	36	2	34	2
3923	34	2	33	1
3924	36	2	35	1
3925	36	2	34	2
3926	36	2	35	1
3927	34	2	34	0
3928	32	2	31	1
3929	34	2	33	1
3930	36	2	36	0
3931	34	2	34	0
3932	34	2	32	2
3933	32	2	32	0
3934	36	2	36	0
3935	34	2	32	2
3936	36	2	36	0
3937	38	2	38	0
3938	36	2	36	0
3939	36	2	36	0
3940	36	2	12	24
3941	34	2	34	0
3942	36	2	34	2
3943	34	2	34	0
3944	34	2	34	0
3945	36	2	35	1
3946	38	2	36	2
3947	38	2	38	0
3948	34	2	33	1
3949	32	2	32	0
3950	34	2	34	0
3951	38	2	38	0
3952	36	2	30	6
3953	34	2	34	0
3954	36	2	36	0
3955	36	2	36	0
3956	34	2	34	0
3957	34	2	33	1
3958	36	2	36	0
3959	36	2	22	14
3960	34	2	12	22
3961	36	2	36	0
3962	32	2	10	22
3963	36	2	36	0
3964	34	2	4	30
3965	34	2	31	3
3966	36	2	36	0
3967	36	2	24	12
3968	36	2	10	26
3969	34	2	32	2
3970	36	2	34	2
3971	36	2	36	0
3972	38	2	38	0
3973	34	2	32	2
3974	34	2	33	1
3975	36	2	34	2
3976	36	2	36	0
3977	36	2	36	0
3978	36	2	35	1
3979	34	2	34	0
3980	34	2	33	1
3981	32	2	31	1
3982	36	2	36	0
3983	36	2	36	0
3984	36	2	36	0
3985	36	2	36	0
3986	36	2	36	0
3987	34	2	8	26
3988	36	2	36	0
3989	36	2	35	1
3990	38	2	38	0
3991	32	2	29	3
3992	36	2	14	22
3993	36	2	36	0
3994	34	2	33	1
3995	34	2	32	2
3996	34	2	34	0
3997	34	2	33	1
3998	34	2	34	0
3999	34	2	34	0
4000	34	2	33	1
4001	36	2	35	1
4002	32	2	30	2
4003	34	2	32	2
4004	36	2	35	1
4005	36	2	36	0
4006	32	2	32	0
4007	36	2	13	23
4008	34	2	34	0
4009	34	2	34	0
4010	36	2	10	26
4011	30	2	30	0
4012	36	2	36	0
4013	36	2	36	0
4014	34	2	34	0
4015	36	2	36	0
4016	36	2	35	1
4017	34	2	32	2
4018	34	2	27	7
4019	36	2	34	2
4020	34	2	34	0
4021	36	2	35	1
4022	34	2	33	1
4023	36	2	34	2
4024	36	2	34	2
4025	36	2	36	0
4026	36	2	36	0
4027	34	2	34	0
4028	36	2	36	0
4029	34	2	33	1
4030	36	2	36	0
4031	32	2	32	0
4032	38	2	36	2
4033	36	2	36	0
4034	34	2	26	8
4035	32	2	32	0
4036	34	2	34	0
4037	36	2	34	2
4038	32	2	32	0
4039	36	2	36	0
4040	36	2	36	0
4041	36	2	36	0
4042	32	2	29	3
4043	30	2	29	1
4044	36	2	30	6
4045	32	2	32	0
4046	34	2	34	0
4047	36	2	36	0
4048	36	2	36	0
4049	36	2	36	0
4050	36	2	36	0
4051	34	2	32	2
4052	36	2	36	0
4053	34	2	33	1
4054	34	2	34	0
4055	36	2	30	6
4056	36	2	35	1
4057	34	2	30	4
4058	36	2	35	1
4059	34	2	31	3
4060	34	2	34	0
4061	34	2	34	0
4062	36	2	36	0
4063	34	2	33	1
4064	36	2	35	1
4065	36	2	36	0
4066	36	2	34	2
4067	38	2	32	6
4068	38	2	36	2
4069	34	2	32	2
4070	34	2	34	0
4071	34	2	30	4
4072	34	2	34	0
4073	34	2	32	2
4074	36	2	36	0
4075	34	2	34	0
4076	36	2	36	0
4077	32	2	31	1
4078	36	2	36	0
4079	30	2	29	1
4080	36	2	36	0
4081	36	2	35	1
4082	38	2	38	0
4083	36	2	36	0
4084	36	2	36	0
4085	36	2	14	22
4086	34	2	34	0
4087	36	2	36	0
4088	38	2	37	1
4089	36	2	36	0
4090	34	2	7	27
4091	36	2	33	3
4092	32	2	6	26
4093	32	2	32	0
4094	36	2	34	2
4095	34	2	34	0
4096	32	2	30	2
4097	36	2	36	0
4098	32	2	30	2
4099	38	2	38	0
4100	36	2	34	2
4101	34	2	12	22
4102	34	2	34	0
4103	38	2	36	2
4104	34	2	34	0
4105	32	2	32	0
4106	36	2	34	2
4107	34	2	34	0
4108	34	2	34	0
4109	36	2	7	29
4110	36	2	36	0
4111	34	2	33	1
4112	38	2	38	0
4113	38	2	37	1
4114	38	2	38	0
4115	32	2	32	0
4116	34	2	34	0
4117	36	2	36	0
4118	38	2	38	0
4119	36	2	9	27
4120	34	2	34	0
4121	36	2	12	24
4122	32	2	31	1
4123	34	2	31	3
4124	38	2	37	1
4125	34	2	34	0
4126	34	2	7	27
4127	30	2	30	0
4128	38	2	38	0
4129	36	2	36	0
4130	38	2	36	2
4131	38	2	35	3
4132	34	2	32	2
4133	38	2	38	0
4134	32	2	31	1
4135	36	2	34	2
4136	36	2	2	34
4137	34	2	32	2
4138	38	2	38	0
4139	36	2	34	2
4140	34	2	6	28
4141	30	2	26	4
4142	38	2	28	10
4143	32	2	30	2
4144	34	2	34	0
4145	34	2	34	0
4146	36	2	36	0
4147	36	2	36	0
4148	36	2	36	0
4149	36	2	36	0
4150	32	2	11	21
4151	36	2	35	1
4152	38	2	38	0
4153	36	2	32	4
4154	30	2	7	23
4155	34	2	11	23
4156	34	2	10	24
4157	32	2	31	1
4158	36	2	36	0
4159	34	2	34	0
4160	34	2	34	0
4161	36	2	36	0
4162	32	2	31	1
4163	38	2	38	0
4164	38	2	19	19
4165	36	2	36	0
4166	32	2	28	4
4167	36	2	12	24
4168	34	2	34	0
4169	34	2	32	2
4170	38	2	37	1
4171	34	2	34	0
4172	34	2	33	1
4173	34	2	34	0
4174	32	2	31	1
4175	38	2	38	0
4176	36	2	35	1
4177	38	2	38	0
4178	34	2	34	0
4179	36	2	34	2
4180	34	2	33	1
4181	34	2	34	0
4182	34	2	8	26
4183	36	2	36	0
4184	34	2	34	0
4185	36	2	36	0
4186	34	2	33	1
4187	36	2	36	0
4188	36	2	36	0
4189	34	2	32	2
4190	36	2	36	0
4191	36	2	36	0
4192	38	2	35	3
4193	34	2	34	0
4194	36	2	36	0
4195	36	2	34	2
4196	38	2	38	0
4197	38	2	36	2
4198	34	2	34	0
4199	34	2	32	2
4200	38	2	36	2
4201	34	2	34	0
4202	34	2	34	0
4203	36	2	26	10
4204	32	2	31	1
4205	34	2	34	0
4206	34	2	34	0
4207	34	2	10	24
4208	32	2	32	0
4209	36	2	34	2
4210	36	2	35	1
4211	34	2	34	0
4212	34	2	32	2
4213	34	2	6	28
4214	30	2	30	0
4215	34	2	32	2
4216	34	2	34	0
4217	34	2	34	0
4218	36	2	36	0
4219	36	2	12	24
4220	32	2	29	3
4221	36	2	36	0
4222	34	2	34	0
4223	32	2	13	19
4224	36	2	36	0
4225	38	2	37	1
4226	36	2	35	1
4227	36	2	8	28
4228	36	2	36	0
4229	34	2	33	1
4230	36	2	36	0
4231	34	2	34	0
4232	38	2	38	0
4233	34	2	34	0
4234	38	2	36	2
4235	36	2	36	0
4236	38	2	37	1
4237	36	2	36	0
4238	34	2	33	1
4239	34	2	34	0
4240	36	2	36	0
4241	36	2	35	1
4242	34	2	34	0
4243	38	2	19	19
4244	34	2	34	0
4245	36	2	33	3
4246	30	2	8	22
4247	36	2	36	0
4248	34	2	31	3
4249	34	2	33	1
4250	38	2	37	1
4251	36	2	36	0
4252	36	2	4	32
4253	34	2	34	0
4254	36	2	36	0
4255	36	2	35	1
4256	34	2	34	0
4257	36	2	35	1
4258	38	2	38	0
4259	34	2	34	0
4260	30	2	6	24
4261	34	2	33	1
4262	34	2	32	2
4263	38	2	37	1
4264	34	2	34	0
4265	36	2	29	7
4266	38	2	34	4
4267	30	2	30	0
4268	30	2	30	0
4269	36	2	34	2
4270	38	2	8	30
4271	36	2	36	0
4272	36	2	34	2
4273	36	2	36	0
4274	38	2	9	29
4275	38	2	36	2
4276	32	2	32	0
4277	36	2	36	0
4278	34	2	33	1
4279	36	2	36	0
4280	38	2	37	1
4281	32	2	32	0
4282	30	2	30	0
4283	36	2	36	0
4284	32	2	6	26
4285	38	2	31	7
4286	38	2	15	23
4287	36	2	27	9
4288	36	2	15	21
4289	32	2	31	1
4290	36	2	36	0
4291	38	2	38	0
4292	36	2	36	0
4293	36	2	10	26
4294	38	2	38	0
4295	36	2	36	0
4296	34	2	34	0
4297	36	2	35	1
4298	32	2	8	24
4299	36	2	6	30
4300	34	2	34	0
4301	36	2	12	24
4302	34	2	34	0
4303	34	2	7	27
4304	38	2	38	0
4305	32	2	32	0
4306	34	2	34	0
4307	36	2	36	0
4308	34	2	34	0
4309	36	2	36	0
4310	34	2	32	2
4311	36	2	36	0
4312	30	2	29	1
4313	32	2	32	0
4314	36	2	36	0
4315	34	2	34	0
4316	34	2	34	0
4317	36	2	33	3
4318	36	2	33	3
4319	36	2	36	0
4320	38	2	36	2
4321	38	2	38	0
4322	36	2	14	22
4323	32	2	30	2
4324	36	2	34	2
4325	36	2	36	0
4326	38	2	38	0
4327	36	2	35	1
4328	34	2	34	0
4329	32	2	32	0
4330	36	2	36	0
4331	38	2	36	2
4332	32	2	32	0
4333	36	2	36	0
4334	36	2	34	2
4335	34	2	33	1
4336	36	2	33	3
4337	32	2	32	0
4338	36	2	36	0
4339	36	2	34	2
4340	38	2	38	0
4341	34	2	24	10
4342	32	2	19	13
4343	34	2	34	0
4344	36	2	35	1
4345	34	2	16	18
4346	36	2	35	1
4347	36	2	35	1
4348	34	2	7	27
4349	34	2	34	0
4350	36	2	36	0
4351	38	2	38	0
4352	38	2	38	0
4353	38	2	8	30
4354	32	2	32	0
4355	34	2	32	2
4356	36	2	33	3
4357	36	2	36	0
4358	36	2	36	0
4359	36	2	36	0
4360	34	2	34	0
4361	36	2	33	3
4362	36	2	36	0
4363	38	2	38	0
4364	36	2	36	0
4365	36	2	34	2
4366	34	2	32	2
4367	36	2	35	1
4368	34	2	34	0
4369	38	2	30	8
4370	32	2	32	0
4371	34	2	33	1
4372	36	2	34	2
4373	30	2	8	22
4374	36	2	28	8
4375	38	2	37	1
4376	32	2	30	2
4377	34	2	34	0
4378	36	2	36	0
4379	34	2	33	1
4380	34	2	34	0
4381	36	2	35	1
4382	36	2	35	1
4383	36	2	36	0
4384	34	2	34	0
4385	34	2	34	0
4386	34	2	34	0
4387	36	2	30	6
4388	34	2	34	0
4389	36	2	36	0
4390	38	2	38	0
4391	32	2	31	1
4392	32	2	9	23
4393	36	2	34	2
4394	36	2	34	2
4395	36	2	34	2
4396	34	2	34	0
4397	34	2	34	0
4398	36	2	15	21
4399	38	2	38	0
4400	34	2	7	27
4401	34	2	33	1
4402	38	2	38	0
4403	34	2	34	0
4404	34	2	14	20
4405	36	2	35	1
4406	34	2	16	18
4407	34	2	32	2
4408	34	2	29	5
4409	36	2	8	28
4410	36	2	36	0
4411	38	2	37	1
4412	34	2	34	0
4413	34	2	33	1
4414	36	2	36	0
4415	38	2	38	0
4416	34	2	29	5
4417	36	2	35	1
4418	34	2	33	1
4419	36	2	35	1
4420	38	2	35	3
4421	32	2	31	1
4422	36	2	36	0
4423	38	2	36	2
4424	38	2	38	0
4425	38	2	37	1
4426	36	2	36	0
4427	30	2	30	0
4428	36	2	36	0
4429	36	2	36	0
4430	34	2	32	2
4431	36	2	36	0
4432	38	2	36	2
4433	34	2	34	0
4434	36	2	35	1
4435	36	2	35	1
4436	32	2	29	3
4437	38	2	38	0
4438	28	2	26	2
4439	36	2	34	2
4440	34	2	34	0
4441	36	2	36	0
4442	38	2	38	0
4443	36	2	36	0
4444	32	2	8	24
4445	36	2	34	2
4446	36	2	12	24
4447	38	2	29	9
4448	38	2	38	0
4449	38	2	31	7
4450	32	2	32	0
4451	34	2	34	0
4452	36	2	36	0
4453	36	2	36	0
4454	36	2	15	21
4455	36	2	36	0
4456	30	2	30	0
4457	36	2	36	0
4458	38	2	36	2
4459	34	2	34	0
4460	34	2	34	0
4461	36	2	35	1
4462	34	2	32	2
4463	34	2	34	0
4464	32	2	32	0
4465	32	2	31	1
4466	34	2	7	27
4467	34	2	32	2
4468	34	2	34	0
4469	34	2	34	0
4470	34	2	32	2
4471	34	2	34	0
4472	38	2	9	29
4473	36	2	36	0
4474	34	2	33	1
4475	32	2	10	22
4476	34	2	34	0
4477	36	2	36	0
4478	34	2	34	0
4479	36	2	34	2
4480	36	2	34	2
4481	36	2	13	23
4482	34	2	33	1
4483	34	2	33	1
4484	36	2	33	3
4485	32	2	32	0
4486	36	2	36	0
4487	36	2	36	0
4488	38	2	35	3
4489	36	2	35	1
4490	32	2	32	0
4491	38	2	38	0
4492	34	2	31	3
4493	32	2	32	0
4494	38	2	38	0
4495	38	2	32	6
4496	38	2	37	1
4497	36	2	36	0
4498	36	2	36	0
4499	36	2	34	2
4500	36	2	34	2
4501	36	2	34	2
4502	36	2	33	3
4503	36	2	36	0
4504	34	2	34	0
4505	34	2	34	0
4506	38	2	32	6
4507	34	2	32	2
4508	36	2	36	0
4509	36	2	7	29
4510	34	2	8	26
4511	38	2	8	30
4512	34	2	33	1
4513	32	2	22	10
4514	36	2	11	25
4515	36	2	34	2
4516	36	2	36	0
4517	36	2	36	0
4518	32	2	30	2
4519	34	2	34	0
4520	36	2	35	1
4521	34	2	34	0
4522	32	2	32	0
4523	34	2	34	0
4524	36	2	8	28
4525	34	2	34	0
4526	36	2	35	1
4527	34	2	34	0
4528	30	2	30	0
4529	32	2	30	2
4530	36	2	10	26
4531	34	2	34	0
4532	34	2	34	0
4533	34	2	34	0
4534	38	2	36	2
4535	34	2	34	0
4536	34	2	25	9
4537	34	2	32	2
4538	36	2	13	23
4539	36	2	35	1
4540	36	2	36	0
4541	36	2	36	0
4542	34	2	32	2
4543	34	2	34	0
4544	36	2	35	1
4545	32	2	32	0
4546	32	2	30	2
4547	36	2	33	3
4548	36	2	35	1
4549	34	2	9	25
4550	36	2	35	1
4551	34	2	32	2
4552	36	2	30	6
4553	36	2	36	0
4554	34	2	30	4
4555	32	2	30	2
4556	34	2	32	2
4557	34	2	34	0
4558	32	2	32	0
4559	36	2	15	21
4560	38	2	38	0
4561	36	2	35	1
4562	34	2	32	2
4563	32	2	5	27
4564	34	2	33	1
4565	34	2	10	24
4566	36	2	36	0
4567	34	2	34	0
4568	34	2	32	2
4569	34	2	34	0
4570	36	2	14	22
4571	32	2	31	1
4572	32	2	32	0
4573	34	2	33	1
4574	32	2	30	2
4575	36	2	36	0
4576	36	2	36	0
4577	28	2	28	0
4578	38	2	37	1
4579	38	2	38	0
4580	38	2	38	0
4581	36	2	14	22
4582	32	2	32	0
4583	38	2	38	0
4584	36	2	34	2
4585	38	2	36	2
4586	34	2	2	32
4587	38	2	37	1
4588	34	2	34	0
4589	36	2	30	6
4590	34	2	32	2
4591	32	2	32	0
4592	34	2	11	23
4593	36	2	31	5
4594	36	2	10	26
4595	32	2	32	0
4596	30	2	28	2
4597	36	2	36	0
4598	36	2	14	22
4599	34	2	34	0
4600	38	2	37	1
4601	38	2	37	1
4602	38	2	38	0
4603	34	2	34	0
4604	32	2	32	0
4605	32	2	29	3
4606	32	2	32	0
4607	36	2	36	0
4608	36	2	36	0
4609	38	2	38	0
4610	34	2	34	0
4611	32	2	29	3
4612	36	2	36	0
4613	34	2	33	1
4614	34	2	32	2
4615	36	2	34	2
4616	36	2	36	0
4617	34	2	32	2
4618	36	2	36	0
4619	34	2	34	0
4620	34	2	34	0
4621	36	2	36	0
4622	34	2	33	1
4623	34	2	33	1
4624	36	2	36	0
4625	36	2	36	0
4626	38	2	9	29
4627	34	2	33	1
4628	34	2	32	2
4629	36	2	17	19
4630	36	2	34	2
4631	34	2	32	2
4632	36	2	13	23
4633	34	2	33	1
4634	36	2	35	1
4635	32	2	32	0
4636	36	2	32	4
4637	34	2	34	0
4638	34	2	30	4
4639	36	2	34	2
4640	36	2	34	2
4641	32	2	31	1
4642	38	2	36	2
4643	34	2	34	0
4644	32	2	32	0
4645	34	2	34	0
4646	38	2	37	1
4647	36	2	36	0
4648	32	2	32	0
4649	34	2	32	2
4650	34	2	34	0
4651	36	2	33	3
4652	34	2	32	2
4653	34	2	33	1
4654	36	2	10	26
4655	34	2	34	0
4656	36	2	36	0
4657	34	2	34	0
4658	34	2	33	1
4659	34	2	34	0
4660	32	2	30	2
4661	32	2	16	16
4662	32	2	30	2
4663	34	2	32	2
4664	38	2	9	29
4665	34	2	34	0
4666	32	2	30	2
4667	36	2	36	0
4668	32	2	30	2
4669	36	2	9	27
4670	36	2	35	1
4671	38	2	38	0
4672	36	2	36	0
4673	38	2	19	19
4674	34	2	34	0
4675	36	2	16	20
4676	38	2	36	2
4677	36	2	36	0
4678	36	2	36	0
4679	36	2	35	1
4680	34	2	34	0
4681	32	2	32	0
4682	34	2	33	1
4683	34	2	32	2
4684	36	2	32	4
4685	36	2	33	3
4686	34	2	25	9
4687	36	2	36	0
4688	36	2	35	1
4689	36	2	36	0
4690	34	2	34	0
4691	36	2	36	0
4692	38	2	36	2
4693	34	2	32	2
4694	32	2	32	0
4695	36	2	34	2
4696	36	2	34	2
4697	36	2	36	0
4698	38	2	38	0
4699	36	2	27	9
4700	36	2	35	1
4701	36	2	36	0
4702	36	2	36	0
4703	34	2	32	2
4704	38	2	38	0
4705	32	2	32	0
4706	38	2	38	0
4707	32	2	32	0
4708	36	2	35	1
4709	36	2	36	0
4710	38	2	38	0
4711	36	2	36	0
4712	38	2	34	4
4713	32	2	32	0
4714	36	2	31	5
4715	34	2	13	21
4716	34	2	34	0
4717	36	2	35	1
4718	36	2	9	27
4719	36	2	35	1
4720	34	2	32	2
4721	36	2	34	2
4722	36	2	36	0
4723	36	2	36	0
4724	38	2	38	0
4725	34	2	30	4
4726	36	2	35	1
4727	34	2	34	0
4728	32	2	28	4
4729	34	2	33	1
4730	36	2	8	28
4731	38	2	36	2
4732	32	2	32	0
4733	30	2	28	2
4734	32	2	32	0
4735	36	2	36	0
4736	34	2	33	1
4737	36	2	34	2
4738	34	2	34	0
4739	32	2	31	1
4740	38	2	36	2
4741	32	2	31	1
4742	30	2	29	1
4743	34	2	33	1
4744	30	2	29	1
4745	38	2	37	1
4746	38	2	38	0
4747	32	2	32	0
4748	34	2	19	15
4749	36	2	36	0
4750	38	2	38	0
4751	38	2	38	0
4752	30	2	30	0
4753	34	2	33	1
4754	36	2	36	0
4755	34	2	32	2
4756	38	2	36	2
4757	34	2	11	23
4758	34	2	34	0
4759	38	2	37	1
4760	34	2	23	11
4761	38	2	38	0
4762	34	2	32	2
4763	36	2	35	1
4764	36	2	35	1
4765	36	2	36	0
4766	34	2	33	1
4767	38	2	37	1
4768	32	2	32	0
4769	36	2	35	1
4770	34	2	34	0
4771	36	2	36	0
4772	34	2	33	1
4773	36	2	9	27
4774	34	2	34	0
4775	36	2	36	0
4776	36	2	35	1
4777	34	2	34	0
4778	32	2	8	24
4779	34	2	34	0
4780	36	2	10	26
4781	32	2	32	0
4782	32	2	32	0
4783	36	2	34	2
4784	34	2	34	0
4785	34	2	34	0
4786	36	2	36	0
4787	30	2	30	0
4788	34	2	32	2
4789	38	2	15	23
4790	38	2	35	3
4791	36	2	33	3
4792	34	2	18	16
4793	32	2	32	0
4794	34	2	34	0
4795	38	2	38	0
4796	38	2	9	29
4797	34	2	32	2
4798	32	2	32	0
4799	38	2	36	2
4800	36	2	36	0
4801	34	2	16	18
4802	36	2	34	2
4803	34	2	23	11
4804	34	2	34	0
4805	30	2	30	0
4806	32	2	29	3
4807	34	2	34	0
4808	36	2	34	2
4809	32	2	32	0
4810	34	2	34	0
4811	32	2	32	0
4812	34	2	24	10
4813	36	2	24	12
4814	34	2	32	2
4815	36	2	33	3
4816	32	2	32	0
4817	32	2	32	0
4818	32	2	31	1
4819	36	2	34	2
4820	32	2	8	24
4821	34	2	33	1
4822	36	2	10	26
4823	34	2	33	1
4824	34	2	34	0
4825	34	2	27	7
4826	36	2	32	4
4827	34	2	8	26
4828	34	2	34	0
4829	38	2	37	1
4830	36	2	35	1
4831	34	2	33	1
4832	34	2	32	2
4833	36	2	36	0
4834	36	2	36	0
4835	36	2	36	0
4836	34	2	33	1
4837	34	2	4	30
4838	38	2	29	9
4839	34	2	8	26
4840	36	2	8	28
4841	38	2	36	2
4842	36	2	36	0
4843	32	2	32	0
4844	34	2	33	1
4845	36	2	34	2
4846	34	2	31	3
4847	32	2	32	0
4848	36	2	36	0
4849	36	2	36	0
4850	38	2	36	2
4851	34	2	31	3
4852	36	2	36	0
4853	36	2	35	1
4854	38	2	38	0
4855	36	2	33	3
4856	30	2	30	0
4857	36	2	36	0
4858	32	2	32	0
4859	34	2	34	0
4860	36	2	36	0
4861	34	2	34	0
4862	36	2	36	0
4863	38	2	36	2
4864	38	2	14	24
4865	34	2	11	23
4866	36	2	36	0
4867	34	2	25	9
4868	34	2	34	0
4869	34	2	34	0
4870	32	2	32	0
4871	36	2	26	10
4872	36	2	32	4
4873	36	2	33	3
4874	34	2	32	2
4875	32	2	32	0
4876	36	2	36	0
4877	34	2	24	10
4878	36	2	34	2
4879	34	2	34	0
4880	38	2	37	1
4881	36	2	9	27
4882	36	2	1	35
4883	36	2	33	3
4884	36	2	36	0
4885	36	2	32	4
4886	34	2	33	1
4887	36	2	35	1
4888	34	2	34	0
4889	38	2	5	33
4890	36	2	35	1
4891	36	2	36	0
4892	34	2	32	2
4893	34	2	11	23
4894	38	2	36	2
4895	34	2	34	0
4896	36	2	10	26
4897	34	2	33	1
4898	34	2	29	5
4899	36	2	34	2
4900	36	2	36	0
4901	34	2	34	0
4902	34	2	33	1
4903	32	2	32	0
4904	38	2	38	0
4905	32	2	32	0
4906	32	2	31	1
4907	36	2	36	0
4908	34	2	34	0
4909	36	2	33	3
4910	36	2	36	0
4911	34	2	33	1
4912	38	2	37	1
4913	34	2	33	1
4914	36	2	36	0
4915	36	2	8	28
4916	34	2	33	1
4917	34	2	34	0
4918	34	2	31	3
4919	36	2	36	0
4920	36	2	34	2
4921	36	2	36	0
4922	34	2	34	0
4923	36	2	7	29
4924	36	2	36	0
4925	32	2	26	6
4926	36	2	36	0
4927	32	2	31	1
4928	34	2	34	0
4929	38	2	37	1
4930	32	2	32	0
4931	36	2	36	0
4932	36	2	36	0
4933	34	2	29	5
4934	34	2	28	6
4935	38	2	38	0
4936	34	2	31	3
4937	36	2	34	2
4938	36	2	36	0
4939	36	2	36	0
4940	36	2	36	0
4941	34	2	34	0
4942	36	2	35	1
4943	36	2	36	0
4944	36	2	36	0
4945	38	2	38	0
4946	38	2	38	0
4947	32	2	31	1
4948	34	2	32	2
4949	34	2	32	2
4950	34	2	34	0
4951	36	2	36	0
4952	36	2	8	28
4953	34	2	5	29
4954	36	2	36	0
4955	38	2	38	0
4956	38	2	36	2
4957	36	2	34	2
4958	36	2	13	23
4959	38	2	21	17
4960	32	2	32	0
4961	34	2	32	2
4962	36	2	36	0
4963	36	2	33	3
4964	36	2	36	0
4965	36	2	36	0
4966	30	2	21	9
4967	34	2	33	1
4968	36	2	36	0
4969	34	2	34	0
4970	32	2	32	0
4971	32	2	29	3
4972	32	2	32	0
4973	32	2	30	2
4974	36	2	30	6
4975	34	2	31	3
4976	34	2	32	2
4977	38	2	38	0
4978	34	2	17	17
4979	34	2	34	0
4980	38	2	35	3
4981	36	2	36	0
4982	36	2	36	0
4983	38	2	38	0
4984	36	2	36	0
4985	30	2	30	0
4986	34	2	32	2
4987	36	2	13	23
4988	36	2	34	2
4989	38	2	37	1
4990	38	2	38	0
4991	34	2	33	1
4992	32	2	32	0
4993	34	2	32	2
4994	34	2	33	1
4995	36	2	34	2
4996	36	2	29	7
4997	34	2	32	2
4998	36	2	36	0
4999	32	2	30	2
5000	38	2	37	1
5001	36	2	35	1
5002	38	2	38	0
5003	34	2	32	2
5004	32	2	31	1
5005	34	2	34	0
5006	38	2	37	1
5007	34	2	34	0
5008	36	2	36	0
5009	34	2	33	1
5010	38	2	38	0
5011	36	2	36	0
5012	36	2	36	0
5013	36	2	36	0
5014	36	2	36	0
5015	34	2	11	23
5016	38	2	36	2
5017	34	2	34	0
5018	36	2	34	2
5019	34	2	30	4
5020	36	2	35	1
5021	32	2	10	22
5022	36	2	36	0
5023	34	2	34	0
5024	36	2	36	0
5025	32	2	32	0
5026	34	2	34	0
5027	36	2	36	0
5028	34	2	32	2
5029	36	2	33	3
5030	32	2	32	0
5031	36	2	7	29
5032	38	2	38	0
5033	36	2	36	0
5034	34	2	5	29
5035	34	2	34	0
5036	38	2	38	0
5037	36	2	36	0
5038	38	2	38	0
5039	36	2	22	14
5040	34	2	31	3
5041	36	2	36	0
5042	34	2	31	3
5043	36	2	35	1
5044	36	2	36	0
5045	36	2	35	1
5046	34	2	34	0
5047	36	2	33	3
5048	32	2	32	0
5049	38	2	37	1
5050	36	2	36	0
5051	34	2	34	0
5052	34	2	32	2
5053	32	2	30	2
5054	36	2	33	3
5055	36	2	36	0
5056	34	2	33	1
5057	34	2	34	0
5058	36	2	36	0
5059	34	2	33	1
5060	34	2	33	1
5061	34	2	34	0
5062	36	2	36	0
5063	38	2	35	3
5064	30	2	29	1
5065	36	2	35	1
5066	38	2	38	0
5067	36	2	33	3
5068	36	2	9	27
5069	34	2	34	0
5070	36	2	30	6
5071	32	2	14	18
5072	36	2	33	3
5073	34	2	10	24
5074	36	2	35	1
5075	34	2	31	3
5076	34	2	33	1
5077	32	2	32	0
5078	34	2	33	1
5079	36	2	34	2
5080	32	2	32	0
5081	34	2	34	0
5082	34	2	16	18
5083	34	2	34	0
5084	36	2	36	0
5085	34	2	34	0
5086	34	2	34	0
5087	34	2	18	16
5088	32	2	31	1
5089	34	2	32	2
5090	36	2	36	0
5091	34	2	34	0
5092	34	2	34	0
5093	38	2	36	2
5094	34	2	34	0
5095	32	2	32	0
5096	34	2	34	0
5097	38	2	37	1
5098	34	2	33	1
5099	34	2	34	0
5100	36	2	29	7
5101	32	2	32	0
5102	36	2	14	22
5103	34	2	15	19
5104	34	2	34	0
5105	34	2	34	0
5106	32	2	29	3
5107	36	2	36	0
5108	34	2	34	0
5109	34	2	32	2
5110	32	2	32	0
5111	38	2	37	1
5112	38	2	36	2
5113	36	2	36	0
5114	36	2	35	1
5115	34	2	34	0
5116	36	2	34	2
5117	34	2	34	0
5118	36	2	19	17
5119	34	2	22	12
5120	36	2	34	2
5121	34	2	34	0
5122	30	2	28	2
5123	36	2	27	9
5124	36	2	20	16
5125	36	2	32	4
5126	32	2	12	20
5127	34	2	33	1
5128	38	2	35	3
5129	34	2	34	0
5130	34	2	34	0
5131	34	2	10	24
5132	38	2	37	1
5133	36	2	36	0
5134	38	2	35	3
5135	36	2	36	0
5136	36	2	34	2
5137	34	2	34	0
5138	36	2	36	0
5139	38	2	38	0
5140	36	2	36	0
5141	36	2	36	0
5142	32	2	30	2
5143	34	2	34	0
5144	34	2	33	1
5145	36	2	36	0
5146	34	2	13	21
5147	36	2	35	1
5148	34	2	9	25
5149	34	2	34	0
5150	36	2	27	9
5151	36	2	36	0
5152	36	2	36	0
5153	34	2	34	0
5154	36	2	34	2
5155	36	2	34	2
5156	32	2	32	0
5157	34	2	33	1
5158	34	2	34	0
5159	36	2	3	33
5160	38	2	38	0
5161	36	2	36	0
5162	36	2	35	1
5163	32	2	6	26
5164	32	2	30	2
5165	36	2	36	0
5166	34	2	33	1
5167	32	2	32	0
5168	38	2	36	2
5169	32	2	32	0
5170	36	2	36	0
5171	32	2	5	27
5172	36	2	35	1
5173	36	2	36	0
5174	34	2	32	2
5175	38	2	36	2
5176	38	2	38	0
5177	36	2	36	0
5178	32	2	31	1
5179	36	2	35	1
5180	32	2	12	20
5181	30	2	30	0
5182	32	2	32	0
5183	28	2	28	0
5184	32	2	31	1
5185	34	2	34	0
5186	32	2	32	0
5187	34	2	33	1
5188	36	2	36	0
5189	32	2	32	0
5190	36	2	33	3
5191	36	2	34	2
5192	32	2	17	15
5193	36	2	36	0
5194	38	2	38	0
5195	38	2	38	0
5196	36	2	36	0
5197	36	2	36	0
5198	38	2	38	0
5199	38	2	37	1
5200	30	2	28	2
5201	34	2	33	1
5202	32	2	29	3
5203	36	2	20	16
5204	36	2	35	1
5205	38	2	38	0
5206	36	2	34	2
5207	32	2	30	2
5208	36	2	34	2
5209	36	2	36	0
5210	34	2	34	0
5211	36	2	34	2
5212	36	2	36	0
5213	36	2	9	27
5214	34	2	33	1
5215	36	2	35	1
5216	34	2	34	0
5217	36	2	36	0
5218	34	2	33	1
5219	36	2	35	1
5220	34	2	33	1
5221	34	2	34	0
5222	36	2	36	0
5223	36	2	34	2
5224	38	2	38	0
5225	34	2	30	4
5226	34	2	32	2
5227	34	2	32	2
5228	34	2	34	0
5229	34	2	34	0
5230	36	2	36	0
5231	36	2	36	0
5232	36	2	36	0
5233	34	2	29	5
5234	38	2	18	20
5235	30	2	30	0
5236	34	2	33	1
5237	32	2	32	0
5238	34	2	30	4
5239	36	2	31	5
5240	36	2	33	3
5241	34	2	34	0
5242	34	2	34	0
5243	32	2	32	0
5244	34	2	34	0
5245	34	2	17	17
5246	34	2	28	6
5247	36	2	35	1
5248	34	2	34	0
5249	36	2	36	0
5250	34	2	32	2
5251	36	2	36	0
5252	34	2	32	2
5253	34	2	33	1
5254	38	2	38	0
5255	34	2	32	2
5256	38	2	22	16
5257	32	2	29	3
5258	30	2	30	0
5259	36	2	34	2
5260	36	2	32	4
5261	38	2	38	0
5262	38	2	38	0
5263	36	2	35	1
5264	36	2	35	1
5265	36	2	36	0
5266	34	2	32	2
5267	34	2	32	2
5268	32	2	30	2
5269	34	2	34	0
5270	32	2	16	16
5271	34	2	33	1
5272	34	2	33	1
5273	38	2	38	0
5274	36	2	36	0
5275	38	2	24	14
5276	34	2	34	0
5277	34	2	34	0
5278	34	2	34	0
5279	36	2	34	2
5280	36	2	34	2
5281	32	2	32	0
5282	38	2	9	29
5283	34	2	4	30
5284	32	2	15	17
5285	34	2	33	1
5286	36	2	36	0
5287	36	2	36	0
5288	32	2	32	0
5289	34	2	31	3
5290	32	2	32	0
5291	38	2	38	0
5292	34	2	34	0
5293	36	2	35	1
5294	36	2	34	2
5295	36	2	36	0
5296	36	2	36	0
5297	36	2	10	26
5298	32	2	31	1
5299	34	2	34	0
5300	32	2	22	10
5301	36	2	36	0
5302	36	2	35	1
5303	34	2	34	0
5304	36	2	35	1
5305	38	2	36	2
5306	34	2	25	9
5307	36	2	36	0
5308	32	2	30	2
5309	32	2	9	23
5310	34	2	32	2
5311	36	2	36	0
5312	36	2	35	1
5313	38	2	38	0
5314	34	2	34	0
5315	32	2	32	0
5316	36	2	35	1
5317	36	2	35	1
5318	32	2	32	0
5319	36	2	36	0
5320	34	2	15	19
5321	38	2	38	0
5322	34	2	33	1
5323	36	2	36	0
5324	38	2	38	0
5325	34	2	5	29
5326	34	2	34	0
5327	34	2	28	6
5328	38	2	6	32
5329	36	2	36	0
5330	32	2	32	0
5331	36	2	36	0
5332	38	2	9	29
5333	34	2	10	24
5334	34	2	34	0
5335	32	2	29	3
5336	36	2	36	0
5337	32	2	30	2
5338	36	2	36	0
5339	36	2	34	2
5340	36	2	34	2
5341	34	2	34	0
5342	36	2	36	0
5343	36	2	36	0
5344	34	2	34	0
5345	36	2	36	0
5346	34	2	25	9
5347	34	2	34	0
5348	36	2	9	27
5349	36	2	36	0
5350	36	2	29	7
5351	34	2	34	0
5352	38	2	34	4
5353	36	2	34	2
5354	36	2	34	2
5355	34	2	34	0
5356	34	2	34	0
5357	34	2	34	0
5358	34	2	34	0
5359	36	2	35	1
5360	34	2	34	0
5361	36	2	36	0
5362	36	2	35	1
5363	36	2	36	0
5364	38	2	36	2
5365	34	2	34	0
5366	34	2	25	9
5367	34	2	34	0
5368	34	2	34	0
5369	34	2	34	0
5370	38	2	38	0
5371	34	2	34	0
5372	32	2	30	2
5373	38	2	21	17
5374	38	2	31	7
5375	32	2	31	1
5376	36	2	36	0
5377	36	2	36	0
5378	32	2	30	2
5379	36	2	33	3
5380	38	2	38	0
5381	34	2	7	27
5382	36	2	34	2
5383	34	2	2	32
5384	38	2	37	1
5385	34	2	34	0
5386	32	2	29	3
5387	36	2	36	0
5388	34	2	34	0
5389	36	2	36	0
5390	34	2	26	8
5391	38	2	37	1
5392	34	2	34	0
5393	38	2	38	0
5394	34	2	10	24
5395	36	2	36	0
5396	36	2	36	0
5397	38	2	38	0
5398	38	2	38	0
5399	38	2	38	0
5400	36	2	34	2
5401	30	2	30	0
5402	36	2	36	0
5403	36	2	36	0
5404	38	2	38	0
5405	36	2	34	2
5406	32	2	32	0
5407	32	2	32	0
5408	34	2	33	1
5409	38	2	38	0
5410	34	2	18	16
5411	38	2	36	2
5412	38	2	36	2
5413	32	2	32	0
5414	36	2	36	0
5415	34	2	9	25
5416	38	2	38	0
5417	32	2	32	0
5418	36	2	34	2
5419	38	2	12	26
5420	34	2	32	2
5421	38	2	38	0
5422	32	2	32	0
5423	38	2	38	0
5424	36	2	36	0
5425	32	2	6	26
5426	34	2	34	0
5427	38	2	38	0
5428	36	2	35	1
5429	36	2	36	0
5430	34	2	33	1
5431	38	2	36	2
5432	36	2	34	2
5433	38	2	37	1
5434	34	2	32	2
5435	34	2	32	2
5436	34	2	34	0
5437	34	2	33	1
5438	38	2	38	0
5439	34	2	33	1
5440	36	2	36	0
5441	34	2	34	0
5442	34	2	34	0
5443	34	2	32	2
5444	32	2	30	2
5445	34	2	0	34
5446	36	2	36	0
5447	36	2	36	0
5448	32	2	31	1
5449	34	2	30	4
5450	32	2	32	0
5451	34	2	32	2
5452	36	2	35	1
5453	34	2	34	0
5454	38	2	34	4
5455	38	2	36	2
5456	34	2	32	2
5457	34	2	34	0
5458	32	2	9	23
5459	36	2	36	0
5460	36	2	35	1
5461	34	2	9	25
5462	36	2	36	0
5463	38	2	24	14
5464	34	2	34	0
5465	38	2	38	0
5466	36	2	22	14
5467	34	2	10	24
5468	34	2	34	0
5469	34	2	34	0
5470	38	2	38	0
5471	36	2	36	0
5472	32	2	32	0
5473	38	2	38	0
5474	38	2	36	2
5475	36	2	8	28
5476	36	2	9	27
5477	36	2	8	28
5478	36	2	34	2
5479	38	2	6	32
5480	32	2	29	3
5481	36	2	3	33
5482	34	2	34	0
5483	34	2	34	0
5484	36	2	36	0
5485	34	2	32	2
5486	36	2	36	0
5487	36	2	35	1
5488	36	2	13	23
5489	36	2	8	28
5490	32	2	5	27
5491	38	2	15	23
5492	32	2	32	0
5493	38	2	35	3
5494	38	2	4	34
5495	36	2	36	0
5496	36	2	36	0
5497	34	2	9	25
5498	34	2	34	0
5499	34	2	34	0
5500	36	2	36	0
5501	34	2	34	0
5502	38	2	38	0
5503	34	2	34	0
5504	34	2	33	1
5505	36	2	36	0
5506	36	2	34	2
5507	36	2	28	8
5508	36	2	35	1
5509	38	2	38	0
5510	34	2	11	23
5511	38	2	6	32
5512	34	2	33	1
5513	32	2	30	2
5514	34	2	33	1
5515	32	2	31	1
5516	38	2	38	0
5517	36	2	34	2
5518	38	2	38	0
5519	32	2	30	2
5520	34	2	34	0
5521	36	2	34	2
5522	38	2	36	2
5523	38	2	38	0
5524	38	2	35	3
5525	34	2	8	26
5526	32	2	6	26
5527	34	2	15	19
5528	36	2	36	0
5529	38	2	30	8
5530	38	2	36	2
5531	34	2	34	0
5532	36	2	9	27
5533	34	2	34	0
5534	36	2	35	1
5535	34	2	33	1
5536	34	2	32	2
5537	30	2	30	0
5538	36	2	34	2
5539	34	2	7	27
5540	36	2	34	2
5541	38	2	38	0
5542	32	2	30	2
5543	34	2	33	1
5544	34	2	33	1
5545	34	2	34	0
5546	38	2	30	8
5547	32	2	32	0
5548	32	2	30	2
5549	36	2	36	0
5550	36	2	33	3
5551	34	2	14	20
5552	32	2	32	0
5553	38	2	36	2
5554	34	2	34	0
5555	32	2	26	6
5556	36	2	36	0
5557	34	2	32	2
5558	38	2	38	0
5559	34	2	11	23
5560	38	2	37	1
5561	34	2	34	0
5562	34	2	32	2
5563	34	2	34	0
5564	34	2	13	21
5565	34	2	30	4
5566	38	2	35	3
5567	34	2	34	0
5568	32	2	30	2
5569	32	2	31	1
5570	32	2	32	0
5571	36	2	36	0
5572	36	2	34	2
5573	34	2	34	0
5574	36	2	32	4
5575	36	2	36	0
5576	34	2	31	3
5577	36	2	15	21
5578	32	2	32	0
5579	36	2	36	0
5580	36	2	34	2
5581	36	2	35	1
5582	36	2	36	0
5583	36	2	36	0
5584	34	2	34	0
5585	36	2	35	1
5586	30	2	30	0
5587	34	2	33	1
5588	36	2	34	2
5589	36	2	34	2
5590	32	2	31	1
5591	36	2	28	8
5592	36	2	35	1
5593	32	2	32	0
5594	38	2	36	2
5595	34	2	34	0
5596	32	2	29	3
5597	38	2	38	0
5598	36	2	36	0
5599	34	2	32	2
5600	32	2	31	1
5601	38	2	7	31
5602	34	2	34	0
5603	38	2	38	0
5604	36	2	36	0
5605	36	2	35	1
5606	32	2	29	3
5607	34	2	33	1
5608	34	2	34	0
5609	38	2	20	18
5610	32	2	30	2
5611	36	2	9	27
5612	36	2	35	1
5613	34	2	33	1
5614	34	2	34	0
5615	34	2	34	0
5616	36	2	35	1
5617	32	2	32	0
5618	36	2	34	2
5619	32	2	32	0
5620	30	2	30	0
5621	32	2	26	6
5622	34	2	34	0
5623	38	2	36	2
5624	38	2	36	2
5625	36	2	35	1
5626	34	2	13	21
5627	32	2	32	0
5628	34	2	31	3
5629	30	2	30	0
5630	36	2	36	0
5631	32	2	32	0
5632	32	2	31	1
5633	38	2	38	0
5634	36	2	34	2
5635	34	2	34	0
5636	38	2	37	1
5637	36	2	36	0
5638	36	2	32	4
5639	38	2	38	0
5640	32	2	30	2
5641	34	2	33	1
5642	36	2	36	0
5643	38	2	38	0
5644	36	2	9	27
5645	34	2	33	1
5646	36	2	36	0
5647	36	2	36	0
5648	38	2	37	1
5649	36	2	35	1
5650	38	2	38	0
5651	36	2	34	2
5652	38	2	37	1
5653	36	2	36	0
5654	30	2	30	0
5655	38	2	38	0
5656	34	2	31	3
5657	38	2	37	1
5658	36	2	31	5
5659	36	2	36	0
5660	36	2	36	0
5661	34	2	34	0
5662	36	2	36	0
5663	34	2	33	1
5664	34	2	31	3
5665	36	2	34	2
5666	36	2	36	0
5667	34	2	34	0
5668	32	2	31	1
5669	34	2	34	0
5670	32	2	32	0
5671	36	2	35	1
5672	32	2	24	8
5673	32	2	32	0
5674	34	2	31	3
5675	38	2	33	5
5676	34	2	34	0
5677	34	2	25	9
5678	30	2	29	1
5679	34	2	33	1
5680	38	2	36	2
5681	34	2	34	0
5682	32	2	32	0
5683	36	2	36	0
5684	34	2	24	10
5685	34	2	34	0
5686	32	2	30	2
5687	38	2	38	0
5688	36	2	36	0
5689	34	2	20	14
5690	32	2	30	2
5691	36	2	36	0
5692	36	2	36	0
5693	34	2	34	0
5694	38	2	38	0
5695	36	2	34	2
5696	32	2	32	0
5697	34	2	34	0
5698	34	2	33	1
5699	38	2	38	0
5700	36	2	8	28
5701	36	2	36	0
5702	36	2	35	1
5703	38	2	9	29
5704	32	2	31	1
5705	32	2	32	0
5706	36	2	36	0
5707	38	2	37	1
5708	36	2	36	0
5709	38	2	36	2
5710	38	2	10	28
5711	36	2	15	21
5712	36	2	35	1
5713	30	2	30	0
5714	34	2	34	0
5715	34	2	6	28
5716	36	2	36	0
5717	36	2	36	0
5718	38	2	38	0
5719	36	2	35	1
5720	34	2	32	2
5721	34	2	34	0
5722	32	2	11	21
5723	34	2	34	0
5724	34	2	4	30
5725	34	2	34	0
5726	32	2	32	0
5727	32	2	31	1
5728	38	2	38	0
5729	36	2	35	1
5730	36	2	36	0
5731	36	2	34	2
5732	36	2	34	2
5733	34	2	33	1
5734	32	2	32	0
5735	38	2	37	1
5736	34	2	33	1
5737	34	2	31	3
5738	34	2	34	0
5739	38	2	38	0
5740	34	2	33	1
5741	36	2	36	0
5742	34	2	34	0
5743	34	2	32	2
5744	36	2	36	0
5745	36	2	36	0
5746	34	2	8	26
5747	38	2	35	3
5748	38	2	9	29
5749	34	2	34	0
5750	38	2	36	2
5751	34	2	34	0
5752	34	2	34	0
5753	36	2	35	1
5754	36	2	36	0
5755	38	2	35	3
5756	36	2	36	0
5757	32	2	9	23
5758	34	2	34	0
5759	38	2	35	3
5760	34	2	33	1
5761	34	2	34	0
5762	36	2	36	0
5763	28	2	28	0
5764	36	2	35	1
5765	36	2	33	3
5766	34	2	32	2
5767	38	2	38	0
5768	34	2	10	24
5769	36	2	36	0
5770	36	2	36	0
5771	36	2	35	1
5772	36	2	35	1
5773	34	2	34	0
5774	38	2	32	6
5775	32	2	31	1
5776	34	2	33	1
5777	34	2	34	0
5778	34	2	34	0
5779	38	2	38	0
5780	36	2	36	0
5781	34	2	21	13
5782	34	2	34	0
5783	30	2	30	0
5784	34	2	32	2
5785	38	2	36	2
5786	36	2	34	2
5787	32	2	31	1
5788	32	2	10	22
5789	34	2	29	5
5790	36	2	34	2
5791	36	2	36	0
5792	34	2	31	3
5793	36	2	35	1
5794	34	2	34	0
5795	34	2	34	0
5796	36	2	36	0
5797	38	2	37	1
5798	36	2	36	0
5799	34	2	32	2
5800	36	2	34	2
5801	36	2	10	26
5802	34	2	32	2
5803	34	2	34	0
5804	34	2	34	0
5805	36	2	36	0
5806	36	2	34	2
5807	34	2	32	2
5808	36	2	33	3
5809	36	2	36	0
5810	34	2	17	17
5811	34	2	34	0
5812	38	2	36	2
5813	34	2	31	3
5814	36	2	29	7
5815	36	2	36	0
5816	36	2	34	2
5817	34	2	34	0
5818	32	2	32	0
5819	36	2	35	1
5820	32	2	13	19
5821	36	2	36	0
5822	38	2	38	0
5823	36	2	36	0
5824	36	2	8	28
5825	30	2	29	1
5826	32	2	30	2
5827	32	2	32	0
5828	34	2	33	1
5829	36	2	36	0
5830	34	2	33	1
5831	34	2	34	0
5832	36	2	13	23
5833	38	2	25	13
5834	34	2	32	2
5835	34	2	32	2
5836	34	2	34	0
5837	32	2	31	1
5838	34	2	9	25
5839	36	2	12	24
5840	36	2	34	2
5841	38	2	37	1
5842	36	2	36	0
5843	34	2	34	0
5844	36	2	36	0
5845	34	2	7	27
5846	34	2	6	28
5847	34	2	33	1
5848	32	2	30	2
5849	38	2	36	2
5850	34	2	32	2
5851	36	2	19	17
5852	34	2	33	1
5853	30	2	6	24
5854	38	2	36	2
5855	32	2	32	0
5856	34	2	32	2
5857	36	2	36	0
5858	36	2	36	0
5859	36	2	36	0
5860	34	2	34	0
5861	30	2	29	1
5862	38	2	20	18
5863	34	2	32	2
5864	34	2	34	0
5865	36	2	11	25
5866	36	2	28	8
5867	36	2	18	18
5868	36	2	36	0
5869	30	2	28	2
5870	34	2	26	8
5871	34	2	34	0
5872	38	2	35	3
5873	34	2	33	1
5874	36	2	28	8
5875	36	2	7	29
5876	36	2	34	2
5877	34	2	32	2
5878	36	2	36	0
5879	36	2	36	0
5880	34	2	34	0
5881	34	2	29	5
5882	34	2	25	9
5883	32	2	28	4
5884	32	2	32	0
5885	32	2	30	2
5886	36	2	36	0
5887	36	2	26	10
5888	34	2	27	7
5889	36	2	36	0
5890	32	2	27	5
5891	36	2	35	1
5892	36	2	14	22
5893	38	2	33	5
5894	36	2	35	1
5895	36	2	36	0
5896	36	2	4	32
5897	34	2	32	2
5898	36	2	16	20
5899	36	2	10	26
5900	36	2	29	7
5901	36	2	36	0
5902	34	2	32	2
5903	32	2	23	9
5904	34	2	34	0
5905	38	2	12	26
5906	38	2	35	3
5907	38	2	37	1
5908	34	2	34	0
5909	32	2	30	2
5910	34	2	32	2
5911	34	2	28	6
5912	36	2	34	2
5913	38	2	35	3
5914	36	2	35	1
5915	38	2	14	24
5916	34	2	2	32
5917	36	2	34	2
5918	32	2	26	6
5919	38	2	37	1
5920	32	2	10	22
5921	34	2	17	17
5922	38	2	38	0
5923	32	2	8	24
5924	38	2	37	1
5925	36	2	36	0
5926	36	2	36	0
5927	34	2	33	1
5928	34	2	34	0
5929	36	2	36	0
5930	36	2	35	1
5931	38	2	38	0
5932	36	2	36	0
5933	34	2	32	2
5934	38	2	31	7
5935	34	2	34	0
5936	32	2	32	0
5937	36	2	35	1
5938	36	2	36	0
5939	36	2	36	0
5940	36	2	28	8
5941	36	2	36	0
5942	34	2	19	15
5943	28	2	28	0
5944	36	2	32	4
5945	30	2	29	1
5946	36	2	36	0
5947	38	2	36	2
5948	34	2	12	22
5949	36	2	24	12
5950	36	2	35	1
5951	36	2	36	0
5952	30	2	30	0
5953	34	2	8	26
5954	38	2	38	0
5955	32	2	32	0
5956	28	2	27	1
5957	36	2	35	1
5958	36	2	35	1
5959	34	2	34	0
5960	38	2	38	0
5961	36	2	34	2
5962	36	2	34	2
5963	34	2	34	0
5964	36	2	34	2
5965	32	2	32	0
5966	38	2	36	2
5967	32	2	32	0
5968	34	2	34	0
5969	34	2	34	0
5970	36	2	36	0
5971	36	2	36	0
5972	34	2	33	1
5973	38	2	10	28
5974	38	2	38	0
5975	34	2	33	1
5976	36	2	36	0
5977	34	2	34	0
5978	36	2	36	0
5979	32	2	32	0
5980	34	2	31	3
5981	38	2	34	4
5982	30	2	30	0
5983	34	2	32	2
5984	38	2	36	2
5985	38	2	38	0
5986	38	2	35	3
5987	34	2	9	25
5988	36	2	33	3
5989	36	2	35	1
5990	36	2	36	0
5991	36	2	27	9
5992	36	2	36	0
5993	32	2	31	1
5994	32	2	30	2
5995	34	2	8	26
5996	34	2	34	0
5997	36	2	34	2
5998	38	2	25	13
5999	34	2	33	1
6000	36	2	35	1
6001	34	2	33	1
6002	34	2	33	1
6003	36	2	35	1
6004	36	2	36	0
6005	36	2	36	0
6006	36	2	36	0
6007	36	2	8	28
6008	34	2	34	0
6009	36	2	36	0
6010	36	2	21	15
6011	38	2	38	0
6012	38	2	37	1
6013	36	2	31	5
6014	36	2	10	26
6015	36	2	36	0
6016	38	2	38	0
6017	32	2	31	1
6018	38	2	36	2
6019	34	2	34	0
6020	32	2	8	24
6021	36	2	34	2
6022	36	2	36	0
6023	32	2	32	0
6024	38	2	36	2
6025	36	2	36	0
6026	32	2	32	0
6027	36	2	26	10
6028	38	2	27	11
6029	38	2	11	27
6030	34	2	32	2
6031	36	2	35	1
6032	32	2	32	0
6033	34	2	34	0
6034	36	2	35	1
6035	38	2	38	0
6036	38	2	26	12
6037	36	2	36	0
6038	32	2	24	8
6039	36	2	19	17
6040	36	2	34	2
6041	32	2	32	0
6042	34	2	34	0
6043	36	2	12	24
6044	32	2	22	10
6045	36	2	34	2
6046	32	2	29	3
6047	36	2	36	0
6048	34	2	32	2
6049	32	2	22	10
6050	38	2	38	0
6051	36	2	12	24
6052	34	2	34	0
6053	36	2	32	4
6054	38	2	19	19
6055	34	2	34	0
6056	36	2	22	14
6057	34	2	28	6
6058	38	2	25	13
6059	38	2	38	0
6060	38	2	20	18
6061	36	2	36	0
6062	38	2	19	19
6063	34	2	31	3
6064	36	2	20	16
6065	34	2	31	3
6066	36	2	19	17
6067	36	2	24	12
6068	36	2	34	2
6069	38	2	37	1
6070	34	2	23	11
6071	38	2	17	21
6072	38	2	34	4
6073	36	2	23	13
6074	32	2	16	16
6075	36	2	23	13
6076	38	2	35	3
6077	38	2	38	0
6078	34	2	34	0
6079	38	2	33	5
6080	36	2	35	1
6081	36	2	36	0
6082	32	2	5	27
6083	34	2	30	4
6084	34	2	34	0
6085	34	2	22	12
6086	36	2	34	2
6087	38	2	38	0
6088	36	2	33	3
6089	30	2	30	0
6090	38	2	28	10
6091	36	2	36	0
6092	36	2	35	1
6093	36	2	36	0
6094	36	2	4	32
6095	36	2	36	0
6096	38	2	37	1
6097	36	2	34	2
6098	38	2	37	1
