1	68	2	64	4
2	68	2	67	1
3	68	2	2	66
4	66	2	65	1
5	66	2	3	63
6	66	2	50	16
7	64	2	2	62
8	66	2	2	64
9	62	2	2	60
10	68	2	66	2
11	64	2	62	2
12	66	2	3	63
13	66	2	66	0
14	66	2	59	7
15	64	2	2	62
16	68	2	2	66
17	66	2	66	0
18	64	2	64	0
19	66	2	4	62
20	66	2	66	0
21	68	2	5	63
22	68	2	36	32
23	66	2	63	3
24	68	2	3	65
25	64	2	2	62
26	62	2	2	60
27	72	2	0	72
28	64	2	9	55
29	62	2	41	21
30	64	2	62	2
31	68	2	24	44
32	60	2	3	57
33	64	2	62	2
34	60	2	2	58
35	66	2	61	5
36	66	2	64	2
37	66	2	2	64
38	62	2	60	2
39	66	2	7	59
40	62	2	0	62
41	68	2	62	6
42	68	2	68	0
43	64	2	3	61
44	62	2	3	59
45	66	2	59	7
46	64	2	0	64
47	62	2	59	3
48	64	2	0	64
49	68	2	64	4
50	66	2	48	18
51	62	2	59	3
52	66	2	6	60
53	64	2	2	62
54	68	2	2	66
55	66	2	64	2
56	70	2	63	7
57	66	2	61	5
58	70	2	68	2
59	68	2	66	2
60	62	2	2	60
61	62	2	59	3
62	68	2	65	3
63	66	2	63	3
64	64	2	2	62
65	66	2	3	63
66	64	2	63	1
67	62	2	60	2
68	66	2	63	3
69	66	2	63	3
70	62	2	62	0
71	64	2	56	8
72	66	2	64	2
73	66	2	13	53
74	68	2	60	8
75	68	2	57	11
76	68	2	68	0
77	66	2	6	60
78	66	2	66	0
79	68	2	6	62
80	70	2	29	41
81	64	2	62	2
82	68	2	68	0
83	70	2	3	67
84	64	2	3	61
85	68	2	2	66
86	64	2	0	64
87	66	2	2	64
88	66	2	5	61
89	66	2	56	10
90	64	2	14	50
91	66	2	2	64
92	68	2	7	61
93	68	2	66	2
94	64	2	40	24
95	66	2	3	63
96	66	2	66	0
97	64	2	3	61
98	62	2	54	8
99	68	2	4	64
100	64	2	2	62
101	64	2	61	3
102	64	2	4	60
103	62	2	60	2
104	62	2	2	60
105	70	2	0	70
106	66	2	3	63
107	66	2	63	3
108	66	2	65	1
109	66	2	64	2
110	68	2	4	64
111	70	2	15	55
112	70	2	2	68
113	64	2	64	0
114	66	2	54	12
115	66	2	16	50
116	62	2	62	0
117	66	2	0	66
118	66	2	36	30
119	64	2	2	62
120	66	2	65	1
121	64	2	2	62
122	70	2	3	67
123	68	2	66	2
124	64	2	0	64
125	68	2	32	36
126	68	2	68	0
127	68	2	47	21
128	64	2	64	0
129	66	2	65	1
130	66	2	2	64
131	64	2	3	61
132	62	2	32	30
133	66	2	66	0
134	68	2	2	66
135	70	2	70	0
136	68	2	65	3
137	60	2	59	1
138	66	2	65	1
139	64	2	28	36
140	62	2	61	1
141	70	2	0	70
142	66	2	66	0
143	66	2	21	45
144	66	2	6	60
145	68	2	68	0
146	66	2	66	0
147	68	2	54	14
148	66	2	43	23
149	66	2	64	2
150	64	2	2	62
151	62	2	57	5
152	62	2	58	4
153	60	2	57	3
154	68	2	68	0
155	64	2	64	0
156	70	2	0	70
157	68	2	2	66
158	62	2	60	2
159	64	2	62	2
160	70	2	70	0
161	64	2	62	2
162	68	2	66	2
163	66	2	63	3
164	66	2	64	2
165	60	2	57	3
166	70	2	65	5
167	66	2	64	2
168	64	2	64	0
169	66	2	66	0
170	66	2	3	63
171	66	2	64	2
172	64	2	60	4
173	66	2	66	0
174	68	2	64	4
175	70	2	3	67
176	64	2	2	62
177	64	2	61	3
178	68	2	60	8
179	68	2	64	4
180	62	2	60	2
181	64	2	2	62
182	66	2	2	64
183	66	2	62	4
184	66	2	64	2
185	62	2	61	1
186	68	2	3	65
187	70	2	68	2
188	68	2	64	4
189	64	2	55	9
190	66	2	4	62
191	66	2	64	2
192	64	2	2	62
193	66	2	66	0
194	70	2	3	67
195	68	2	66	2
196	64	2	2	62
197	62	2	2	60
198	66	2	3	63
199	68	2	2	66
200	66	2	1	65
201	64	2	2	62
202	62	2	18	44
203	68	2	0	68
204	64	2	2	62
205	66	2	43	23
206	66	2	2	64
207	68	2	0	68
208	64	2	64	0
209	70	2	68	2
210	68	2	68	0
211	64	2	62	2
212	64	2	60	4
213	68	2	53	15
214	68	2	28	40
215	62	2	3	59
216	64	2	2	62
217	68	2	66	2
218	66	2	61	5
219	62	2	2	60
220	66	2	2	64
221	66	2	40	26
222	66	2	0	66
223	64	2	64	0
224	66	2	58	8
225	68	2	65	3
226	68	2	2	66
227	64	2	3	61
228	66	2	4	62
229	64	2	62	2
230	66	2	17	49
231	66	2	66	0
232	66	2	10	56
233	70	2	40	30
234	66	2	39	27
235	64	2	64	0
236	66	2	0	66
237	64	2	64	0
238	68	2	31	37
239	66	2	66	0
240	62	2	2	60
241	66	2	64	2
242	66	2	64	2
243	68	2	68	0
244	68	2	5	63
245	62	2	59	3
246	62	2	2	60
247	68	2	0	68
248	66	2	6	60
249	70	2	60	10
250	64	2	3	61
251	66	2	64	2
252	68	2	67	1
253	68	2	2	66
254	68	2	4	64
255	64	2	3	61
256	66	2	66	0
257	68	2	66	2
258	62	2	3	59
259	66	2	63	3
260	66	2	64	2
261	70	2	22	48
262	66	2	64	2
263	66	2	2	64
264	64	2	62	2
265	66	2	40	26
266	62	2	37	25
267	68	2	68	0
268	68	2	64	4
269	68	2	2	66
270	68	2	65	3
271	64	2	2	62
272	64	2	64	0
273	68	2	68	0
274	68	2	2	66
275	64	2	62	2
276	68	2	2	66
277	68	2	0	68
278	68	2	64	4
279	66	2	3	63
280	66	2	2	64
281	68	2	3	65
282	68	2	3	65
283	62	2	2	60
284	66	2	2	64
285	68	2	2	66
286	66	2	65	1
287	68	2	68	0
288	70	2	44	26
289	68	2	66	2
290	68	2	55	13
291	68	2	4	64
292	64	2	64	0
293	68	2	55	13
294	66	2	66	0
295	66	2	4	62
296	66	2	9	57
297	68	2	66	2
298	70	2	3	67
299	66	2	4	62
300	66	2	32	34
301	64	2	2	62
302	66	2	66	0
303	62	2	3	59
304	66	2	66	0
305	64	2	62	2
306	66	2	2	64
307	66	2	64	2
308	64	2	64	0
309	68	2	66	2
310	70	2	2	68
311	60	2	4	56
312	66	2	3	63
313	66	2	21	45
314	68	2	4	64
315	68	2	53	15
316	66	2	4	62
317	68	2	57	11
318	68	2	4	64
319	62	2	2	60
320	68	2	68	0
321	66	2	4	62
322	64	2	24	40
323	66	2	52	14
324	66	2	55	11
325	66	2	66	0
326	62	2	2	60
327	66	2	66	0
328	64	2	61	3
329	66	2	3	63
330	64	2	5	59
331	62	2	60	2
332	66	2	66	0
333	70	2	69	1
334	66	2	3	63
335	64	2	3	61
336	64	2	5	59
337	68	2	2	66
338	68	2	66	2
339	66	2	21	45
340	62	2	60	2
341	64	2	64	0
342	66	2	53	13
343	66	2	15	51
344	68	2	66	2
345	64	2	64	0
346	66	2	3	63
347	68	2	65	3
348	62	2	60	2
349	70	2	2	68
350	68	2	0	68
351	66	2	1	65
352	66	2	55	11
353	66	2	64	2
354	66	2	64	2
355	64	2	64	0
356	60	2	3	57
357	64	2	1	63
358	68	2	67	1
359	66	2	66	0
360	64	2	64	0
361	64	2	60	4
362	64	2	62	2
363	68	2	5	63
364	60	2	55	5
365	62	2	2	60
366	68	2	3	65
367	66	2	2	64
368	68	2	10	58
369	66	2	3	63
370	66	2	64	2
371	66	2	63	3
372	66	2	64	2
373	68	2	2	66
374	62	2	4	58
375	62	2	4	58
376	66	2	2	64
377	70	2	4	66
378	66	2	64	2
379	64	2	62	2
380	70	2	68	2
381	64	2	60	4
382	64	2	0	64
383	66	2	62	4
384	68	2	40	28
385	70	2	3	67
386	66	2	0	66
387	64	2	3	61
388	66	2	3	63
389	64	2	17	47
390	66	2	60	6
391	66	2	66	0
392	64	2	55	9
393	64	2	2	62
394	68	2	2	66
395	64	2	27	37
396	64	2	4	60
397	66	2	66	0
398	64	2	2	62
399	68	2	68	0
400	62	2	25	37
401	64	2	2	62
402	68	2	64	4
403	64	2	63	1
404	68	2	0	68
405	64	2	3	61
406	64	2	2	62
407	68	2	5	63
408	64	2	64	0
409	64	2	2	62
410	64	2	2	62
411	62	2	60	2
412	66	2	2	64
413	66	2	66	0
414	64	2	4	60
415	68	2	68	0
416	70	2	2	68
417	68	2	3	65
418	66	2	2	64
419	68	2	4	64
420	70	2	70	0
421	64	2	62	2
422	62	2	37	25
423	68	2	68	0
424	64	2	61	3
425	66	2	3	63
426	62	2	43	19
427	68	2	66	2
428	62	2	3	59
429	66	2	44	22
430	68	2	63	5
431	66	2	64	2
432	66	2	3	63
433	64	2	63	1
434	68	2	2	66
435	66	2	5	61
436	68	2	68	0
437	64	2	17	47
438	66	2	64	2
439	68	2	3	65
440	64	2	4	60
441	68	2	2	66
442	64	2	53	11
443	64	2	64	0
444	66	2	2	64
445	66	2	65	1
446	60	2	2	58
447	70	2	68	2
448	66	2	62	4
449	68	2	35	33
450	64	2	3	61
451	68	2	67	1
452	64	2	2	62
453	68	2	3	65
454	62	2	2	60
455	62	2	2	60
456	68	2	68	0
457	68	2	68	0
458	68	2	68	0
459	66	2	3	63
460	68	2	4	64
461	68	2	5	63
462	68	2	3	65
463	62	2	2	60
464	68	2	65	3
465	66	2	66	0
466	64	2	64	0
467	62	2	62	0
468	64	2	2	62
469	66	2	3	63
470	66	2	53	13
471	66	2	66	0
472	64	2	62	2
473	64	2	28	36
474	66	2	2	64
475	68	2	4	64
476	70	2	67	3
477	68	2	3	65
478	66	2	2	64
479	66	2	62	4
480	68	2	65	3
481	64	2	2	62
482	66	2	3	63
483	66	2	63	3
484	66	2	3	63
485	62	2	2	60
486	68	2	3	65
487	64	2	64	0
488	66	2	0	66
489	66	2	63	3
490	64	2	0	64
491	66	2	3	63
492	70	2	70	0
493	64	2	3	61
494	64	2	2	62
495	68	2	63	5
496	68	2	48	20
497	66	2	3	63
498	66	2	2	64
499	66	2	3	63
500	66	2	66	0
501	62	2	2	60
502	68	2	65	3
503	68	2	37	31
504	68	2	68	0
505	64	2	5	59
506	62	2	3	59
507	66	2	66	0
508	68	2	68	0
509	64	2	1	63
510	70	2	3	67
511	66	2	63	3
512	68	2	68	0
513	72	2	2	70
514	68	2	66	2
515	66	2	48	18
516	66	2	66	0
517	66	2	3	63
518	70	2	2	68
519	66	2	13	53
520	62	2	62	0
521	66	2	64	2
522	64	2	62	2
523	66	2	3	63
524	68	2	61	7
525	66	2	61	5
526	64	2	62	2
527	66	2	66	0
528	66	2	2	64
529	70	2	6	64
530	70	2	4	66
531	64	2	5	59
532	68	2	64	4
533	64	2	60	4
534	66	2	5	61
535	66	2	64	2
536	66	2	3	63
537	66	2	5	61
538	66	2	3	63
539	68	2	68	0
540	70	2	70	0
541	64	2	37	27
542	66	2	20	46
543	68	2	3	65
544	68	2	68	0
545	64	2	0	64
546	66	2	66	0
547	68	2	4	64
548	66	2	60	6
549	66	2	4	62
550	68	2	68	0
551	66	2	61	5
552	66	2	63	3
553	68	2	7	61
554	62	2	3	59
555	68	2	60	8
556	70	2	14	56
557	68	2	65	3
558	70	2	68	2
559	66	2	2	64
560	64	2	64	0
561	64	2	63	1
562	66	2	65	1
563	66	2	64	2
564	66	2	16	50
565	64	2	11	53
566	66	2	62	4
567	64	2	55	9
568	62	2	59	3
569	62	2	60	2
570	70	2	67	3
571	64	2	61	3
572	64	2	0	64
573	70	2	68	2
574	64	2	3	61
575	64	2	39	25
576	62	2	59	3
577	66	2	24	42
578	64	2	2	62
579	66	2	3	63
580	70	2	64	6
581	68	2	61	7
582	66	2	0	66
583	62	2	3	59
584	70	2	48	22
585	66	2	61	5
586	64	2	2	62
587	64	2	64	0
588	68	2	61	7
589	64	2	64	0
590	66	2	65	1
591	62	2	2	60
592	64	2	23	41
593	68	2	66	2
594	66	2	3	63
595	64	2	64	0
596	66	2	3	63
597	68	2	3	65
598	68	2	3	65
599	66	2	5	61
600	66	2	7	59
601	66	2	3	63
602	64	2	0	64
603	66	2	2	64
604	68	2	64	4
605	64	2	64	0
606	64	2	3	61
607	64	2	4	60
608	66	2	64	2
609	68	2	3	65
610	66	2	60	6
611	64	2	64	0
612	68	2	65	3
613	66	2	56	10
614	64	2	62	2
615	68	2	19	49
616	66	2	3	63
617	66	2	66	0
618	66	2	3	63
619	62	2	39	23
620	68	2	2	66
621	60	2	2	58
622	66	2	66	0
623	68	2	68	0
624	62	2	5	57
625	68	2	68	0
626	66	2	4	62
627	66	2	0	66
628	66	2	14	52
629	70	2	2	68
630	62	2	4	58
631	68	2	68	0
632	70	2	68	2
633	66	2	2	64
634	64	2	62	2
635	62	2	62	0
636	70	2	68	2
637	68	2	65	3
638	66	2	49	17
639	68	2	2	66
640	66	2	66	0
641	64	2	62	2
642	64	2	64	0
643	62	2	47	15
644	66	2	3	63
645	66	2	26	40
646	66	2	62	4
647	64	2	64	0
648	64	2	64	0
649	62	2	59	3
650	64	2	3	61
651	64	2	61	3
652	66	2	2	64
653	68	2	0	68
654	62	2	2	60
655	66	2	64	2
656	68	2	0	68
657	62	2	62	0
658	64	2	51	13
659	64	2	64	0
660	66	2	66	0
661	68	2	7	61
662	64	2	62	2
663	64	2	62	2
664	66	2	61	5
665	66	2	0	66
666	64	2	2	62
667	66	2	64	2
668	66	2	2	64
669	66	2	62	4
670	60	2	60	0
671	68	2	65	3
672	68	2	3	65
673	68	2	66	2
674	68	2	68	0
675	66	2	63	3
676	64	2	2	62
677	64	2	2	62
678	70	2	68	2
679	64	2	63	1
680	68	2	68	0
681	66	2	66	0
682	68	2	68	0
683	68	2	8	60
684	70	2	65	5
685	70	2	67	3
686	66	2	63	3
687	62	2	51	11
688	66	2	3	63
689	66	2	3	63
690	68	2	5	63
691	68	2	27	41
692	66	2	57	9
693	68	2	68	0
694	64	2	64	0
695	62	2	59	3
696	70	2	70	0
697	62	2	3	59
698	62	2	60	2
699	64	2	61	3
700	66	2	3	63
701	64	2	27	37
702	64	2	27	37
703	66	2	2	64
704	68	2	68	0
705	62	2	60	2
706	62	2	3	59
707	60	2	59	1
708	66	2	6	60
709	64	2	64	0
710	62	2	62	0
711	68	2	4	64
712	66	2	2	64
713	68	2	3	65
714	66	2	65	1
715	64	2	64	0
716	66	2	50	16
717	66	2	2	64
718	70	2	70	0
719	68	2	64	4
720	66	2	2	64
721	66	2	3	63
722	66	2	2	64
723	64	2	3	61
724	68	2	5	63
725	62	2	59	3
726	66	2	63	3
727	62	2	0	62
728	68	2	66	2
729	66	2	0	66
730	68	2	66	2
731	62	2	1	61
732	66	2	64	2
733	68	2	68	0
734	66	2	65	1
735	66	2	66	0
736	66	2	63	3
737	64	2	64	0
738	64	2	19	45
739	66	2	65	1
740	64	2	0	64
741	68	2	36	32
742	64	2	2	62
743	62	2	5	57
744	66	2	61	5
745	66	2	63	3
746	62	2	2	60
747	66	2	28	38
748	68	2	64	4
749	68	2	3	65
750	66	2	2	64
751	70	2	70	0
752	68	2	66	2
753	68	2	66	2
754	62	2	62	0
755	62	2	4	58
756	64	2	4	60
757	60	2	2	58
758	68	2	2	66
759	64	2	64	0
760	68	2	66	2
761	68	2	65	3
762	68	2	4	64
763	66	2	10	56
764	62	2	36	26
765	64	2	62	2
766	66	2	5	61
767	62	2	2	60
768	64	2	64	0
769	64	2	3	61
770	66	2	4	62
771	72	2	72	0
772	62	2	2	60
773	68	2	2	66
774	68	2	66	2
775	68	2	66	2
776	66	2	2	64
777	64	2	2	62
778	66	2	66	0
779	66	2	50	16
780	66	2	52	14
781	60	2	2	58
782	62	2	62	0
783	70	2	9	61
784	64	2	1	63
785	64	2	0	64
786	64	2	62	2
787	66	2	65	1
788	64	2	61	3
789	66	2	2	64
790	66	2	64	2
791	64	2	3	61
792	66	2	66	0
793	62	2	3	59
794	68	2	2	66
795	68	2	48	20
796	66	2	26	40
797	66	2	64	2
798	66	2	2	64
799	64	2	1	63
800	64	2	5	59
801	66	2	63	3
802	66	2	63	3
803	62	2	40	22
804	66	2	64	2
805	64	2	62	2
806	62	2	2	60
807	66	2	4	62
808	64	2	63	1
809	68	2	68	0
810	70	2	70	0
811	66	2	4	62
812	64	2	27	37
813	66	2	3	63
814	64	2	36	28
815	64	2	3	61
816	70	2	68	2
817	66	2	2	64
818	62	2	4	58
819	68	2	68	0
820	68	2	68	0
821	70	2	33	37
822	68	2	64	4
823	64	2	64	0
824	66	2	65	1
825	68	2	2	66
826	62	2	3	59
827	64	2	2	62
828	70	2	0	70
829	68	2	3	65
830	72	2	72	0
831	72	2	2	70
832	70	2	66	4
833	68	2	36	32
834	66	2	66	0
835	66	2	62	4
836	66	2	66	0
837	64	2	2	62
838	70	2	36	34
839	68	2	65	3
840	62	2	2	60
841	68	2	41	27
842	62	2	62	0
843	70	2	68	2
844	66	2	66	0
845	62	2	48	14
846	62	2	61	1
847	66	2	2	64
848	64	2	2	62
849	66	2	60	6
850	68	2	2	66
851	68	2	68	0
852	64	2	2	62
853	66	2	2	64
854	70	2	70	0
855	68	2	3	65
856	68	2	3	65
857	64	2	64	0
858	68	2	3	65
859	68	2	68	0
860	62	2	60	2
861	64	2	62	2
862	62	2	61	1
863	68	2	2	66
864	66	2	5	61
865	66	2	1	65
866	62	2	60	2
867	68	2	66	2
868	68	2	3	65
869	68	2	65	3
870	66	2	2	64
871	64	2	4	60
872	64	2	63	1
873	62	2	0	62
874	66	2	4	62
875	70	2	70	0
876	64	2	62	2
877	68	2	66	2
878	66	2	66	0
879	62	2	4	58
880	66	2	2	64
881	64	2	2	62
882	66	2	39	27
883	64	2	61	3
884	66	2	2	64
885	62	2	61	1
886	62	2	62	0
887	64	2	4	60
888	68	2	68	0
889	64	2	2	62
890	66	2	64	2
891	66	2	2	64
892	68	2	2	66
893	66	2	58	8
894	62	2	62	0
895	68	2	65	3
896	66	2	63	3
897	64	2	63	1
898	64	2	57	7
899	70	2	2	68
900	64	2	63	1
901	62	2	59	3
902	66	2	66	0
903	60	2	3	57
904	66	2	4	62
905	64	2	60	4
906	64	2	62	2
907	64	2	57	7
908	64	2	0	64
909	68	2	58	10
910	68	2	60	8
911	66	2	4	62
912	64	2	3	61
913	62	2	5	57
914	66	2	52	14
915	66	2	66	0
916	66	2	37	29
917	64	2	4	60
918	64	2	48	16
919	62	2	58	4
920	64	2	6	58
921	70	2	6	64
922	66	2	54	12
923	62	2	55	7
924	64	2	2	62
925	70	2	70	0
926	60	2	2	58
927	66	2	66	0
928	66	2	53	13
929	66	2	59	7
930	62	2	2	60
931	66	2	2	64
932	66	2	3	63
933	66	2	36	30
934	70	2	68	2
935	66	2	15	51
936	66	2	58	8
937	68	2	3	65
938	68	2	68	0
939	64	2	3	61
940	64	2	64	0
941	64	2	64	0
942	66	2	7	59
943	64	2	5	59
944	70	2	63	7
945	66	2	66	0
946	64	2	56	8
947	62	2	1	61
948	64	2	64	0
949	68	2	2	66
950	64	2	61	3
951	62	2	3	59
952	68	2	68	0
953	66	2	2	64
954	66	2	64	2
955	68	2	4	64
956	66	2	64	2
957	66	2	66	0
958	66	2	59	7
959	70	2	5	65
960	66	2	5	61
961	68	2	0	68
962	66	2	31	35
963	66	2	9	57
964	66	2	8	58
965	66	2	62	4
966	64	2	64	0
967	70	2	45	25
968	70	2	0	70
969	66	2	57	9
970	66	2	62	4
971	66	2	39	27
972	66	2	2	64
973	68	2	64	4
974	66	2	64	2
975	68	2	0	68
976	64	2	4	60
977	66	2	3	63
978	68	2	67	1
979	64	2	62	2
980	66	2	66	0
981	66	2	63	3
982	66	2	58	8
983	62	2	62	0
984	62	2	2	60
985	66	2	2	64
986	66	2	2	64
987	66	2	2	64
988	66	2	66	0
989	66	2	66	0
990	66	2	2	64
991	66	2	63	3
992	68	2	3	65
993	62	2	3	59
994	66	2	66	0
995	70	2	61	9
996	66	2	4	62
997	66	2	66	0
998	66	2	3	63
999	66	2	3	63
1000	62	2	62	0
1001	64	2	45	19
1002	64	2	3	61
1003	66	2	4	62
1004	66	2	2	64
1005	64	2	64	0
1006	66	2	2	64
1007	70	2	68	2
1008	68	2	3	65
1009	64	2	1	63
1010	62	2	32	30
1011	66	2	48	18
1012	68	2	4	64
1013	62	2	25	37
1014	66	2	64	2
1015	62	2	59	3
1016	64	2	61	3
1017	66	2	64	2
1018	66	2	64	2
1019	68	2	46	22
1020	64	2	36	28
1021	66	2	6	60
1022	68	2	66	2
1023	66	2	66	0
1024	66	2	66	0
1025	64	2	5	59
1026	66	2	66	0
1027	64	2	6	58
1028	64	2	0	64
1029	66	2	65	1
1030	70	2	70	0
1031	68	2	68	0
1032	66	2	2	64
1033	66	2	66	0
1034	70	2	70	0
1035	64	2	2	62
1036	66	2	57	9
1037	66	2	2	64
1038	66	2	2	64
1039	66	2	2	64
1040	68	2	2	66
1041	68	2	3	65
1042	70	2	17	53
1043	64	2	63	1
1044	66	2	4	62
1045	66	2	50	16
1046	68	2	68	0
1047	68	2	8	60
1048	64	2	0	64
1049	64	2	3	61
1050	66	2	2	64
1051	64	2	4	60
1052	70	2	4	66
1053	66	2	3	63
1054	66	2	64	2
1055	64	2	64	0
1056	68	2	0	68
1057	66	2	66	0
1058	68	2	4	64
1059	68	2	4	64
1060	62	2	62	0
1061	66	2	66	0
1062	66	2	5	61
1063	64	2	62	2
1064	68	2	67	1
1065	66	2	64	2
1066	66	2	2	64
1067	64	2	17	47
1068	64	2	62	2
1069	66	2	64	2
1070	64	2	64	0
1071	64	2	2	62
1072	72	2	2	70
1073	64	2	2	62
1074	64	2	62	2
1075	68	2	3	65
1076	66	2	3	63
1077	66	2	65	1
1078	68	2	3	65
1079	68	2	2	66
1080	64	2	62	2
1081	64	2	62	2
1082	64	2	63	1
1083	60	2	58	2
1084	66	2	62	4
1085	68	2	3	65
1086	68	2	24	44
1087	66	2	55	11
1088	62	2	12	50
1089	68	2	0	68
1090	64	2	64	0
1091	66	2	63	3
1092	66	2	64	2
1093	64	2	3	61
1094	68	2	64	4
1095	66	2	54	12
1096	64	2	60	4
1097	68	2	2	66
1098	68	2	2	66
1099	66	2	5	61
1100	66	2	3	63
1101	68	2	65	3
1102	70	2	59	11
1103	66	2	64	2
1104	64	2	61	3
1105	62	2	6	56
1106	66	2	63	3
1107	68	2	2	66
1108	68	2	66	2
1109	62	2	5	57
1110	70	2	70	0
1111	68	2	3	65
1112	66	2	59	7
1113	62	2	11	51
1114	66	2	3	63
1115	64	2	3	61
1116	66	2	61	5
1117	72	2	2	70
1118	68	2	46	22
1119	66	2	62	4
1120	70	2	64	6
1121	66	2	64	2
1122	66	2	3	63
1123	64	2	2	62
1124	62	2	2	60
1125	62	2	0	62
1126	64	2	63	1
1127	64	2	2	62
1128	66	2	64	2
1129	68	2	5	63
1130	68	2	68	0
1131	66	2	66	0
1132	68	2	3	65
1133	64	2	64	0
1134	66	2	5	61
1135	64	2	0	64
1136	64	2	48	16
1137	68	2	53	15
1138	62	2	59	3
1139	62	2	40	22
1140	68	2	65	3
1141	68	2	28	40
1142	66	2	64	2
1143	66	2	2	64
1144	66	2	3	63
1145	66	2	51	15
1146	64	2	59	5
1147	68	2	68	0
1148	66	2	2	64
1149	66	2	4	62
1150	66	2	66	0
1151	68	2	67	1
1152	66	2	7	59
1153	66	2	66	0
1154	62	2	62	0
1155	66	2	2	64
1156	72	2	2	70
1157	64	2	2	62
1158	66	2	62	4
1159	66	2	32	34
1160	66	2	66	0
1161	70	2	2	68
1162	60	2	0	60
1163	66	2	66	0
1164	62	2	0	62
1165	64	2	2	62
1166	68	2	66	2
1167	64	2	61	3
1168	68	2	2	66
1169	66	2	63	3
1170	68	2	68	0
1171	64	2	4	60
1172	66	2	2	64
1173	66	2	44	22
1174	68	2	3	65
1175	58	2	26	32
1176	68	2	4	64
1177	62	2	56	6
1178	66	2	2	64
1179	62	2	58	4
1180	62	2	2	60
1181	68	2	68	0
1182	64	2	3	61
1183	62	2	4	58
1184	66	2	66	0
1185	66	2	50	16
1186	66	2	2	64
1187	60	2	58	2
1188	68	2	0	68
1189	66	2	66	0
1190	66	2	3	63
1191	64	2	3	61
1192	66	2	64	2
1193	66	2	0	66
1194	68	2	65	3
1195	62	2	60	2
1196	68	2	65	3
1197	66	2	21	45
1198	64	2	43	21
1199	62	2	4	58
1200	68	2	68	0
1201	68	2	3	65
1202	70	2	70	0
1203	60	2	2	58
1204	66	2	64	2
1205	62	2	2	60
1206	68	2	67	1
1207	64	2	60	4
1208	60	2	4	56
1209	68	2	0	68
1210	66	2	64	2
1211	64	2	2	62
1212	64	2	61	3
1213	68	2	31	37
1214	66	2	66	0
1215	66	2	61	5
1216	66	2	2	64
1217	66	2	2	64
1218	64	2	2	62
1219	64	2	61	3
1220	66	2	3	63
1221	66	2	66	0
1222	64	2	3	61
1223	62	2	57	5
1224	64	2	0	64
1225	64	2	16	48
1226	66	2	64	2
1227	64	2	2	62
1228	68	2	66	2
1229	66	2	1	65
1230	70	2	68	2
1231	66	2	51	15
1232	64	2	39	25
1233	68	2	2	66
1234	66	2	4	62
1235	68	2	3	65
1236	62	2	62	0
1237	68	2	65	3
1238	66	2	2	64
1239	68	2	2	66
1240	66	2	7	59
1241	66	2	2	64
1242	64	2	43	21
1243	64	2	59	5
1244	68	2	64	4
1245	68	2	62	6
1246	66	2	4	62
1247	66	2	2	64
1248	64	2	2	62
1249	64	2	2	62
1250	66	2	2	64
1251	68	2	2	66
1252	68	2	4	64
1253	66	2	3	63
1254	62	2	62	0
1255	62	2	58	4
1256	66	2	5	61
1257	66	2	66	0
1258	66	2	2	64
1259	66	2	3	63
1260	68	2	64	4
1261	64	2	62	2
1262	68	2	2	66
1263	68	2	68	0
1264	68	2	61	7
1265	66	2	48	18
1266	66	2	63	3
1267	66	2	66	0
1268	70	2	70	0
1269	68	2	6	62
1270	66	2	9	57
1271	68	2	65	3
1272	68	2	68	0
1273	62	2	2	60
1274	64	2	58	6
1275	62	2	62	0
1276	68	2	66	2
1277	66	2	54	12
1278	66	2	3	63
1279	66	2	66	0
1280	64	2	2	62
1281	64	2	20	44
1282	68	2	50	18
1283	64	2	64	0
1284	64	2	48	16
1285	62	2	62	0
1286	68	2	68	0
1287	66	2	4	62
1288	68	2	2	66
1289	64	2	63	1
1290	68	2	2	66
1291	64	2	3	61
1292	64	2	62	2
1293	62	2	2	60
1294	68	2	2	66
1295	64	2	64	0
1296	68	2	68	0
1297	66	2	51	15
1298	62	2	2	60
1299	64	2	61	3
1300	68	2	68	0
1301	62	2	3	59
1302	66	2	66	0
1303	62	2	60	2
1304	68	2	2	66
1305	64	2	2	62
1306	66	2	66	0
1307	62	2	61	1
1308	70	2	3	67
1309	66	2	2	64
1310	66	2	66	0
1311	68	2	68	0
1312	62	2	5	57
1313	68	2	66	2
1314	68	2	66	2
1315	66	2	53	13
1316	62	2	60	2
1317	72	2	72	0
1318	66	2	66	0
1319	62	2	2	60
1320	68	2	62	6
1321	64	2	2	62
1322	66	2	44	22
1323	68	2	54	14
1324	64	2	7	57
1325	66	2	0	66
1326	68	2	61	7
1327	66	2	65	1
1328	64	2	4	60
1329	70	2	3	67
1330	66	2	66	0
1331	72	2	67	5
1332	62	2	2	60
1333	68	2	68	0
1334	64	2	2	62
1335	64	2	0	64
1336	64	2	62	2
1337	68	2	2	66
1338	64	2	64	0
1339	62	2	2	60
1340	64	2	12	52
1341	64	2	62	2
1342	68	2	66	2
1343	68	2	68	0
1344	66	2	66	0
1345	68	2	2	66
1346	64	2	64	0
1347	64	2	3	61
1348	66	2	2	64
1349	68	2	68	0
1350	68	2	3	65
1351	66	2	64	2
1352	66	2	56	10
1353	66	2	65	1
1354	70	2	70	0
1355	64	2	1	63
1356	62	2	36	26
1357	70	2	2	68
1358	64	2	62	2
1359	64	2	2	62
1360	60	2	60	0
1361	68	2	65	3
1362	66	2	2	64
1363	66	2	3	63
1364	70	2	2	68
1365	66	2	2	64
1366	62	2	57	5
1367	64	2	55	9
1368	68	2	2	66
1369	66	2	64	2
1370	66	2	2	64
1371	66	2	66	0
1372	64	2	48	16
1373	64	2	64	0
1374	64	2	4	60
1375	66	2	63	3
1376	68	2	68	0
1377	64	2	3	61
1378	68	2	67	1
1379	60	2	3	57
1380	66	2	66	0
1381	62	2	62	0
1382	66	2	2	64
1383	62	2	14	48
1384	62	2	62	0
1385	68	2	3	65
1386	62	2	62	0
1387	70	2	10	60
1388	68	2	64	4
1389	68	2	68	0
1390	64	2	43	21
1391	66	2	4	62
1392	66	2	2	64
1393	64	2	2	62
1394	64	2	3	61
1395	66	2	66	0
1396	64	2	2	62
1397	68	2	65	3
1398	66	2	64	2
1399	64	2	58	6
1400	66	2	17	49
1401	70	2	29	41
1402	68	2	33	35
1403	70	2	0	70
1404	66	2	2	64
1405	66	2	62	4
1406	66	2	2	64
1407	68	2	4	64
1408	62	2	3	59
1409	64	2	64	0
1410	62	2	60	2
1411	72	2	72	0
1412	60	2	2	58
1413	64	2	3	61
1414	68	2	2	66
1415	66	2	52	14
1416	66	2	4	62
1417	66	2	2	64
1418	64	2	62	2
1419	68	2	2	66
1420	68	2	64	4
1421	66	2	2	64
1422	62	2	7	55
1423	64	2	59	5
1424	66	2	0	66
1425	68	2	65	3
1426	66	2	66	0
1427	64	2	0	64
1428	62	2	60	2
1429	64	2	64	0
1430	66	2	50	16
1431	66	2	63	3
1432	66	2	2	64
1433	66	2	0	66
1434	68	2	63	5
1435	60	2	4	56
1436	62	2	62	0
1437	62	2	61	1
1438	64	2	63	1
1439	66	2	9	57
1440	64	2	56	8
1441	66	2	3	63
1442	62	2	60	2
1443	68	2	65	3
1444	64	2	0	64
1445	70	2	70	0
1446	70	2	69	1
1447	64	2	63	1
1448	70	2	70	0
1449	68	2	3	65
1450	66	2	66	0
1451	70	2	0	70
1452	66	2	66	0
1453	66	2	2	64
1454	64	2	3	61
1455	68	2	5	63
1456	64	2	62	2
1457	64	2	46	18
1458	64	2	61	3
1459	68	2	68	0
1460	70	2	3	67
1461	70	2	2	68
1462	64	2	2	62
1463	64	2	3	61
1464	64	2	64	0
1465	64	2	2	62
1466	68	2	66	2
1467	66	2	47	19
1468	62	2	2	60
1469	64	2	10	54
1470	68	2	3	65
1471	68	2	2	66
1472	66	2	64	2
1473	68	2	2	66
1474	70	2	67	3
1475	62	2	60	2
1476	64	2	61	3
1477	68	2	68	0
1478	66	2	62	4
1479	66	2	38	28
1480	72	2	70	2
1481	62	2	2	60
1482	68	2	2	66
1483	62	2	60	2
1484	64	2	4	60
1485	68	2	68	0
1486	68	2	66	2
1487	68	2	68	0
1488	68	2	64	4
1489	64	2	64	0
1490	64	2	62	2
1491	66	2	61	5
1492	64	2	62	2
1493	66	2	3	63
1494	70	2	65	5
1495	60	2	3	57
1496	64	2	61	3
1497	66	2	66	0
1498	68	2	2	66
1499	64	2	9	55
1500	62	2	5	57
1501	66	2	3	63
1502	62	2	0	62
1503	68	2	68	0
1504	66	2	3	63
1505	64	2	44	20
1506	64	2	61	3
1507	62	2	33	29
1508	72	2	72	0
1509	66	2	27	39
1510	62	2	62	0
1511	66	2	4	62
1512	60	2	60	0
1513	64	2	64	0
1514	60	2	3	57
1515	62	2	2	60
1516	68	2	68	0
1517	70	2	70	0
1518	68	2	65	3
1519	64	2	64	0
1520	66	2	4	62
1521	64	2	3	61
1522	68	2	67	1
1523	64	2	62	2
1524	66	2	3	63
1525	66	2	4	62
1526	62	2	59	3
1527	66	2	23	43
1528	66	2	66	0
1529	66	2	66	0
1530	70	2	2	68
1531	66	2	4	62
1532	68	2	63	5
1533	66	2	48	18
1534	62	2	45	17
1535	66	2	61	5
1536	64	2	64	0
1537	62	2	2	60
1538	64	2	2	62
1539	64	2	41	23
1540	68	2	2	66
1541	68	2	2	66
1542	64	2	64	0
1543	64	2	62	2
1544	64	2	0	64
1545	64	2	63	1
1546	68	2	66	2
1547	64	2	2	62
1548	62	2	2	60
1549	64	2	64	0
1550	62	2	50	12
1551	66	2	58	8
1552	64	2	24	40
1553	70	2	32	38
1554	70	2	57	13
1555	66	2	64	2
1556	64	2	6	58
1557	68	2	6	62
1558	70	2	66	4
1559	66	2	52	14
1560	66	2	64	2
1561	66	2	66	0
1562	62	2	58	4
1563	66	2	65	1
1564	66	2	44	22
1565	62	2	60	2
1566	68	2	60	8
1567	68	2	62	6
1568	64	2	62	2
1569	66	2	59	7
1570	64	2	46	18
1571	66	2	65	1
1572	64	2	62	2
1573	68	2	63	5
1574	64	2	4	60
1575	66	2	66	0
1576	68	2	0	68
1577	64	2	64	0
1578	62	2	60	2
1579	72	2	0	72
1580	66	2	66	0
1581	64	2	64	0
1582	64	2	2	62
1583	64	2	64	0
1584	70	2	6	64
1585	70	2	69	1
1586	66	2	66	0
1587	66	2	10	56
1588	68	2	64	4
1589	66	2	64	2
1590	64	2	64	0
1591	68	2	68	0
1592	60	2	2	58
1593	66	2	2	64
1594	68	2	2	66
1595	66	2	2	64
1596	70	2	70	0
1597	66	2	42	24
1598	70	2	66	4
1599	62	2	4	58
1600	66	2	3	63
1601	66	2	2	64
1602	64	2	60	4
1603	62	2	2	60
1604	64	2	3	61
1605	62	2	60	2
1606	60	2	3	57
1607	66	2	50	16
1608	64	2	9	55
1609	64	2	7	57
1610	66	2	11	55
1611	66	2	2	64
1612	72	2	0	72
1613	64	2	3	61
1614	66	2	2	64
1615	64	2	64	0
1616	62	2	61	1
1617	60	2	60	0
1618	66	2	2	64
1619	70	2	0	70
1620	64	2	62	2
1621	66	2	63	3
1622	64	2	2	62
1623	64	2	64	0
1624	64	2	2	62
1625	68	2	5	63
1626	64	2	63	1
1627	68	2	54	14
1628	64	2	62	2
1629	66	2	2	64
1630	66	2	66	0
1631	68	2	68	0
1632	70	2	70	0
1633	60	2	3	57
1634	66	2	64	2
1635	66	2	64	2
1636	64	2	2	62
1637	70	2	70	0
1638	62	2	0	62
1639	70	2	2	68
1640	68	2	54	14
1641	66	2	2	64
1642	62	2	62	0
1643	66	2	3	63
1644	64	2	3	61
1645	68	2	66	2
1646	64	2	57	7
1647	66	2	37	29
1648	66	2	2	64
1649	64	2	64	0
1650	66	2	3	63
1651	68	2	17	51
1652	66	2	3	63
1653	62	2	2	60
1654	68	2	64	4
1655	66	2	10	56
1656	64	2	2	62
1657	60	2	60	0
1658	66	2	66	0
1659	66	2	2	64
1660	66	2	65	1
1661	66	2	66	0
1662	66	2	56	10
1663	64	2	3	61
1664	66	2	62	4
1665	62	2	52	10
1666	62	2	2	60
1667	64	2	64	0
1668	68	2	3	65
1669	68	2	67	1
1670	70	2	4	66
1671	64	2	61	3
1672	64	2	62	2
1673	64	2	2	62
1674	68	2	4	64
1675	68	2	60	8
1676	66	2	64	2
1677	66	2	3	63
1678	60	2	43	17
1679	66	2	4	62
1680	66	2	32	34
1681	66	2	47	19
1682	68	2	0	68
1683	66	2	41	25
1684	64	2	64	0
1685	64	2	0	64
1686	64	2	59	5
1687	64	2	19	45
1688	66	2	3	63
1689	64	2	64	0
1690	66	2	42	24
1691	68	2	3	65
1692	64	2	61	3
1693	66	2	66	0
1694	62	2	22	40
1695	66	2	0	66
1696	66	2	3	63
1697	66	2	64	2
1698	68	2	3	65
1699	64	2	0	64
1700	70	2	68	2
1701	66	2	64	2
1702	64	2	4	60
1703	70	2	68	2
1704	66	2	66	0
1705	64	2	40	24
1706	66	2	2	64
1707	66	2	23	43
1708	70	2	48	22
1709	62	2	59	3
1710	66	2	2	64
1711	64	2	64	0
1712	64	2	3	61
1713	66	2	4	62
1714	66	2	2	64
1715	66	2	3	63
1716	70	2	68	2
1717	68	2	65	3
1718	64	2	62	2
1719	64	2	2	62
1720	60	2	2	58
1721	68	2	4	64
1722	64	2	57	7
1723	66	2	66	0
1724	64	2	63	1
1725	68	2	68	0
1726	64	2	2	62
1727	64	2	62	2
1728	64	2	2	62
1729	58	2	58	0
1730	64	2	64	0
1731	62	2	60	2
1732	64	2	61	3
1733	68	2	66	2
1734	68	2	0	68
1735	64	2	17	47
1736	66	2	0	66
1737	66	2	32	34
1738	68	2	68	0
1739	64	2	3	61
1740	68	2	3	65
1741	66	2	66	0
1742	64	2	62	2
1743	64	2	3	61
1744	64	2	2	62
1745	62	2	62	0
1746	70	2	66	4
1747	64	2	2	62
1748	64	2	2	62
1749	64	2	62	2
1750	60	2	60	0
1751	62	2	60	2
1752	62	2	62	0
1753	64	2	52	12
1754	68	2	68	0
1755	64	2	34	30
1756	66	2	66	0
1757	66	2	45	21
1758	64	2	48	16
1759	66	2	54	12
1760	66	2	3	63
1761	70	2	2	68
1762	64	2	2	62
1763	64	2	60	4
1764	68	2	65	3
1765	68	2	29	39
1766	66	2	64	2
1767	66	2	2	64
1768	64	2	64	0
1769	66	2	3	63
1770	62	2	60	2
1771	68	2	66	2
1772	60	2	55	5
1773	66	2	65	1
1774	68	2	41	27
1775	62	2	62	0
1776	64	2	61	3
1777	68	2	3	65
1778	66	2	66	0
1779	62	2	3	59
1780	64	2	64	0
1781	64	2	57	7
1782	64	2	63	1
1783	64	2	52	12
1784	62	2	60	2
1785	64	2	9	55
1786	64	2	62	2
1787	66	2	66	0
1788	68	2	66	2
1789	64	2	63	1
1790	66	2	64	2
1791	68	2	67	1
1792	62	2	2	60
1793	64	2	0	64
1794	66	2	64	2
1795	64	2	4	60
1796	66	2	0	66
1797	62	2	24	38
1798	66	2	63	3
1799	66	2	4	62
1800	66	2	65	1
1801	62	2	3	59
1802	66	2	3	63
1803	66	2	63	3
1804	68	2	2	66
1805	68	2	17	51
1806	62	2	3	59
1807	66	2	0	66
1808	66	2	66	0
1809	62	2	62	0
1810	64	2	2	62
1811	68	2	6	62
1812	66	2	3	63
1813	72	2	62	10
1814	64	2	3	61
1815	66	2	4	62
1816	68	2	65	3
1817	64	2	60	4
1818	66	2	66	0
1819	66	2	64	2
1820	62	2	62	0
1821	64	2	64	0
1822	68	2	36	32
1823	64	2	64	0
1824	68	2	66	2
1825	62	2	46	16
1826	68	2	68	0
1827	66	2	65	1
1828	68	2	59	9
1829	64	2	4	60
1830	68	2	62	6
1831	66	2	64	2
1832	68	2	2	66
1833	66	2	2	64
1834	64	2	44	20
1835	64	2	62	2
1836	64	2	3	61
1837	66	2	63	3
1838	66	2	66	0
1839	66	2	2	64
1840	66	2	63	3
1841	70	2	18	52
1842	70	2	67	3
1843	68	2	68	0
1844	70	2	9	61
1845	68	2	66	2
1846	66	2	64	2
1847	64	2	64	0
1848	70	2	69	1
1849	64	2	61	3
1850	70	2	12	58
1851	68	2	4	64
1852	64	2	60	4
1853	66	2	66	0
1854	68	2	4	64
1855	64	2	64	0
1856	68	2	47	21
1857	66	2	4	62
1858	70	2	4	66
1859	70	2	70	0
1860	68	2	3	65
1861	62	2	2	60
1862	64	2	64	0
1863	70	2	4	66
1864	60	2	2	58
1865	66	2	62	4
1866	66	2	3	63
1867	66	2	3	63
1868	66	2	0	66
1869	64	2	62	2
1870	66	2	0	66
1871	64	2	62	2
1872	68	2	2	66
1873	66	2	13	53
1874	66	2	3	63
1875	64	2	60	4
1876	66	2	2	64
1877	64	2	3	61
1878	72	2	70	2
1879	70	2	68	2
1880	66	2	0	66
1881	66	2	2	64
1882	68	2	5	63
1883	66	2	55	11
1884	64	2	3	61
1885	66	2	2	64
1886	68	2	68	0
1887	68	2	65	3
1888	68	2	61	7
1889	66	2	5	61
1890	68	2	67	1
1891	64	2	23	41
1892	66	2	66	0
1893	66	2	63	3
1894	62	2	59	3
1895	64	2	61	3
1896	68	2	68	0
1897	66	2	3	63
1898	66	2	2	64
1899	64	2	2	62
1900	68	2	63	5
1901	70	2	68	2
1902	64	2	3	61
1903	62	2	0	62
1904	64	2	21	43
1905	66	2	38	28
1906	62	2	4	58
1907	70	2	70	0
1908	62	2	3	59
1909	64	2	2	62
1910	68	2	0	68
1911	66	2	66	0
1912	68	2	68	0
1913	64	2	54	10
1914	62	2	60	2
1915	70	2	68	2
1916	66	2	60	6
1917	64	2	62	2
1918	64	2	6	58
1919	64	2	4	60
1920	62	2	2	60
1921	66	2	13	53
1922	64	2	62	2
1923	64	2	3	61
1924	70	2	44	26
1925	64	2	64	0
1926	64	2	4	60
1927	70	2	4	66
1928	66	2	25	41
1929	70	2	68	2
1930	62	2	62	0
1931	64	2	64	0
1932	66	2	2	64
1933	66	2	54	12
1934	70	2	69	1
1935	64	2	38	26
1936	70	2	13	57
1937	70	2	67	3
1938	68	2	68	0
1939	66	2	62	4
1940	66	2	11	55
1941	66	2	3	63
1942	62	2	56	6
1943	66	2	66	0
1944	68	2	66	2
1945	66	2	66	0
1946	68	2	65	3
1947	64	2	3	61
1948	72	2	2	70
1949	62	2	62	0
1950	66	2	63	3
1951	62	2	60	2
1952	68	2	67	1
1953	68	2	2	66
1954	66	2	3	63
1955	68	2	37	31
1956	66	2	66	0
1957	70	2	63	7
1958	72	2	2	70
1959	68	2	64	4
1960	64	2	45	19
1961	70	2	2	68
1962	64	2	64	0
1963	66	2	55	11
1964	72	2	61	11
1965	68	2	56	12
1966	64	2	61	3
1967	66	2	2	64
1968	68	2	68	0
1969	70	2	2	68
1970	66	2	66	0
1971	64	2	64	0
1972	64	2	64	0
1973	68	2	68	0
1974	68	2	68	0
1975	66	2	66	0
1976	70	2	69	1
1977	62	2	2	60
1978	68	2	4	64
1979	62	2	2	60
1980	66	2	66	0
1981	62	2	1	61
1982	66	2	66	0
1983	68	2	32	36
1984	66	2	2	64
1985	68	2	61	7
1986	66	2	54	12
1987	66	2	45	21
1988	62	2	62	0
1989	68	2	3	65
1990	66	2	26	40
1991	68	2	2	66
1992	70	2	1	69
1993	66	2	3	63
1994	66	2	3	63
1995	68	2	66	2
1996	62	2	34	28
1997	66	2	64	2
1998	68	2	65	3
1999	66	2	3	63
2000	66	2	0	66
2001	68	2	62	6
2002	68	2	2	66
2003	66	2	2	64
2004	70	2	4	66
2005	64	2	64	0
2006	70	2	67	3
2007	68	2	2	66
2008	66	2	52	14
2009	64	2	26	38
2010	68	2	66	2
2011	62	2	60	2
2012	66	2	14	52
2013	70	2	39	31
2014	68	2	2	66
2015	68	2	2	66
2016	66	2	46	20
2017	66	2	3	63
2018	68	2	68	0
2019	66	2	0	66
2020	62	2	2	60
2021	66	2	66	0
2022	62	2	6	56
2023	66	2	3	63
2024	68	2	0	68
2025	68	2	0	68
2026	68	2	0	68
2027	70	2	67	3
2028	68	2	67	1
2029	66	2	66	0
2030	66	2	3	63
2031	62	2	2	60
2032	66	2	0	66
2033	68	2	68	0
2034	62	2	59	3
2035	68	2	58	10
2036	66	2	66	0
2037	64	2	3	61
2038	62	2	2	60
2039	66	2	62	4
2040	64	2	64	0
2041	70	2	68	2
2042	68	2	3	65
2043	64	2	64	0
2044	64	2	2	62
2045	68	2	4	64
2046	64	2	61	3
2047	64	2	2	62
2048	66	2	62	4
2049	62	2	0	62
2050	62	2	62	0
2051	70	2	58	12
2052	66	2	3	63
2053	64	2	64	0
2054	68	2	67	1
2055	64	2	62	2
2056	68	2	66	2
2057	68	2	65	3
2058	64	2	64	0
2059	66	2	63	3
2060	70	2	66	4
2061	64	2	0	64
2062	66	2	20	46
2063	66	2	2	64
2064	68	2	48	20
2065	72	2	72	0
2066	66	2	4	62
2067	68	2	3	65
2068	66	2	7	59
2069	64	2	4	60
2070	70	2	70	0
2071	66	2	62	4
2072	68	2	62	6
2073	64	2	56	8
2074	66	2	60	6
2075	66	2	63	3
2076	68	2	64	4
2077	66	2	63	3
2078	64	2	4	60
2079	64	2	2	62
2080	64	2	2	62
2081	70	2	68	2
2082	64	2	27	37
2083	68	2	55	13
2084	66	2	2	64
2085	64	2	26	38
2086	70	2	2	68
2087	62	2	62	0
2088	68	2	68	0
2089	62	2	3	59
2090	66	2	62	4
2091	62	2	62	0
2092	68	2	3	65
2093	62	2	59	3
2094	68	2	66	2
2095	64	2	7	57
2096	68	2	68	0
2097	70	2	68	2
2098	68	2	68	0
2099	62	2	11	51
2100	68	2	3	65
2101	60	2	35	25
2102	66	2	3	63
2103	72	2	49	23
2104	64	2	3	61
2105	64	2	3	61
2106	70	2	25	45
2107	64	2	0	64
2108	64	2	51	13
2109	64	2	21	43
2110	62	2	2	60
2111	66	2	1	65
2112	68	2	67	1
2113	64	2	17	47
2114	62	2	4	58
2115	64	2	52	12
2116	68	2	30	38
2117	64	2	2	62
2118	66	2	62	4
2119	68	2	58	10
2120	66	2	64	2
2121	70	2	63	7
2122	62	2	13	49
2123	64	2	4	60
2124	66	2	2	64
2125	64	2	64	0
2126	68	2	66	2
2127	66	2	33	33
2128	66	2	3	63
2129	66	2	63	3
2130	68	2	37	31
2131	70	2	4	66
2132	66	2	66	0
2133	66	2	3	63
2134	66	2	63	3
2135	68	2	5	63
2136	68	2	65	3
2137	66	2	2	64
2138	70	2	56	14
2139	66	2	64	2
2140	68	2	66	2
2141	70	2	70	0
2142	68	2	3	65
2143	64	2	0	64
2144	64	2	59	5
2145	66	2	3	63
2146	64	2	2	62
2147	66	2	2	64
2148	66	2	2	64
2149	66	2	58	8
2150	68	2	4	64
2151	64	2	63	1
2152	62	2	60	2
2153	66	2	43	23
2154	64	2	63	1
2155	64	2	4	60
2156	64	2	2	62
2157	68	2	66	2
2158	64	2	11	53
2159	66	2	2	64
2160	66	2	63	3
2161	68	2	2	66
2162	66	2	4	62
2163	64	2	64	0
2164	64	2	62	2
2165	66	2	2	64
2166	66	2	57	9
2167	66	2	52	14
2168	64	2	44	20
2169	68	2	2	66
2170	68	2	68	0
2171	66	2	3	63
2172	64	2	4	60
2173	68	2	2	66
2174	66	2	66	0
2175	68	2	66	2
2176	60	2	3	57
2177	70	2	67	3
2178	70	2	70	0
2179	68	2	55	13
2180	64	2	64	0
2181	66	2	3	63
2182	62	2	4	58
2183	62	2	59	3
2184	64	2	62	2
2185	66	2	61	5
2186	64	2	62	2
2187	64	2	64	0
2188	66	2	63	3
2189	66	2	2	64
2190	66	2	66	0
2191	68	2	3	65
2192	66	2	66	0
2193	60	2	2	58
2194	64	2	2	62
2195	66	2	1	65
2196	66	2	66	0
2197	62	2	60	2
2198	66	2	2	64
2199	64	2	3	61
2200	66	2	66	0
2201	66	2	64	2
2202	68	2	65	3
2203	62	2	62	0
2204	68	2	30	38
2205	66	2	60	6
2206	64	2	60	4
2207	68	2	68	0
2208	70	2	65	5
2209	68	2	0	68
2210	66	2	4	62
2211	66	2	61	5
2212	70	2	68	2
2213	68	2	0	68
2214	64	2	63	1
2215	68	2	68	0
2216	62	2	3	59
2217	66	2	0	66
2218	68	2	0	68
2219	66	2	15	51
2220	72	2	70	2
2221	68	2	3	65
2222	64	2	39	25
2223	64	2	2	62
2224	64	2	64	0
2225	68	2	22	46
2226	66	2	42	24
2227	64	2	2	62
2228	68	2	9	59
2229	64	2	2	62
2230	68	2	0	68
2231	70	2	68	2
2232	68	2	3	65
2233	66	2	3	63
2234	66	2	2	64
2235	62	2	21	41
2236	66	2	64	2
2237	64	2	2	62
2238	64	2	64	0
2239	70	2	2	68
2240	70	2	70	0
2241	66	2	66	0
2242	68	2	3	65
2243	62	2	0	62
2244	66	2	3	63
2245	66	2	65	1
2246	66	2	3	63
2247	64	2	62	2
2248	66	2	2	64
2249	66	2	66	0
2250	66	2	3	63
2251	64	2	2	62
2252	68	2	3	65
2253	66	2	1	65
2254	60	2	60	0
2255	68	2	5	63
2256	66	2	51	15
2257	66	2	64	2
2258	66	2	2	64
2259	64	2	64	0
2260	66	2	35	31
2261	64	2	62	2
2262	66	2	42	24
2263	66	2	2	64
2264	64	2	51	13
2265	68	2	65	3
2266	64	2	30	34
2267	66	2	46	20
2268	64	2	60	4
2269	70	2	67	3
2270	66	2	63	3
2271	64	2	3	61
2272	62	2	56	6
2273	66	2	4	62
2274	64	2	64	0
2275	66	2	64	2
2276	66	2	63	3
2277	64	2	2	62
2278	68	2	66	2
2279	64	2	57	7
2280	66	2	64	2
2281	64	2	2	62
2282	66	2	64	2
2283	68	2	68	0
2284	66	2	0	66
2285	66	2	4	62
2286	66	2	3	63
2287	68	2	2	66
2288	64	2	64	0
2289	64	2	62	2
2290	70	2	70	0
2291	64	2	64	0
2292	62	2	51	11
2293	70	2	68	2
2294	70	2	64	6
2295	62	2	57	5
2296	66	2	2	64
2297	64	2	2	62
2298	64	2	3	61
2299	68	2	66	2
2300	64	2	28	36
2301	70	2	68	2
2302	62	2	2	60
2303	64	2	63	1
2304	68	2	65	3
2305	70	2	70	0
2306	62	2	62	0
2307	66	2	2	64
2308	66	2	3	63
2309	66	2	2	64
2310	66	2	53	13
2311	66	2	64	2
2312	66	2	64	2
2313	66	2	64	2
2314	64	2	2	62
2315	66	2	66	0
2316	66	2	4	62
2317	66	2	63	3
2318	62	2	0	62
2319	64	2	8	56
2320	66	2	66	0
2321	68	2	63	5
2322	68	2	68	0
2323	70	2	67	3
2324	68	2	44	24
2325	62	2	59	3
2326	68	2	0	68
2327	66	2	8	58
2328	66	2	56	10
2329	64	2	1	63
2330	64	2	5	59
2331	64	2	2	62
2332	64	2	2	62
2333	62	2	51	11
2334	68	2	51	17
2335	62	2	2	60
2336	64	2	4	60
2337	68	2	0	68
2338	66	2	20	46
2339	66	2	64	2
2340	64	2	62	2
2341	66	2	4	62
2342	66	2	3	63
2343	66	2	0	66
2344	62	2	4	58
2345	70	2	70	0
2346	62	2	2	60
2347	66	2	64	2
2348	66	2	1	65
2349	66	2	2	64
2350	64	2	64	0
2351	68	2	3	65
2352	68	2	2	66
2353	68	2	65	3
2354	70	2	4	66
2355	68	2	4	64
2356	66	2	3	63
2357	66	2	62	4
2358	66	2	63	3
2359	70	2	70	0
2360	68	2	59	9
2361	68	2	14	54
2362	64	2	0	64
2363	64	2	42	22
2364	66	2	48	18
2365	66	2	66	0
2366	64	2	62	2
2367	68	2	68	0
2368	64	2	0	64
2369	64	2	3	61
2370	66	2	0	66
2371	68	2	11	57
2372	62	2	58	4
2373	66	2	66	0
2374	66	2	64	2
2375	64	2	62	2
2376	64	2	60	4
2377	64	2	63	1
2378	64	2	64	0
2379	64	2	3	61
2380	66	2	66	0
2381	72	2	70	2
2382	64	2	64	0
2383	64	2	2	62
2384	68	2	65	3
2385	68	2	2	66
2386	66	2	64	2
2387	66	2	3	63
2388	62	2	60	2
2389	64	2	62	2
2390	64	2	63	1
2391	68	2	4	64
2392	68	2	2	66
2393	66	2	66	0
2394	66	2	63	3
2395	66	2	3	63
2396	68	2	4	64
2397	68	2	2	66
2398	66	2	2	64
2399	66	2	66	0
2400	68	2	0	68
2401	70	2	70	0
2402	66	2	2	64
2403	68	2	62	6
2404	60	2	2	58
2405	62	2	62	0
2406	60	2	2	58
2407	66	2	0	66
2408	62	2	2	60
2409	66	2	3	63
2410	62	2	2	60
2411	64	2	62	2
2412	70	2	66	4
2413	66	2	66	0
2414	60	2	2	58
2415	68	2	66	2
2416	64	2	64	0
2417	68	2	4	64
2418	66	2	66	0
2419	66	2	62	4
2420	62	2	28	34
2421	68	2	65	3
2422	64	2	4	60
2423	62	2	13	49
2424	66	2	3	63
2425	70	2	66	4
2426	66	2	62	4
2427	64	2	12	52
2428	72	2	55	17
2429	64	2	64	0
2430	66	2	3	63
2431	66	2	4	62
2432	66	2	5	61
2433	68	2	68	0
2434	64	2	63	1
2435	66	2	65	1
2436	62	2	2	60
2437	68	2	62	6
2438	68	2	66	2
2439	68	2	2	66
2440	66	2	64	2
2441	64	2	2	62
2442	64	2	3	61
2443	60	2	56	4
2444	62	2	2	60
2445	72	2	71	1
2446	70	2	3	67
2447	62	2	60	2
2448	66	2	65	1
2449	64	2	59	5
2450	64	2	2	62
2451	66	2	2	64
2452	62	2	61	1
2453	70	2	70	0
2454	64	2	60	4
2455	66	2	50	16
2456	62	2	3	59
2457	60	2	58	2
2458	64	2	3	61
2459	66	2	3	63
2460	62	2	62	0
2461	68	2	59	9
2462	66	2	66	0
2463	64	2	31	33
2464	68	2	4	64
2465	68	2	64	4
2466	64	2	23	41
2467	64	2	64	0
2468	66	2	57	9
2469	66	2	63	3
2470	66	2	23	43
2471	68	2	66	2
2472	62	2	49	13
2473	64	2	39	25
2474	68	2	66	2
2475	68	2	0	68
2476	62	2	62	0
2477	66	2	66	0
2478	66	2	24	42
2479	68	2	3	65
2480	66	2	3	63
2481	66	2	2	64
2482	66	2	55	11
2483	70	2	3	67
2484	66	2	2	64
2485	64	2	64	0
2486	66	2	65	1
2487	64	2	62	2
2488	72	2	3	69
2489	64	2	2	62
2490	68	2	68	0
2491	68	2	65	3
2492	64	2	2	62
2493	62	2	61	1
2494	68	2	2	66
2495	66	2	0	66
2496	64	2	59	5
2497	68	2	3	65
2498	62	2	37	25
2499	68	2	63	5
2500	66	2	2	64
2501	72	2	2	70
2502	64	2	17	47
2503	62	2	53	9
2504	62	2	2	60
2505	68	2	68	0
2506	68	2	67	1
2507	62	2	0	62
2508	70	2	67	3
2509	64	2	2	62
2510	66	2	2	64
2511	68	2	2	66
2512	68	2	65	3
2513	68	2	4	64
2514	64	2	3	61
2515	62	2	60	2
2516	64	2	63	1
2517	64	2	4	60
2518	66	2	4	62
2519	66	2	4	62
2520	70	2	67	3
2521	68	2	15	53
2522	66	2	64	2
2523	72	2	70	2
2524	66	2	66	0
2525	70	2	68	2
2526	66	2	2	64
2527	66	2	59	7
2528	68	2	68	0
2529	66	2	2	64
2530	62	2	4	58
2531	66	2	2	64
2532	66	2	55	11
2533	66	2	66	0
2534	62	2	57	5
2535	64	2	4	60
2536	64	2	52	12
2537	66	2	59	7
2538	68	2	68	0
2539	64	2	2	62
2540	68	2	65	3
2541	64	2	3	61
2542	66	2	4	62
2543	68	2	68	0
2544	62	2	62	0
2545	66	2	63	3
2546	66	2	36	30
2547	64	2	64	0
2548	66	2	3	63
2549	70	2	68	2
2550	68	2	0	68
2551	70	2	65	5
2552	64	2	64	0
2553	62	2	3	59
2554	66	2	3	63
2555	68	2	68	0
2556	62	2	62	0
2557	62	2	60	2
2558	66	2	66	0
2559	66	2	33	33
2560	66	2	64	2
2561	68	2	66	2
2562	64	2	54	10
2563	66	2	13	53
2564	66	2	64	2
2565	62	2	2	60
2566	64	2	64	0
2567	64	2	59	5
2568	68	2	68	0
2569	64	2	54	10
2570	66	2	2	64
2571	68	2	66	2
2572	62	2	62	0
2573	64	2	59	5
2574	66	2	63	3
2575	64	2	64	0
2576	68	2	0	68
2577	64	2	2	62
2578	70	2	68	2
2579	68	2	40	28
2580	64	2	2	62
2581	62	2	2	60
2582	70	2	2	68
2583	66	2	3	63
2584	64	2	64	0
2585	66	2	7	59
2586	64	2	2	62
2587	66	2	66	0
2588	68	2	2	66
2589	60	2	3	57
2590	70	2	69	1
2591	68	2	64	4
2592	68	2	68	0
2593	66	2	53	13
2594	70	2	5	65
2595	66	2	3	63
2596	64	2	64	0
2597	66	2	1	65
2598	66	2	66	0
2599	66	2	44	22
2600	64	2	2	62
2601	66	2	2	64
2602	68	2	2	66
2603	66	2	4	62
2604	72	2	3	69
2605	64	2	63	1
2606	66	2	66	0
2607	64	2	2	62
2608	66	2	64	2
2609	66	2	64	2
2610	66	2	66	0
2611	68	2	3	65
2612	64	2	63	1
2613	64	2	3	61
2614	68	2	68	0
2615	68	2	68	0
2616	70	2	67	3
2617	66	2	3	63
2618	66	2	2	64
2619	64	2	64	0
2620	64	2	58	6
2621	66	2	64	2
2622	62	2	62	0
2623	62	2	4	58
2624	68	2	13	55
2625	64	2	64	0
2626	64	2	63	1
2627	64	2	0	64
2628	66	2	66	0
2629	64	2	2	62
2630	70	2	69	1
2631	70	2	3	67
2632	66	2	2	64
2633	64	2	2	62
2634	66	2	37	29
2635	66	2	2	64
2636	70	2	2	68
2637	62	2	1	61
2638	68	2	3	65
2639	70	2	68	2
2640	62	2	49	13
2641	68	2	68	0
2642	62	2	60	2
2643	66	2	3	63
2644	70	2	3	67
2645	66	2	58	8
2646	66	2	5	61
2647	64	2	3	61
2648	66	2	3	63
2649	68	2	3	65
2650	66	2	66	0
2651	66	2	3	63
2652	64	2	10	54
2653	60	2	2	58
2654	68	2	2	66
2655	66	2	6	60
2656	64	2	62	2
2657	66	2	2	64
2658	66	2	2	64
2659	68	2	66	2
2660	66	2	6	60
2661	64	2	6	58
2662	66	2	3	63
2663	68	2	59	9
2664	66	2	66	0
2665	66	2	7	59
2666	68	2	68	0
2667	68	2	68	0
2668	66	2	66	0
2669	68	2	9	59
2670	64	2	64	0
2671	64	2	64	0
2672	68	2	66	2
2673	66	2	37	29
2674	66	2	63	3
2675	66	2	3	63
2676	70	2	2	68
2677	68	2	3	65
2678	66	2	65	1
2679	68	2	68	0
2680	64	2	3	61
2681	64	2	4	60
2682	66	2	62	4
2683	64	2	62	2
2684	68	2	65	3
2685	70	2	70	0
2686	62	2	59	3
2687	64	2	64	0
2688	64	2	63	1
2689	64	2	35	29
2690	68	2	68	0
2691	64	2	16	48
2692	64	2	2	62
2693	68	2	65	3
2694	70	2	3	67
2695	66	2	3	63
2696	64	2	3	61
2697	66	2	18	48
2698	66	2	2	64
2699	68	2	68	0
2700	66	2	66	0
2701	64	2	3	61
2702	68	2	68	0
2703	62	2	55	7
2704	66	2	66	0
2705	66	2	7	59
2706	66	2	53	13
2707	66	2	66	0
2708	64	2	3	61
2709	66	2	2	64
2710	68	2	61	7
2711	66	2	6	60
2712	68	2	40	28
2713	66	2	66	0
2714	64	2	64	0
2715	66	2	2	64
2716	64	2	4	60
2717	68	2	67	1
2718	66	2	0	66
2719	68	2	39	29
2720	66	2	2	64
2721	64	2	39	25
2722	66	2	3	63
2723	66	2	64	2
2724	68	2	68	0
2725	66	2	65	1
2726	64	2	61	3
2727	62	2	48	14
2728	66	2	63	3
2729	70	2	70	0
2730	62	2	2	60
2731	68	2	57	11
2732	68	2	40	28
2733	68	2	65	3
2734	68	2	66	2
2735	68	2	68	0
2736	64	2	59	5
2737	62	2	51	11
2738	68	2	0	68
2739	66	2	2	64
2740	66	2	3	63
2741	64	2	3	61
2742	68	2	62	6
2743	66	2	61	5
2744	66	2	64	2
2745	64	2	55	9
2746	64	2	64	0
2747	68	2	58	10
2748	68	2	3	65
2749	70	2	4	66
2750	62	2	59	3
2751	70	2	32	38
2752	70	2	66	4
2753	64	2	59	5
2754	64	2	4	60
2755	64	2	58	6
2756	70	2	70	0
2757	68	2	68	0
2758	64	2	64	0
2759	66	2	2	64
2760	64	2	3	61
2761	64	2	0	64
2762	64	2	6	58
2763	66	2	4	62
2764	66	2	2	64
2765	72	2	3	69
2766	68	2	3	65
2767	64	2	3	61
2768	64	2	63	1
2769	64	2	2	62
2770	64	2	2	62
2771	64	2	54	10
2772	66	2	66	0
2773	68	2	3	65
2774	66	2	66	0
2775	64	2	64	0
2776	66	2	64	2
2777	64	2	4	60
2778	64	2	2	62
2779	62	2	9	53
2780	68	2	68	0
2781	62	2	62	0
2782	60	2	60	0
2783	68	2	2	66
2784	64	2	2	62
2785	72	2	72	0
2786	66	2	5	61
2787	66	2	6	60
2788	66	2	4	62
2789	68	2	6	62
2790	68	2	32	36
2791	64	2	64	0
2792	68	2	66	2
2793	66	2	2	64
2794	64	2	64	0
2795	66	2	3	63
2796	66	2	66	0
2797	64	2	2	62
2798	66	2	64	2
2799	70	2	50	20
2800	68	2	68	0
2801	66	2	66	0
2802	68	2	66	2
2803	62	2	2	60
2804	68	2	68	0
2805	64	2	62	2
2806	62	2	54	8
2807	66	2	66	0
2808	64	2	2	62
2809	68	2	62	6
2810	70	2	29	41
2811	60	2	51	9
2812	64	2	2	62
2813	64	2	64	0
2814	66	2	0	66
2815	68	2	3	65
2816	66	2	66	0
2817	66	2	0	66
2818	68	2	68	0
2819	68	2	3	65
2820	68	2	2	66
2821	68	2	3	65
2822	66	2	66	0
2823	66	2	66	0
2824	66	2	39	27
2825	66	2	60	6
2826	70	2	6	64
2827	62	2	62	0
2828	62	2	6	56
2829	68	2	41	27
2830	64	2	55	9
2831	70	2	68	2
2832	64	2	5	59
2833	62	2	59	3
2834	62	2	60	2
2835	64	2	3	61
2836	66	2	62	4
2837	68	2	5	63
2838	62	2	62	0
2839	70	2	63	7
2840	66	2	64	2
2841	68	2	4	64
2842	62	2	62	0
2843	66	2	65	1
2844	64	2	64	0
2845	64	2	64	0
2846	64	2	2	62
2847	70	2	67	3
2848	64	2	62	2
2849	68	2	4	64
2850	64	2	2	62
2851	66	2	63	3
2852	68	2	53	15
2853	70	2	68	2
2854	64	2	64	0
2855	66	2	66	0
2856	66	2	3	63
2857	66	2	64	2
2858	68	2	66	2
2859	62	2	22	40
2860	66	2	3	63
2861	66	2	3	63
2862	66	2	64	2
2863	66	2	37	29
2864	64	2	63	1
2865	60	2	0	60
2866	68	2	64	4
2867	68	2	66	2
2868	64	2	64	0
2869	66	2	66	0
2870	64	2	3	61
2871	66	2	53	13
2872	66	2	2	64
2873	64	2	2	62
2874	64	2	64	0
2875	64	2	59	5
2876	64	2	7	57
2877	64	2	64	0
2878	68	2	65	3
2879	68	2	54	14
2880	66	2	3	63
2881	64	2	0	64
2882	68	2	68	0
2883	66	2	62	4
2884	66	2	64	2
2885	64	2	62	2
2886	66	2	3	63
2887	66	2	2	64
2888	70	2	70	0
2889	68	2	2	66
2890	68	2	46	22
2891	66	2	63	3
2892	64	2	51	13
2893	64	2	60	4
2894	68	2	3	65
2895	64	2	2	62
2896	62	2	61	1
2897	66	2	56	10
2898	62	2	3	59
2899	64	2	64	0
2900	64	2	0	64
2901	62	2	59	3
2902	68	2	3	65
2903	64	2	64	0
2904	66	2	24	42
2905	64	2	3	61
2906	68	2	3	65
2907	66	2	2	64
2908	66	2	3	63
2909	66	2	2	64
2910	68	2	2	66
2911	66	2	66	0
2912	66	2	64	2
2913	64	2	64	0
2914	70	2	63	7
2915	66	2	4	62
2916	70	2	3	67
2917	66	2	65	1
2918	64	2	64	0
2919	62	2	62	0
2920	68	2	68	0
2921	66	2	66	0
2922	64	2	0	64
2923	66	2	2	64
2924	64	2	64	0
2925	64	2	61	3
2926	70	2	68	2
2927	64	2	4	60
2928	66	2	66	0
2929	68	2	2	66
2930	66	2	66	0
2931	70	2	3	67
2932	64	2	2	62
2933	64	2	0	64
2934	66	2	65	1
2935	64	2	64	0
2936	66	2	2	64
2937	70	2	70	0
2938	68	2	2	66
2939	60	2	2	58
2940	62	2	54	8
2941	64	2	4	60
2942	68	2	67	1
2943	66	2	15	51
2944	66	2	65	1
2945	66	2	66	0
2946	66	2	9	57
2947	66	2	2	64
2948	64	2	64	0
2949	68	2	55	13
2950	64	2	64	0
2951	66	2	2	64
2952	62	2	62	0
2953	66	2	66	0
2954	64	2	0	64
2955	64	2	54	10
2956	64	2	2	62
2957	70	2	69	1
2958	64	2	62	2
2959	68	2	2	66
2960	68	2	68	0
2961	64	2	61	3
2962	64	2	1	63
2963	68	2	52	16
2964	66	2	0	66
2965	66	2	3	63
2966	66	2	47	19
2967	66	2	9	57
2968	64	2	64	0
2969	68	2	60	8
2970	70	2	0	70
2971	64	2	19	45
2972	66	2	9	57
2973	64	2	58	6
2974	66	2	66	0
2975	64	2	0	64
2976	68	2	68	0
2977	64	2	58	6
2978	72	2	35	37
2979	64	2	3	61
2980	68	2	3	65
2981	66	2	66	0
2982	66	2	4	62
2983	66	2	3	63
2984	62	2	4	58
2985	64	2	64	0
2986	70	2	1	69
2987	62	2	62	0
2988	70	2	0	70
2989	64	2	61	3
2990	66	2	64	2
2991	66	2	3	63
2992	66	2	64	2
2993	72	2	12	60
2994	68	2	33	35
2995	66	2	66	0
2996	64	2	64	0
2997	66	2	66	0
2998	66	2	66	0
2999	68	2	2	66
3000	70	2	6	64
3001	64	2	63	1
3002	64	2	62	2
3003	68	2	30	38
3004	68	2	68	0
3005	66	2	66	0
3006	64	2	3	61
3007	62	2	3	59
3008	70	2	0	70
3009	64	2	2	62
3010	66	2	2	64
3011	64	2	2	62
3012	64	2	64	0
3013	62	2	23	39
3014	68	2	4	64
3015	66	2	3	63
3016	66	2	64	2
3017	68	2	2	66
3018	68	2	3	65
3019	64	2	0	64
3020	68	2	68	0
3021	66	2	65	1
3022	64	2	9	55
3023	68	2	3	65
3024	70	2	57	13
3025	64	2	62	2
3026	66	2	66	0
3027	66	2	4	62
3028	64	2	48	16
3029	66	2	2	64
3030	64	2	6	58
3031	66	2	66	0
3032	64	2	2	62
3033	60	2	60	0
3034	68	2	68	0
3035	68	2	2	66
3036	70	2	2	68
3037	68	2	68	0
3038	64	2	2	62
3039	68	2	2	66
3040	64	2	64	0
3041	68	2	58	10
3042	66	2	2	64
3043	66	2	2	64
3044	68	2	67	1
3045	66	2	1	65
3046	64	2	4	60
3047	68	2	67	1
3048	64	2	2	62
3049	68	2	3	65
3050	60	2	60	0
3051	68	2	66	2
3052	64	2	2	62
3053	62	2	2	60
3054	64	2	3	61
3055	64	2	2	62
3056	68	2	65	3
3057	66	2	1	65
3058	68	2	2	66
3059	66	2	31	35
3060	66	2	21	45
3061	64	2	64	0
3062	68	2	66	2
3063	68	2	66	2
3064	66	2	65	1
3065	66	2	49	17
3066	64	2	62	2
3067	66	2	0	66
3068	64	2	64	0
3069	66	2	59	7
3070	62	2	62	0
3071	66	2	30	36
3072	68	2	2	66
3073	66	2	64	2
3074	64	2	64	0
3075	68	2	68	0
3076	66	2	3	63
3077	64	2	23	41
3078	64	2	2	62
3079	66	2	3	63
3080	70	2	2	68
3081	62	2	0	62
3082	66	2	3	63
3083	66	2	3	63
3084	66	2	2	64
3085	70	2	2	68
3086	64	2	63	1
3087	70	2	70	0
3088	68	2	2	66
3089	68	2	2	66
3090	64	2	63	1
3091	66	2	3	63
3092	66	2	66	0
3093	68	2	9	59
3094	70	2	70	0
3095	68	2	68	0
3096	64	2	64	0
3097	64	2	2	62
3098	68	2	68	0
3099	60	2	2	58
3100	66	2	35	31
3101	62	2	12	50
3102	64	2	47	17
3103	62	2	8	54
3104	66	2	15	51
3105	66	2	2	64
3106	68	2	2	66
3107	66	2	63	3
3108	64	2	40	24
3109	68	2	3	65
3110	66	2	64	2
3111	70	2	4	66
3112	62	2	62	0
3113	68	2	65	3
3114	62	2	2	60
3115	64	2	64	0
3116	68	2	0	68
3117	66	2	50	16
3118	66	2	66	0
3119	68	2	12	56
3120	68	2	2	66
3121	66	2	29	37
3122	64	2	51	13
3123	66	2	16	50
3124	66	2	3	63
3125	68	2	68	0
3126	66	2	63	3
3127	66	2	4	62
3128	66	2	3	63
3129	70	2	2	68
3130	66	2	61	5
3131	60	2	2	58
3132	66	2	65	1
3133	68	2	2	66
3134	66	2	66	0
3135	66	2	2	64
3136	64	2	2	62
3137	66	2	31	35
3138	70	2	3	67
3139	66	2	64	2
3140	66	2	65	1
3141	66	2	3	63
3142	66	2	63	3
3143	60	2	59	1
3144	64	2	3	61
3145	70	2	70	0
3146	66	2	32	34
3147	66	2	63	3
3148	66	2	3	63
3149	68	2	66	2
3150	66	2	2	64
3151	68	2	0	68
3152	68	2	2	66
3153	66	2	61	5
3154	64	2	62	2
3155	68	2	3	65
3156	64	2	60	4
3157	66	2	3	63
3158	70	2	0	70
3159	64	2	2	62
3160	64	2	60	4
3161	66	2	63	3
3162	62	2	3	59
3163	68	2	58	10
3164	68	2	58	10
3165	62	2	4	58
3166	68	2	2	66
3167	68	2	24	44
3168	64	2	64	0
3169	64	2	61	3
3170	66	2	64	2
3171	66	2	64	2
3172	66	2	66	0
3173	62	2	3	59
3174	68	2	2	66
3175	66	2	2	64
3176	68	2	68	0
3177	62	2	1	61
3178	62	2	30	32
3179	66	2	66	0
3180	66	2	2	64
3181	70	2	4	66
3182	62	2	2	60
3183	66	2	66	0
3184	64	2	5	59
3185	66	2	50	16
3186	64	2	62	2
3187	66	2	8	58
3188	64	2	2	62
3189	64	2	31	33
3190	66	2	63	3
3191	62	2	59	3
3192	64	2	44	20
3193	64	2	63	1
3194	62	2	56	6
3195	66	2	66	0
3196	66	2	66	0
3197	62	2	57	5
3198	68	2	3	65
3199	66	2	3	63
3200	66	2	65	1
3201	68	2	3	65
3202	68	2	52	16
3203	68	2	66	2
3204	66	2	3	63
3205	62	2	3	59
3206	70	2	68	2
3207	64	2	64	0
3208	66	2	46	20
3209	68	2	68	0
3210	64	2	2	62
3211	64	2	8	56
3212	66	2	66	0
3213	66	2	3	63
3214	68	2	36	32
3215	66	2	33	33
3216	72	2	62	10
3217	66	2	64	2
3218	66	2	64	2
3219	66	2	2	64
3220	66	2	0	66
3221	64	2	2	62
3222	66	2	28	38
3223	72	2	3	69
3224	64	2	4	60
3225	68	2	5	63
3226	64	2	64	0
3227	62	2	2	60
3228	68	2	66	2
3229	64	2	35	29
3230	68	2	2	66
3231	68	2	0	68
3232	64	2	3	61
3233	70	2	70	0
3234	64	2	61	3
3235	66	2	64	2
3236	64	2	64	0
3237	68	2	2	66
3238	64	2	61	3
3239	66	2	4	62
3240	66	2	66	0
3241	64	2	3	61
3242	64	2	2	62
3243	66	2	3	63
3244	64	2	3	61
3245	70	2	3	67
3246	66	2	3	63
3247	68	2	12	56
3248	64	2	2	62
3249	68	2	68	0
3250	64	2	64	0
3251	62	2	57	5
3252	68	2	4	64
3253	68	2	66	2
3254	64	2	2	62
3255	68	2	65	3
3256	66	2	66	0
3257	64	2	2	62
3258	68	2	2	66
3259	64	2	62	2
3260	66	2	66	0
3261	64	2	62	2
3262	68	2	2	66
3263	64	2	64	0
3264	66	2	3	63
3265	66	2	62	4
3266	64	2	0	64
3267	62	2	2	60
3268	64	2	26	38
3269	64	2	2	62
3270	64	2	55	9
3271	66	2	2	64
3272	62	2	3	59
3273	66	2	66	0
3274	66	2	29	37
3275	68	2	2	66
3276	68	2	66	2
3277	70	2	5	65
3278	70	2	2	68
3279	72	2	71	1
3280	66	2	56	10
3281	62	2	62	0
3282	66	2	2	64
3283	66	2	0	66
3284	62	2	7	55
3285	64	2	64	0
3286	66	2	4	62
3287	66	2	0	66
3288	66	2	61	5
3289	68	2	3	65
3290	64	2	7	57
3291	64	2	5	59
3292	62	2	62	0
3293	66	2	34	32
3294	68	2	68	0
3295	64	2	1	63
3296	68	2	68	0
3297	62	2	2	60
3298	70	2	67	3
3299	66	2	3	63
3300	64	2	2	62
3301	64	2	2	62
3302	72	2	71	1
3303	64	2	3	61
3304	64	2	2	62
3305	64	2	56	8
3306	62	2	59	3
3307	64	2	62	2
3308	70	2	68	2
3309	62	2	58	4
3310	70	2	64	6
3311	70	2	68	2
3312	64	2	2	62
3313	66	2	3	63
3314	66	2	2	64
3315	66	2	3	63
3316	62	2	2	60
3317	62	2	3	59
3318	68	2	2	66
3319	70	2	0	70
3320	68	2	4	64
3321	66	2	54	12
3322	62	2	62	0
3323	66	2	64	2
3324	66	2	66	0
3325	62	2	62	0
3326	70	2	68	2
3327	70	2	3	67
3328	64	2	64	0
3329	62	2	62	0
3330	64	2	3	61
3331	64	2	56	8
3332	64	2	5	59
3333	66	2	64	2
3334	64	2	4	60
3335	64	2	64	0
3336	66	2	3	63
3337	64	2	62	2
3338	66	2	2	64
3339	72	2	4	68
3340	62	2	3	59
3341	66	2	61	5
3342	68	2	68	0
3343	66	2	64	2
3344	66	2	66	0
3345	70	2	0	70
3346	62	2	62	0
3347	68	2	2	66
3348	66	2	64	2
3349	68	2	3	65
3350	66	2	66	0
3351	66	2	3	63
3352	62	2	3	59
3353	68	2	15	53
3354	64	2	24	40
3355	64	2	62	2
3356	62	2	2	60
3357	64	2	2	62
3358	66	2	0	66
3359	62	2	2	60
3360	70	2	3	67
3361	68	2	67	1
3362	70	2	68	2
3363	62	2	60	2
3364	64	2	4	60
3365	68	2	2	66
3366	60	2	55	5
3367	64	2	60	4
3368	64	2	61	3
3369	70	2	64	6
3370	68	2	0	68
3371	66	2	2	64
3372	64	2	7	57
3373	64	2	64	0
3374	68	2	67	1
3375	68	2	2	66
3376	64	2	57	7
3377	68	2	66	2
3378	64	2	4	60
3379	66	2	66	0
3380	66	2	26	40
3381	68	2	62	6
3382	62	2	3	59
3383	70	2	61	9
3384	68	2	3	65
3385	66	2	23	43
3386	66	2	5	61
3387	70	2	67	3
3388	66	2	56	10
3389	68	2	64	4
3390	68	2	59	9
3391	62	2	2	60
3392	64	2	2	62
3393	66	2	58	8
3394	62	2	6	56
3395	64	2	61	3
3396	62	2	3	59
3397	68	2	68	0
3398	66	2	66	0
3399	68	2	2	66
3400	70	2	70	0
3401	68	2	67	1
3402	66	2	2	64
3403	62	2	62	0
3404	68	2	2	66
3405	68	2	66	2
3406	60	2	22	38
3407	64	2	46	18
3408	64	2	62	2
3409	66	2	57	9
3410	68	2	2	66
3411	66	2	53	13
3412	64	2	11	53
3413	66	2	66	0
3414	70	2	3	67
3415	66	2	57	9
3416	66	2	2	64
3417	66	2	62	4
3418	66	2	2	64
3419	68	2	68	0
3420	66	2	1	65
3421	68	2	4	64
3422	70	2	5	65
3423	66	2	64	2
3424	64	2	62	2
3425	66	2	2	64
3426	72	2	2	70
3427	68	2	68	0
3428	60	2	57	3
3429	64	2	59	5
3430	66	2	2	64
3431	66	2	2	64
3432	62	2	48	14
3433	68	2	66	2
3434	62	2	29	33
3435	64	2	2	62
3436	68	2	2	66
3437	62	2	62	0
3438	70	2	20	50
3439	64	2	3	61
3440	66	2	40	26
3441	70	2	70	0
3442	68	2	3	65
3443	66	2	59	7
3444	64	2	2	62
3445	66	2	64	2
3446	62	2	8	54
3447	60	2	60	0
3448	62	2	62	0
3449	66	2	2	64
3450	66	2	63	3
3451	70	2	0	70
3452	60	2	2	58
3453	68	2	64	4
3454	66	2	63	3
3455	64	2	2	62
3456	66	2	2	64
3457	64	2	53	11
3458	64	2	1	63
3459	62	2	57	5
3460	68	2	14	54
3461	66	2	10	56
3462	64	2	2	62
3463	64	2	57	7
3464	70	2	70	0
3465	62	2	60	2
3466	64	2	3	61
3467	66	2	66	0
3468	68	2	33	35
3469	66	2	63	3
3470	62	2	62	0
3471	68	2	2	66
3472	68	2	65	3
3473	64	2	64	0
3474	68	2	2	66
3475	62	2	3	59
3476	66	2	3	63
3477	66	2	6	60
3478	64	2	64	0
3479	66	2	3	63
3480	72	2	72	0
3481	64	2	62	2
3482	66	2	0	66
3483	66	2	2	64
3484	68	2	3	65
3485	68	2	68	0
3486	66	2	64	2
3487	68	2	66	2
3488	62	2	62	0
3489	66	2	66	0
3490	64	2	62	2
3491	64	2	3	61
3492	66	2	0	66
3493	66	2	3	63
3494	66	2	61	5
3495	68	2	2	66
3496	72	2	72	0
3497	68	2	3	65
3498	64	2	2	62
3499	60	2	57	3
3500	64	2	63	1
3501	64	2	3	61
3502	68	2	4	64
3503	68	2	68	0
3504	68	2	3	65
3505	66	2	2	64
3506	66	2	41	25
3507	64	2	64	0
3508	64	2	64	0
3509	70	2	70	0
3510	68	2	66	2
3511	62	2	58	4
3512	68	2	36	32
3513	62	2	3	59
3514	66	2	66	0
3515	64	2	54	10
3516	62	2	62	0
3517	66	2	2	64
3518	62	2	61	1
3519	68	2	60	8
3520	66	2	64	2
3521	64	2	2	62
3522	68	2	7	61
3523	66	2	3	63
3524	64	2	4	60
3525	70	2	4	66
3526	62	2	0	62
3527	64	2	64	0
3528	64	2	23	41
3529	62	2	62	0
3530	70	2	70	0
3531	68	2	68	0
3532	66	2	1	65
3533	62	2	4	58
3534	68	2	68	0
3535	64	2	64	0
3536	66	2	62	4
3537	68	2	3	65
3538	68	2	68	0
3539	64	2	62	2
3540	64	2	59	5
3541	64	2	62	2
3542	64	2	61	3
3543	66	2	65	1
3544	64	2	57	7
3545	66	2	56	10
3546	68	2	2	66
3547	62	2	62	0
3548	70	2	1	69
3549	66	2	65	1
3550	70	2	70	0
3551	62	2	5	57
3552	68	2	2	66
3553	70	2	3	67
3554	62	2	22	40
3555	66	2	3	63
3556	62	2	62	0
3557	66	2	34	32
3558	64	2	2	62
3559	68	2	66	2
3560	68	2	68	0
3561	66	2	4	62
3562	66	2	19	47
3563	64	2	2	62
3564	68	2	2	66
3565	62	2	62	0
3566	68	2	66	2
3567	62	2	60	2
3568	68	2	2	66
3569	68	2	3	65
3570	66	2	2	64
3571	68	2	2	66
3572	68	2	65	3
3573	66	2	3	63
3574	70	2	56	14
3575	68	2	6	62
3576	66	2	55	11
3577	72	2	61	11
3578	64	2	61	3
3579	66	2	65	1
3580	62	2	52	10
3581	68	2	14	54
3582	64	2	62	2
3583	66	2	2	64
3584	66	2	59	7
3585	72	2	50	22
3586	66	2	51	15
3587	62	2	62	0
3588	68	2	3	65
3589	70	2	2	68
3590	70	2	5	65
3591	62	2	62	0
3592	62	2	2	60
3593	68	2	66	2
3594	64	2	3	61
3595	68	2	65	3
3596	66	2	2	64
3597	66	2	58	8
3598	66	2	65	1
3599	64	2	32	32
3600	70	2	54	16
3601	68	2	48	20
3602	64	2	4	60
3603	62	2	46	16
3604	66	2	65	1
3605	68	2	68	0
3606	64	2	64	0
3607	64	2	3	61
3608	66	2	2	64
3609	70	2	22	48
3610	64	2	63	1
3611	64	2	2	62
3612	66	2	51	15
3613	64	2	2	62
3614	64	2	64	0
3615	64	2	64	0
3616	62	2	49	13
3617	70	2	70	0
3618	66	2	2	64
3619	70	2	69	1
3620	62	2	62	0
3621	66	2	66	0
3622	70	2	2	68
3623	66	2	23	43
3624	70	2	51	19
3625	66	2	3	63
3626	64	2	64	0
3627	64	2	2	62
3628	68	2	68	0
3629	66	2	63	3
3630	68	2	2	66
3631	64	2	61	3
3632	66	2	61	5
3633	64	2	58	6
3634	62	2	57	5
3635	64	2	3	61
3636	66	2	66	0
3637	66	2	64	2
3638	64	2	64	0
3639	64	2	64	0
3640	64	2	48	16
3641	64	2	6	58
3642	66	2	4	62
3643	66	2	7	59
3644	70	2	2	68
3645	72	2	39	33
3646	66	2	24	42
3647	68	2	2	66
3648	62	2	62	0
3649	66	2	4	62
3650	62	2	41	21
3651	68	2	2	66
3652	68	2	3	65
3653	62	2	59	3
3654	64	2	58	6
3655	68	2	2	66
3656	64	2	62	2
3657	66	2	4	62
3658	68	2	66	2
3659	64	2	62	2
3660	64	2	62	2
3661	64	2	64	0
3662	68	2	2	66
3663	64	2	48	16
3664	62	2	62	0
3665	68	2	4	64
3666	62	2	3	59
3667	68	2	66	2
3668	68	2	49	19
3669	64	2	11	53
3670	64	2	0	64
3671	64	2	2	62
3672	66	2	0	66
3673	66	2	64	2
3674	68	2	65	3
3675	64	2	59	5
3676	72	2	40	32
3677	70	2	57	13
3678	68	2	20	48
3679	68	2	62	6
3680	68	2	3	65
3681	68	2	66	2
3682	66	2	8	58
3683	66	2	2	64
3684	66	2	66	0
3685	66	2	66	0
3686	64	2	64	0
3687	68	2	68	0
3688	70	2	62	8
3689	66	2	64	2
3690	64	2	63	1
3691	70	2	38	32
3692	64	2	0	64
3693	66	2	58	8
3694	64	2	49	15
3695	72	2	70	2
3696	66	2	2	64
3697	66	2	3	63
3698	66	2	2	64
3699	70	2	3	67
3700	66	2	2	64
3701	66	2	5	61
3702	68	2	66	2
3703	64	2	62	2
3704	70	2	13	57
3705	68	2	2	66
3706	66	2	4	62
3707	64	2	0	64
3708	64	2	64	0
3709	66	2	2	64
3710	64	2	3	61
3711	68	2	2	66
3712	66	2	64	2
3713	66	2	22	44
3714	64	2	60	4
3715	70	2	70	0
3716	66	2	2	64
3717	68	2	2	66
3718	66	2	66	0
3719	64	2	61	3
3720	68	2	2	66
3721	66	2	64	2
3722	68	2	4	64
3723	68	2	2	66
3724	68	2	66	2
3725	68	2	66	2
3726	66	2	56	10
3727	62	2	60	2
3728	68	2	65	3
3729	64	2	3	61
3730	62	2	57	5
3731	64	2	2	62
3732	66	2	64	2
3733	66	2	64	2
3734	62	2	2	60
3735	62	2	59	3
3736	66	2	61	5
3737	68	2	62	6
3738	68	2	58	10
3739	64	2	3	61
3740	66	2	4	62
3741	66	2	3	63
3742	66	2	3	63
3743	72	2	72	0
3744	64	2	62	2
3745	62	2	51	11
3746	64	2	50	14
3747	68	2	65	3
3748	66	2	6	60
3749	66	2	66	0
3750	66	2	66	0
3751	68	2	3	65
3752	70	2	70	0
3753	64	2	4	60
3754	66	2	3	63
3755	64	2	27	37
3756	70	2	2	68
3757	70	2	70	0
3758	64	2	4	60
3759	66	2	4	62
3760	64	2	61	3
3761	62	2	60	2
3762	64	2	59	5
3763	66	2	66	0
3764	64	2	1	63
3765	72	2	72	0
3766	66	2	66	0
3767	68	2	63	5
3768	70	2	50	20
3769	64	2	2	62
3770	66	2	65	1
3771	70	2	56	14
3772	64	2	64	0
3773	64	2	64	0
3774	64	2	2	62
3775	66	2	2	64
3776	66	2	66	0
3777	62	2	3	59
3778	64	2	2	62
3779	66	2	66	0
3780	66	2	61	5
3781	66	2	3	63
3782	68	2	46	22
3783	68	2	66	2
3784	66	2	6	60
3785	64	2	62	2
3786	66	2	57	9
3787	62	2	60	2
3788	70	2	6	64
3789	64	2	29	35
3790	66	2	3	63
3791	64	2	2	62
3792	64	2	4	60
3793	66	2	5	61
3794	66	2	3	63
3795	68	2	26	42
3796	64	2	62	2
3797	68	2	61	7
3798	66	2	56	10
3799	66	2	54	12
3800	62	2	62	0
3801	66	2	66	0
3802	66	2	59	7
3803	64	2	52	12
3804	70	2	63	7
3805	64	2	5	59
3806	66	2	7	59
3807	62	2	62	0
3808	66	2	2	64
3809	68	2	6	62
3810	64	2	62	2
3811	62	2	3	59
3812	66	2	64	2
3813	68	2	68	0
3814	64	2	23	41
3815	64	2	7	57
3816	68	2	56	12
3817	64	2	52	12
3818	66	2	64	2
3819	64	2	10	54
3820	70	2	68	2
3821	60	2	56	4
3822	66	2	66	0
3823	62	2	9	53
3824	66	2	60	6
3825	64	2	2	62
3826	66	2	66	0
3827	62	2	58	4
3828	66	2	60	6
3829	64	2	25	39
3830	66	2	65	1
3831	64	2	3	61
3832	66	2	9	57
3833	66	2	4	62
3834	66	2	2	64
3835	64	2	62	2
3836	64	2	2	62
3837	62	2	0	62
3838	66	2	66	0
3839	66	2	66	0
3840	64	2	53	11
3841	72	2	3	69
3842	62	2	61	1
3843	62	2	3	59
3844	68	2	68	0
3845	66	2	65	1
3846	60	2	2	58
3847	68	2	2	66
3848	70	2	54	16
3849	68	2	64	4
3850	64	2	2	62
3851	64	2	62	2
3852	68	2	68	0
3853	60	2	58	2
3854	66	2	62	4
3855	62	2	2	60
3856	68	2	18	50
3857	66	2	3	63
3858	62	2	44	18
3859	66	2	18	48
3860	62	2	61	1
3861	64	2	2	62
3862	64	2	3	61
3863	68	2	2	66
3864	62	2	60	2
3865	64	2	2	62
3866	64	2	2	62
3867	64	2	64	0
3868	66	2	0	66
3869	66	2	63	3
3870	66	2	64	2
3871	70	2	29	41
3872	66	2	64	2
3873	66	2	66	0
3874	62	2	3	59
3875	68	2	64	4
3876	66	2	58	8
3877	66	2	2	64
3878	68	2	64	4
3879	64	2	4	60
3880	64	2	64	0
3881	70	2	0	70
3882	66	2	24	42
3883	60	2	28	32
3884	68	2	4	64
3885	66	2	23	43
3886	68	2	61	7
3887	68	2	2	66
3888	68	2	68	0
3889	64	2	62	2
3890	64	2	2	62
3891	66	2	2	64
3892	68	2	64	4
3893	64	2	61	3
3894	66	2	61	5
3895	66	2	16	50
3896	64	2	61	3
3897	62	2	60	2
3898	66	2	4	62
3899	64	2	49	15
3900	68	2	3	65
3901	68	2	66	2
3902	66	2	2	64
3903	64	2	2	62
3904	70	2	2	68
3905	66	2	2	64
3906	64	2	2	62
3907	66	2	2	64
3908	64	2	64	0
3909	66	2	64	2
3910	64	2	2	62
3911	62	2	4	58
3912	68	2	10	58
3913	66	2	3	63
3914	68	2	3	65
3915	64	2	3	61
3916	64	2	62	2
3917	62	2	60	2
3918	68	2	17	51
3919	66	2	66	0
3920	66	2	1	65
3921	62	2	62	0
3922	70	2	70	0
3923	66	2	3	63
3924	66	2	3	63
3925	66	2	66	0
3926	64	2	2	62
3927	64	2	60	4
3928	66	2	5	61
3929	68	2	67	1
3930	64	2	2	62
3931	68	2	2	66
3932	66	2	66	0
3933	66	2	2	64
3934	64	2	3	61
3935	70	2	70	0
3936	64	2	5	59
3937	62	2	54	8
3938	66	2	4	62
3939	66	2	35	31
3940	64	2	60	4
3941	64	2	2	62
3942	64	2	64	0
3943	64	2	2	62
3944	66	2	51	15
3945	68	2	65	3
3946	64	2	64	0
3947	68	2	2	66
3948	66	2	50	16
3949	68	2	2	66
3950	68	2	17	51
3951	68	2	59	9
3952	66	2	66	0
3953	66	2	63	3
3954	66	2	31	35
3955	66	2	62	4
3956	64	2	3	61
3957	68	2	67	1
3958	68	2	47	21
3959	68	2	67	1
3960	64	2	61	3
3961	64	2	3	61
3962	68	2	66	2
3963	66	2	64	2
3964	64	2	0	64
3965	68	2	68	0
3966	64	2	17	47
3967	66	2	65	1
3968	62	2	2	60
3969	66	2	61	5
3970	66	2	10	56
3971	64	2	3	61
3972	66	2	16	50
3973	66	2	66	0
3974	62	2	2	60
3975	64	2	2	62
3976	62	2	55	7
3977	60	2	57	3
3978	64	2	60	4
3979	66	2	24	42
3980	64	2	4	60
3981	68	2	2	66
3982	66	2	64	2
3983	62	2	59	3
3984	64	2	3	61
3985	66	2	64	2
3986	64	2	59	5
3987	66	2	0	66
3988	62	2	2	60
3989	68	2	5	63
3990	68	2	68	0
3991	68	2	68	0
3992	62	2	60	2
3993	64	2	37	27
3994	70	2	39	31
3995	68	2	68	0
3996	68	2	4	64
3997	64	2	6	58
3998	64	2	2	62
3999	66	2	2	64
4000	68	2	64	4
4001	68	2	36	32
4002	68	2	68	0
4003	68	2	4	64
4004	66	2	2	64
4005	66	2	59	7
4006	68	2	61	7
4007	64	2	62	2
4008	64	2	5	59
4009	64	2	2	62
4010	64	2	64	0
4011	66	2	2	64
4012	64	2	58	6
4013	66	2	62	4
4014	66	2	3	63
4015	64	2	2	62
4016	64	2	43	21
4017	66	2	66	0
4018	68	2	68	0
4019	66	2	9	57
4020	68	2	66	2
4021	64	2	3	61
4022	66	2	5	61
4023	66	2	66	0
4024	64	2	64	0
4025	70	2	18	52
4026	64	2	3	61
4027	66	2	2	64
4028	66	2	54	12
4029	64	2	3	61
4030	64	2	3	61
4031	66	2	2	64
4032	66	2	66	0
4033	66	2	2	64
4034	66	2	66	0
4035	68	2	64	4
4036	62	2	60	2
4037	64	2	64	0
4038	68	2	2	66
4039	66	2	60	6
4040	64	2	2	62
4041	66	2	2	64
4042	66	2	66	0
4043	70	2	2	68
4044	64	2	63	1
4045	70	2	58	12
4046	66	2	3	63
4047	68	2	66	2
4048	64	2	30	34
4049	60	2	3	57
4050	68	2	64	4
4051	68	2	68	0
4052	66	2	64	2
4053	66	2	2	64
4054	64	2	6	58
4055	64	2	64	0
4056	66	2	2	64
4057	64	2	64	0
4058	62	2	60	2
4059	66	2	66	0
4060	64	2	4	60
4061	66	2	64	2
4062	66	2	62	4
4063	64	2	4	60
4064	64	2	4	60
4065	68	2	52	16
4066	64	2	64	0
4067	70	2	70	0
4068	64	2	12	52
4069	72	2	6	66
4070	64	2	61	3
4071	66	2	4	62
4072	70	2	64	6
4073	68	2	68	0
4074	68	2	66	2
4075	68	2	66	2
4076	62	2	42	20
4077	64	2	60	4
4078	66	2	64	2
4079	68	2	3	65
4080	64	2	50	14
4081	64	2	4	60
4082	62	2	12	50
4083	62	2	55	7
4084	62	2	2	60
4085	64	2	61	3
4086	66	2	2	64
4087	64	2	2	62
4088	64	2	2	62
4089	64	2	59	5
4090	66	2	0	66
4091	64	2	64	0
4092	68	2	0	68
4093	64	2	2	62
4094	62	2	62	0
4095	64	2	2	62
4096	68	2	68	0
4097	64	2	8	56
4098	66	2	66	0
4099	62	2	55	7
4100	68	2	68	0
4101	66	2	63	3
4102	68	2	64	4
4103	66	2	66	0
4104	66	2	2	64
4105	68	2	64	4
4106	64	2	64	0
4107	66	2	46	20
4108	66	2	2	64
4109	60	2	1	59
4110	70	2	3	67
4111	64	2	2	62
4112	62	2	54	8
4113	62	2	3	59
4114	58	2	38	20
4115	66	2	6	60
4116	66	2	56	10
4117	64	2	3	61
4118	64	2	33	31
4119	62	2	1	61
4120	64	2	59	5
4121	62	2	0	62
4122	66	2	45	21
4123	64	2	64	0
4124	66	2	2	64
4125	68	2	10	58
4126	70	2	68	2
4127	70	2	2	68
4128	64	2	2	62
4129	64	2	2	62
4130	68	2	5	63
4131	64	2	64	0
4132	68	2	68	0
4133	62	2	2	60
4134	64	2	3	61
4135	66	2	4	62
4136	66	2	0	66
4137	68	2	68	0
4138	62	2	3	59
4139	66	2	4	62
4140	66	2	0	66
4141	68	2	68	0
4142	70	2	44	26
4143	68	2	68	0
4144	64	2	59	5
4145	64	2	61	3
4146	66	2	3	63
4147	68	2	67	1
4148	66	2	2	64
4149	64	2	61	3
4150	68	2	66	2
4151	62	2	2	60
4152	64	2	55	9
4153	66	2	66	0
4154	66	2	64	2
4155	70	2	1	69
4156	64	2	62	2
4157	68	2	2	66
4158	66	2	3	63
4159	62	2	4	58
4160	72	2	54	18
4161	68	2	2	66
4162	68	2	2	66
4163	62	2	3	59
4164	64	2	62	2
4165	64	2	22	42
4166	66	2	66	0
4167	68	2	65	3
4168	64	2	2	62
4169	66	2	66	0
4170	64	2	2	62
4171	64	2	3	61
4172	62	2	2	60
4173	64	2	2	62
4174	70	2	3	67
4175	68	2	3	65
4176	62	2	3	59
4177	62	2	3	59
4178	64	2	63	1
4179	68	2	68	0
4180	64	2	2	62
4181	64	2	3	61
4182	68	2	0	68
4183	64	2	53	11
4184	68	2	3	65
4185	66	2	64	2
4186	68	2	3	65
4187	66	2	12	54
4188	64	2	3	61
4189	66	2	4	62
4190	62	2	3	59
4191	64	2	59	5
4192	68	2	68	0
4193	62	2	2	60
4194	66	2	3	63
4195	66	2	66	0
4196	66	2	2	64
4197	66	2	66	0
4198	70	2	3	67
4199	66	2	66	0
4200	72	2	72	0
4201	66	2	3	63
4202	68	2	45	23
4203	70	2	70	0
4204	70	2	2	68
4205	64	2	2	62
4206	72	2	53	19
4207	68	2	66	2
4208	64	2	49	15
4209	62	2	62	0
4210	66	2	4	62
4211	68	2	2	66
4212	70	2	70	0
4213	64	2	0	64
4214	68	2	5	63
4215	68	2	68	0
4216	62	2	60	2
4217	68	2	44	24
4218	70	2	3	67
4219	68	2	64	4
4220	64	2	64	0
4221	64	2	25	39
4222	70	2	24	46
4223	66	2	62	4
4224	62	2	56	6
4225	62	2	62	0
4226	70	2	37	33
4227	64	2	62	2
4228	66	2	3	63
4229	68	2	67	1
4230	70	2	64	6
4231	70	2	2	68
4232	62	2	2	60
4233	64	2	38	26
4234	64	2	64	0
4235	64	2	2	62
4236	70	2	4	66
4237	66	2	5	61
4238	66	2	66	0
4239	66	2	3	63
4240	62	2	2	60
4241	62	2	2	60
4242	64	2	40	24
4243	70	2	69	1
4244	70	2	6	64
4245	66	2	66	0
4246	72	2	70	2
4247	68	2	66	2
4248	66	2	66	0
4249	66	2	6	60
4250	68	2	7	61
4251	66	2	55	11
4252	68	2	0	68
4253	68	2	65	3
4254	68	2	36	32
4255	68	2	23	45
4256	72	2	69	3
4257	64	2	3	61
4258	62	2	32	30
4259	66	2	2	64
4260	70	2	68	2
4261	66	2	2	64
4262	68	2	68	0
4263	60	2	39	21
4264	66	2	2	64
4265	66	2	66	0
4266	68	2	68	0
4267	68	2	7	61
4268	70	2	68	2
4269	66	2	66	0
4270	62	2	0	62
4271	62	2	57	5
4272	66	2	66	0
4273	68	2	2	66
4274	62	2	0	62
4275	64	2	64	0
4276	70	2	68	2
4277	66	2	2	64
4278	66	2	2	64
4279	66	2	64	2
4280	62	2	60	2
4281	68	2	4	64
4282	70	2	35	35
4283	62	2	3	59
4284	70	2	0	70
4285	66	2	65	1
4286	66	2	63	3
4287	64	2	40	24
4288	64	2	28	36
4289	66	2	4	62
4290	64	2	53	11
4291	62	2	2	60
4292	64	2	18	46
4293	68	2	0	68
4294	70	2	2	68
4295	66	2	63	3
4296	64	2	63	1
4297	66	2	3	63
4298	68	2	65	3
4299	64	2	0	64
4300	70	2	3	67
4301	66	2	64	2
4302	72	2	68	4
4303	66	2	0	66
4304	62	2	58	4
4305	66	2	64	2
4306	68	2	3	65
4307	62	2	3	59
4308	66	2	64	2
4309	62	2	61	1
4310	64	2	64	0
4311	64	2	62	2
4312	66	2	3	63
4313	66	2	22	44
4314	68	2	66	2
4315	70	2	54	16
4316	62	2	3	59
4317	66	2	66	0
4318	64	2	7	57
4319	64	2	63	1
4320	64	2	64	0
4321	64	2	4	60
4322	60	2	57	3
4323	66	2	66	0
4324	66	2	66	0
4325	62	2	59	3
4326	66	2	54	12
4327	64	2	3	61
4328	68	2	64	4
4329	66	2	2	64
4330	66	2	20	46
4331	68	2	68	0
4332	70	2	68	2
4333	70	2	68	2
4334	68	2	68	0
4335	68	2	3	65
4336	62	2	37	25
4337	68	2	3	65
4338	64	2	3	61
4339	68	2	68	0
4340	66	2	62	4
4341	66	2	63	3
4342	70	2	68	2
4343	66	2	51	15
4344	62	2	3	59
4345	66	2	64	2
4346	62	2	2	60
4347	66	2	2	64
4348	64	2	0	64
4349	66	2	64	2
4350	62	2	3	59
4351	66	2	64	2
4352	66	2	48	18
4353	68	2	0	68
4354	72	2	2	70
4355	64	2	64	0
4356	66	2	66	0
4357	64	2	2	62
4358	64	2	2	62
4359	68	2	2	66
4360	66	2	3	63
4361	62	2	2	60
4362	66	2	3	63
4363	66	2	40	26
4364	64	2	61	3
4365	64	2	2	62
4366	68	2	68	0
4367	66	2	2	64
4368	66	2	2	64
4369	62	2	62	0
4370	70	2	3	67
4371	68	2	2	66
4372	64	2	64	0
4373	68	2	0	68
4374	64	2	64	0
4375	66	2	13	53
4376	70	2	70	0
4377	68	2	66	2
4378	66	2	15	51
4379	66	2	65	1
4380	66	2	3	63
4381	64	2	5	59
4382	68	2	2	66
4383	68	2	64	4
4384	64	2	64	0
4385	66	2	2	64
4386	66	2	54	12
4387	64	2	64	0
4388	68	2	26	42
4389	66	2	3	63
4390	64	2	3	61
4391	66	2	3	63
4392	66	2	64	2
4393	62	2	62	0
4394	64	2	64	0
4395	66	2	66	0
4396	62	2	2	60
4397	66	2	3	63
4398	62	2	60	2
4399	66	2	60	6
4400	68	2	1	67
4401	64	2	3	61
4402	64	2	43	21
4403	64	2	2	62
4404	66	2	63	3
4405	62	2	61	1
4406	64	2	62	2
4407	66	2	66	0
4408	70	2	69	1
4409	66	2	64	2
4410	66	2	51	15
4411	66	2	12	54
4412	66	2	5	61
4413	66	2	23	43
4414	64	2	61	3
4415	66	2	52	14
4416	68	2	68	0
4417	64	2	3	61
4418	68	2	68	0
4419	64	2	2	62
4420	64	2	2	62
4421	68	2	3	65
4422	64	2	62	2
4423	66	2	66	0
4424	64	2	48	16
4425	62	2	62	0
4426	68	2	3	65
4427	66	2	2	64
4428	68	2	67	1
4429	64	2	62	2
4430	64	2	2	62
4431	64	2	2	62
4432	66	2	66	0
4433	64	2	4	60
4434	64	2	2	62
4435	62	2	0	62
4436	68	2	2	66
4437	68	2	46	22
4438	66	2	1	65
4439	64	2	5	59
4440	64	2	46	18
4441	66	2	2	64
4442	66	2	61	5
4443	64	2	2	62
4444	66	2	63	3
4445	62	2	62	0
4446	68	2	66	2
4447	62	2	3	59
4448	62	2	55	7
4449	62	2	62	0
4450	64	2	55	9
4451	66	2	3	63
4452	64	2	63	1
4453	62	2	3	59
4454	68	2	67	1
4455	62	2	56	6
4456	68	2	4	64
4457	64	2	2	62
4458	64	2	3	61
4459	66	2	3	63
4460	66	2	65	1
4461	68	2	8	60
4462	64	2	63	1
4463	66	2	64	2
4464	68	2	65	3
4465	68	2	2	66
4466	68	2	64	4
4467	64	2	2	62
4468	64	2	49	15
4469	64	2	57	7
4470	70	2	70	0
4471	62	2	47	15
4472	66	2	64	2
4473	64	2	62	2
4474	62	2	2	60
4475	66	2	64	2
4476	62	2	60	2
4477	66	2	55	11
4478	64	2	3	61
4479	66	2	3	63
4480	60	2	60	0
4481	62	2	60	2
4482	64	2	2	62
4483	64	2	64	0
4484	62	2	62	0
4485	70	2	67	3
4486	66	2	3	63
4487	62	2	58	4
4488	62	2	62	0
4489	62	2	2	60
4490	68	2	5	63
4491	68	2	2	66
4492	66	2	66	0
4493	66	2	3	63
4494	64	2	48	16
4495	62	2	62	0
4496	62	2	2	60
4497	72	2	52	20
4498	64	2	61	3
4499	66	2	66	0
4500	64	2	64	0
4501	70	2	2	68
4502	64	2	64	0
4503	66	2	2	64
4504	66	2	56	10
4505	66	2	3	63
4506	66	2	66	0
4507	68	2	68	0
4508	62	2	45	17
4509	64	2	62	2
4510	64	2	0	64
4511	62	2	0	62
4512	68	2	3	65
4513	66	2	66	0
4514	68	2	66	2
4515	66	2	66	0
4516	62	2	62	0
4517	66	2	3	63
4518	68	2	66	2
4519	64	2	3	61
4520	68	2	2	66
4521	68	2	66	2
4522	68	2	3	65
4523	64	2	62	2
4524	68	2	65	3
4525	66	2	4	62
4526	68	2	67	1
4527	64	2	2	62
4528	70	2	1	69
4529	66	2	66	0
4530	68	2	65	3
4531	66	2	6	60
4532	66	2	2	64
4533	72	2	65	7
4534	62	2	62	0
4535	64	2	2	62
4536	70	2	2	68
4537	66	2	66	0
4538	66	2	63	3
4539	64	2	2	62
4540	64	2	3	61
4541	66	2	63	3
4542	62	2	62	0
4543	66	2	2	64
4544	64	2	0	64
4545	66	2	40	26
4546	64	2	2	62
4547	66	2	4	62
4548	66	2	2	64
4549	66	2	63	3
4550	70	2	3	67
4551	66	2	66	0
4552	66	2	66	0
4553	68	2	3	65
4554	66	2	66	0
4555	70	2	70	0
4556	68	2	68	0
4557	64	2	36	28
4558	66	2	3	63
4559	62	2	59	3
4560	64	2	2	62
4561	64	2	4	60
4562	70	2	70	0
4563	66	2	0	66
4564	64	2	2	62
4565	68	2	66	2
4566	66	2	2	64
4567	66	2	55	11
4568	62	2	62	0
4569	64	2	2	62
4570	66	2	62	4
4571	68	2	2	66
4572	64	2	63	1
4573	66	2	3	63
4574	68	2	68	0
4575	66	2	2	64
4576	64	2	2	62
4577	72	2	67	5
4578	62	2	62	0
4579	64	2	28	36
4580	64	2	62	2
4581	66	2	59	7
4582	66	2	62	4
4583	62	2	9	53
4584	66	2	66	0
4585	64	2	2	62
4586	64	2	0	64
4587	68	2	3	65
4588	66	2	59	7
4589	66	2	66	0
4590	68	2	3	65
4591	64	2	30	34
4592	66	2	63	3
4593	64	2	64	0
4594	62	2	60	2
4595	68	2	66	2
4596	68	2	68	0
4597	66	2	64	2
4598	68	2	65	3
4599	66	2	2	64
4600	66	2	3	63
4601	68	2	2	66
4602	62	2	2	60
4603	68	2	28	40
4604	68	2	66	2
4605	66	2	66	0
4606	66	2	15	51
4607	60	2	3	57
4608	64	2	62	2
4609	66	2	64	2
4610	68	2	3	65
4611	68	2	68	0
4612	66	2	3	63
4613	72	2	4	68
4614	66	2	2	64
4615	64	2	64	0
4616	64	2	2	62
4617	66	2	66	0
4618	60	2	53	7
4619	66	2	63	3
4620	68	2	44	24
4621	68	2	62	6
4622	70	2	3	67
4623	66	2	4	62
4624	64	2	62	2
4625	66	2	30	36
4626	64	2	61	3
4627	68	2	2	66
4628	66	2	66	0
4629	64	2	61	3
4630	66	2	54	12
4631	68	2	68	0
4632	68	2	64	4
4633	64	2	63	1
4634	62	2	12	50
4635	66	2	2	64
4636	66	2	66	0
4637	64	2	63	1
4638	66	2	66	0
4639	64	2	64	0
4640	64	2	3	61
4641	66	2	66	0
4642	66	2	3	63
4643	68	2	66	2
4644	66	2	65	1
4645	66	2	64	2
4646	64	2	63	1
4647	64	2	6	58
4648	70	2	27	43
4649	66	2	66	0
4650	64	2	2	62
4651	62	2	62	0
4652	66	2	66	0
4653	66	2	2	64
4654	64	2	0	64
4655	64	2	24	40
4656	66	2	2	64
4657	68	2	45	23
4658	64	2	3	61
4659	64	2	62	2
4660	70	2	3	67
4661	66	2	4	62
4662	66	2	66	0
4663	66	2	66	0
4664	62	2	60	2
4665	64	2	62	2
4666	68	2	68	0
4667	66	2	2	64
4668	68	2	68	0
4669	64	2	6	58
4670	64	2	62	2
4671	62	2	60	2
4672	68	2	64	4
4673	64	2	62	2
4674	68	2	22	46
4675	66	2	64	2
4676	62	2	62	0
4677	64	2	2	62
4678	66	2	64	2
4679	64	2	60	4
4680	66	2	3	63
4681	68	2	64	4
4682	66	2	3	63
4683	68	2	68	0
4684	60	2	60	0
4685	68	2	68	0
4686	68	2	2	66
4687	64	2	49	15
4688	66	2	2	64
4689	66	2	28	38
4690	64	2	56	8
4691	66	2	3	63
4692	68	2	68	0
4693	66	2	66	0
4694	68	2	2	66
4695	64	2	64	0
4696	64	2	3	61
4697	66	2	2	64
4698	68	2	2	66
4699	68	2	68	0
4700	64	2	2	62
4701	70	2	64	6
4702	68	2	66	2
4703	62	2	62	0
4704	66	2	2	64
4705	66	2	65	1
4706	64	2	36	28
4707	70	2	68	2
4708	64	2	3	61
4709	66	2	2	64
4710	66	2	2	64
4711	66	2	57	9
4712	66	2	66	0
4713	72	2	70	2
4714	66	2	66	0
4715	62	2	0	62
4716	68	2	2	66
4717	62	2	61	1
4718	64	2	0	64
4719	64	2	3	61
4720	68	2	68	0
4721	62	2	4	58
4722	66	2	5	61
4723	66	2	62	4
4724	62	2	3	59
4725	66	2	66	0
4726	62	2	2	60
4727	66	2	2	64
4728	66	2	65	1
4729	68	2	26	42
4730	62	2	0	62
4731	60	2	60	0
4732	66	2	64	2
4733	66	2	66	0
4734	66	2	53	13
4735	64	2	3	61
4736	68	2	4	64
4737	68	2	68	0
4738	64	2	62	2
4739	66	2	2	64
4740	66	2	66	0
4741	72	2	33	39
4742	68	2	35	33
4743	66	2	3	63
4744	66	2	65	1
4745	60	2	28	32
4746	60	2	56	4
4747	70	2	56	14
4748	64	2	64	0
4749	66	2	62	4
4750	62	2	46	16
4751	60	2	2	58
4752	68	2	9	59
4753	66	2	2	64
4754	66	2	2	64
4755	64	2	64	0
4756	70	2	70	0
4757	66	2	64	2
4758	66	2	59	7
4759	64	2	64	0
4760	68	2	63	5
4761	66	2	61	5
4762	66	2	66	0
4763	68	2	2	66
4764	66	2	3	63
4765	68	2	2	66
4766	64	2	3	61
4767	66	2	1	65
4768	66	2	59	7
4769	66	2	4	62
4770	68	2	2	66
4771	64	2	2	62
4772	66	2	66	0
4773	66	2	64	2
4774	66	2	8	58
4775	64	2	62	2
4776	64	2	3	61
4777	66	2	53	13
4778	64	2	61	3
4779	66	2	58	8
4780	64	2	61	3
4781	66	2	8	58
4782	64	2	2	62
4783	66	2	66	0
4784	68	2	2	66
4785	68	2	64	4
4786	64	2	3	61
4787	68	2	2	66
4788	66	2	3	63
4789	68	2	66	2
4790	64	2	3	61
4791	64	2	64	0
4792	66	2	64	2
4793	70	2	56	14
4794	64	2	58	6
4795	62	2	59	3
4796	68	2	64	4
4797	72	2	72	0
4798	64	2	51	13
4799	64	2	2	62
4800	64	2	61	3
4801	66	2	63	3
4802	62	2	62	0
4803	70	2	69	1
4804	64	2	61	3
4805	68	2	55	13
4806	72	2	72	0
4807	66	2	62	4
4808	62	2	2	60
4809	68	2	2	66
4810	66	2	64	2
4811	66	2	0	66
4812	66	2	66	0
4813	66	2	13	53
4814	64	2	64	0
4815	64	2	2	62
4816	66	2	62	4
4817	64	2	4	60
4818	64	2	2	62
4819	62	2	61	1
4820	68	2	0	68
4821	64	2	62	2
4822	66	2	63	3
4823	62	2	4	58
4824	64	2	63	1
4825	66	2	66	0
4826	64	2	64	0
4827	66	2	64	2
4828	68	2	4	64
4829	62	2	3	59
4830	64	2	63	1
4831	66	2	2	64
4832	64	2	3	61
4833	60	2	58	2
4834	60	2	2	58
4835	66	2	3	63
4836	64	2	2	62
4837	66	2	0	66
4838	68	2	68	0
4839	62	2	59	3
4840	64	2	60	4
4841	64	2	64	0
4842	64	2	64	0
4843	68	2	40	28
4844	68	2	4	64
4845	64	2	64	0
4846	66	2	66	0
4847	68	2	3	65
4848	62	2	62	0
4849	64	2	3	61
4850	64	2	63	1
4851	68	2	68	0
4852	66	2	66	0
4853	68	2	2	66
4854	68	2	68	0
4855	62	2	62	0
4856	68	2	2	66
4857	62	2	60	2
4858	68	2	50	18
4859	70	2	34	36
4860	64	2	64	0
4861	68	2	48	20
4862	70	2	68	2
4863	64	2	3	61
4864	66	2	62	4
4865	68	2	66	2
4866	64	2	59	5
4867	66	2	66	0
4868	64	2	26	38
4869	66	2	3	63
4870	66	2	54	12
4871	66	2	66	0
4872	64	2	64	0
4873	64	2	64	0
4874	68	2	68	0
4875	72	2	3	69
4876	64	2	2	62
4877	66	2	66	0
4878	66	2	3	63
4879	68	2	12	56
4880	62	2	5	57
4881	66	2	0	66
4882	66	2	64	2
4883	66	2	66	0
4884	68	2	3	65
4885	62	2	62	0
4886	64	2	43	21
4887	60	2	2	58
4888	68	2	45	23
4889	62	2	0	62
4890	64	2	64	0
4891	66	2	3	63
4892	68	2	68	0
4893	68	2	61	7
4894	64	2	64	0
4895	70	2	4	66
4896	72	2	69	3
4897	68	2	15	53
4898	64	2	64	0
4899	66	2	66	0
4900	62	2	41	21
4901	66	2	4	62
4902	68	2	47	21
4903	64	2	63	1
4904	66	2	55	11
4905	72	2	70	2
4906	68	2	6	62
4907	62	2	3	59
4908	68	2	64	4
4909	66	2	2	64
4910	62	2	60	2
4911	66	2	2	64
4912	62	2	4	58
4913	68	2	67	1
4914	62	2	3	59
4915	68	2	66	2
4916	64	2	2	62
4917	68	2	45	23
4918	70	2	2	68
4919	62	2	59	3
4920	68	2	68	0
4921	66	2	34	32
4922	66	2	4	62
4923	64	2	0	64
4924	62	2	3	59
4925	66	2	49	17
4926	66	2	49	17
4927	66	2	17	49
4928	66	2	2	64
4929	66	2	27	39
4930	68	2	2	66
4931	64	2	28	36
4932	66	2	10	56
4933	66	2	66	0
4934	68	2	68	0
4935	62	2	59	3
4936	66	2	65	1
4937	64	2	22	42
4938	66	2	59	7
4939	60	2	2	58
4940	64	2	2	62
4941	66	2	55	11
4942	66	2	66	0
4943	66	2	16	50
4944	66	2	64	2
4945	62	2	52	10
4946	68	2	3	65
4947	70	2	2	68
4948	68	2	68	0
4949	64	2	64	0
4950	66	2	37	29
4951	64	2	3	61
4952	64	2	0	64
4953	68	2	0	68
4954	70	2	68	2
4955	62	2	5	57
4956	68	2	68	0
4957	64	2	62	2
4958	70	2	67	3
4959	64	2	61	3
4960	70	2	64	6
4961	66	2	66	0
4962	66	2	3	63
4963	66	2	66	0
4964	64	2	62	2
4965	62	2	2	60
4966	70	2	2	68
4967	64	2	33	31
4968	62	2	2	60
4969	64	2	3	61
4970	70	2	66	4
4971	68	2	68	0
4972	68	2	11	57
4973	68	2	68	0
4974	68	2	67	1
4975	68	2	67	1
4976	66	2	2	64
4977	62	2	8	54
4978	70	2	68	2
4979	68	2	55	13
4980	68	2	68	0
4981	68	2	59	9
4982	66	2	58	8
4983	66	2	58	8
4984	64	2	47	17
4985	68	2	2	66
4986	66	2	66	0
4987	68	2	66	2
4988	64	2	64	0
4989	68	2	4	64
4990	62	2	5	57
4991	66	2	4	62
4992	68	2	9	59
4993	64	2	64	0
4994	66	2	4	62
4995	68	2	68	0
4996	64	2	64	0
4997	64	2	64	0
4998	68	2	3	65
4999	66	2	66	0
5000	62	2	30	32
5001	68	2	3	65
5002	64	2	5	59
5003	70	2	70	0
5004	70	2	2	68
5005	64	2	3	61
5006	70	2	3	67
5007	66	2	2	64
5008	66	2	3	63
5009	66	2	4	62
5010	62	2	2	60
5011	60	2	58	2
5012	68	2	65	3
5013	66	2	2	64
5014	64	2	3	61
5015	64	2	61	3
5016	64	2	63	1
5017	70	2	68	2
5018	68	2	68	0
5019	66	2	66	0
5020	60	2	3	57
5021	66	2	64	2
5022	66	2	60	6
5023	68	2	2	66
5024	62	2	2	60
5025	66	2	62	4
5026	66	2	32	34
5027	64	2	4	60
5028	64	2	36	28
5029	64	2	64	0
5030	72	2	70	2
5031	64	2	0	64
5032	62	2	4	58
5033	68	2	3	65
5034	70	2	0	70
5035	64	2	62	2
5036	64	2	12	52
5037	64	2	62	2
5038	64	2	62	2
5039	72	2	72	0
5040	66	2	66	0
5041	66	2	4	62
5042	68	2	68	0
5043	68	2	2	66
5044	68	2	3	65
5045	64	2	63	1
5046	68	2	7	61
5047	66	2	66	0
5048	66	2	64	2
5049	66	2	3	63
5050	70	2	66	4
5051	66	2	64	2
5052	72	2	72	0
5053	68	2	68	0
5054	60	2	60	0
5055	62	2	3	59
5056	66	2	1	65
5057	68	2	65	3
5058	62	2	2	60
5059	70	2	2	68
5060	64	2	17	47
5061	68	2	68	0
5062	66	2	4	62
5063	64	2	3	61
5064	70	2	5	65
5065	64	2	2	62
5066	60	2	59	1
5067	62	2	62	0
5068	70	2	28	42
5069	64	2	61	3
5070	68	2	68	0
5071	66	2	63	3
5072	64	2	63	1
5073	68	2	66	2
5074	62	2	3	59
5075	66	2	66	0
5076	64	2	3	61
5077	68	2	2	66
5078	66	2	3	63
5079	62	2	62	0
5080	64	2	46	18
5081	64	2	61	3
5082	70	2	66	4
5083	66	2	50	16
5084	70	2	2	68
5085	64	2	61	3
5086	66	2	3	63
5087	66	2	63	3
5088	68	2	4	64
5089	66	2	66	0
5090	66	2	63	3
5091	64	2	4	60
5092	66	2	2	64
5093	66	2	65	1
5094	64	2	60	4
5095	70	2	53	17
5096	68	2	30	38
5097	66	2	2	64
5098	64	2	3	61
5099	68	2	48	20
5100	62	2	61	1
5101	68	2	68	0
5102	62	2	57	5
5103	68	2	64	4
5104	70	2	4	66
5105	68	2	9	59
5106	70	2	70	0
5107	64	2	3	61
5108	62	2	2	60
5109	68	2	68	0
5110	66	2	4	62
5111	62	2	3	59
5112	66	2	66	0
5113	66	2	3	63
5114	66	2	8	58
5115	66	2	28	38
5116	64	2	64	0
5117	68	2	64	4
5118	62	2	59	3
5119	66	2	47	19
5120	68	2	68	0
5121	68	2	3	65
5122	70	2	70	0
5123	66	2	65	1
5124	66	2	64	2
5125	66	2	66	0
5126	70	2	68	2
5127	68	2	2	66
5128	62	2	4	58
5129	64	2	2	62
5130	64	2	20	44
5131	64	2	57	7
5132	66	2	61	5
5133	66	2	48	18
5134	64	2	64	0
5135	64	2	2	62
5136	66	2	66	0
5137	70	2	3	67
5138	66	2	62	4
5139	62	2	0	62
5140	62	2	2	60
5141	72	2	37	35
5142	70	2	70	0
5143	68	2	60	8
5144	64	2	2	62
5145	64	2	2	62
5146	66	2	63	3
5147	64	2	2	62
5148	66	2	64	2
5149	66	2	2	64
5150	66	2	66	0
5151	62	2	3	59
5152	66	2	49	17
5153	64	2	49	15
5154	64	2	2	62
5155	64	2	64	0
5156	68	2	44	24
5157	64	2	4	60
5158	66	2	4	62
5159	66	2	0	66
5160	66	2	38	28
5161	70	2	65	5
5162	64	2	2	62
5163	66	2	0	66
5164	68	2	3	65
5165	66	2	3	63
5166	68	2	3	65
5167	68	2	43	25
5168	66	2	2	64
5169	68	2	3	65
5170	64	2	60	4
5171	66	2	0	66
5172	64	2	3	61
5173	60	2	57	3
5174	66	2	2	64
5175	64	2	64	0
5176	62	2	51	11
5177	68	2	55	13
5178	70	2	2	68
5179	66	2	3	63
5180	70	2	68	2
5181	66	2	60	6
5182	72	2	70	2
5183	70	2	68	2
5184	66	2	34	32
5185	68	2	35	33
5186	70	2	46	24
5187	66	2	3	63
5188	64	2	52	12
5189	70	2	3	67
5190	64	2	64	0
5191	64	2	2	62
5192	66	2	64	2
5193	64	2	47	17
5194	68	2	61	7
5195	66	2	64	2
5196	70	2	63	7
5197	64	2	62	2
5198	64	2	53	11
5199	60	2	5	55
5200	68	2	68	0
5201	66	2	5	61
5202	70	2	70	0
5203	64	2	62	2
5204	64	2	3	61
5205	64	2	4	60
5206	64	2	2	62
5207	66	2	66	0
5208	62	2	62	0
5209	66	2	3	63
5210	68	2	4	64
5211	64	2	64	0
5212	66	2	2	64
5213	62	2	60	2
5214	68	2	4	64
5215	64	2	7	57
5216	64	2	62	2
5217	66	2	58	8
5218	68	2	54	14
5219	66	2	2	64
5220	64	2	2	62
5221	64	2	3	61
5222	66	2	40	26
5223	66	2	66	0
5224	62	2	32	30
5225	64	2	62	2
5226	66	2	3	63
5227	70	2	70	0
5228	66	2	3	63
5229	68	2	2	66
5230	66	2	2	64
5231	60	2	6	54
5232	68	2	65	3
5233	70	2	4	66
5234	62	2	27	35
5235	70	2	3	67
5236	70	2	43	27
5237	68	2	41	27
5238	64	2	64	0
5239	62	2	62	0
5240	68	2	68	0
5241	68	2	58	10
5242	64	2	4	60
5243	66	2	12	54
5244	68	2	22	46
5245	66	2	65	1
5246	64	2	62	2
5247	64	2	0	64
5248	68	2	5	63
5249	70	2	3	67
5250	70	2	70	0
5251	66	2	62	4
5252	68	2	68	0
5253	66	2	6	60
5254	64	2	4	60
5255	66	2	66	0
5256	68	2	67	1
5257	72	2	72	0
5258	70	2	13	57
5259	64	2	64	0
5260	64	2	64	0
5261	64	2	31	33
5262	62	2	25	37
5263	68	2	4	64
5264	62	2	2	60
5265	66	2	2	64
5266	68	2	68	0
5267	64	2	64	0
5268	66	2	66	0
5269	68	2	66	2
5270	68	2	36	32
5271	70	2	3	67
5272	68	2	3	65
5273	64	2	60	4
5274	64	2	4	60
5275	62	2	33	29
5276	68	2	44	24
5277	66	2	3	63
5278	64	2	62	2
5279	66	2	3	63
5280	70	2	2	68
5281	66	2	60	6
5282	62	2	59	3
5283	64	2	0	64
5284	64	2	62	2
5285	66	2	6	60
5286	64	2	44	20
5287	60	2	2	58
5288	66	2	2	64
5289	68	2	3	65
5290	68	2	3	65
5291	64	2	63	1
5292	64	2	37	27
5293	66	2	5	61
5294	68	2	68	0
5295	64	2	2	62
5296	66	2	60	6
5297	70	2	68	2
5298	68	2	67	1
5299	64	2	2	62
5300	70	2	69	1
5301	70	2	68	2
5302	64	2	63	1
5303	68	2	3	65
5304	68	2	67	1
5305	66	2	66	0
5306	68	2	68	0
5307	66	2	4	62
5308	68	2	68	0
5309	70	2	63	7
5310	66	2	66	0
5311	64	2	2	62
5312	64	2	2	62
5313	68	2	65	3
5314	66	2	66	0
5315	68	2	3	65
5316	64	2	63	1
5317	62	2	2	60
5318	70	2	6	64
5319	64	2	62	2
5320	66	2	64	2
5321	66	2	63	3
5322	66	2	3	63
5323	62	2	39	23
5324	66	2	37	29
5325	66	2	64	2
5326	66	2	2	64
5327	64	2	64	0
5328	64	2	0	64
5329	64	2	4	60
5330	66	2	3	63
5331	66	2	62	4
5332	62	2	0	62
5333	62	2	60	2
5334	66	2	0	66
5335	70	2	70	0
5336	62	2	3	59
5337	64	2	64	0
5338	64	2	13	51
5339	66	2	66	0
5340	62	2	62	0
5341	66	2	66	0
5342	64	2	3	61
5343	66	2	62	4
5344	66	2	4	62
5345	66	2	65	1
5346	64	2	64	0
5347	68	2	2	66
5348	64	2	0	64
5349	68	2	2	66
5350	66	2	66	0
5351	62	2	3	59
5352	62	2	62	0
5353	62	2	62	0
5354	64	2	5	59
5355	68	2	4	64
5356	66	2	65	1
5357	64	2	2	62
5358	64	2	21	43
5359	68	2	3	65
5360	66	2	2	64
5361	64	2	2	62
5362	66	2	17	49
5363	64	2	55	9
5364	62	2	62	0
5365	64	2	4	60
5366	66	2	2	64
5367	66	2	2	64
5368	66	2	2	64
5369	68	2	65	3
5370	66	2	38	28
5371	68	2	60	8
5372	70	2	70	0
5373	64	2	62	2
5374	62	2	62	0
5375	64	2	23	41
5376	64	2	31	33
5377	64	2	3	61
5378	66	2	66	0
5379	62	2	62	0
5380	68	2	2	66
5381	66	2	0	66
5382	64	2	64	0
5383	66	2	0	66
5384	60	2	3	57
5385	62	2	58	4
5386	68	2	68	0
5387	64	2	2	62
5388	66	2	64	2
5389	60	2	30	30
5390	68	2	3	65
5391	68	2	18	50
5392	66	2	63	3
5393	68	2	58	10
5394	68	2	65	3
5395	64	2	13	51
5396	66	2	2	64
5397	64	2	2	62
5398	70	2	2	68
5399	66	2	57	9
5400	68	2	68	0
5401	68	2	2	66
5402	64	2	34	30
5403	68	2	66	2
5404	64	2	2	62
5405	68	2	68	0
5406	70	2	24	46
5407	70	2	59	11
5408	66	2	2	64
5409	64	2	62	2
5410	64	2	61	3
5411	64	2	2	62
5412	62	2	4	58
5413	68	2	65	3
5414	64	2	3	61
5415	66	2	0	66
5416	68	2	65	3
5417	68	2	61	7
5418	66	2	2	64
5419	68	2	67	1
5420	64	2	3	61
5421	62	2	58	4
5422	70	2	2	68
5423	66	2	64	2
5424	68	2	2	66
5425	70	2	0	70
5426	64	2	2	62
5427	64	2	3	61
5428	62	2	3	59
5429	66	2	3	63
5430	66	2	2	64
5431	64	2	6	58
5432	62	2	4	58
5433	64	2	2	62
5434	66	2	3	63
5435	66	2	66	0
5436	64	2	62	2
5437	66	2	65	1
5438	64	2	2	62
5439	66	2	2	64
5440	68	2	65	3
5441	64	2	3	61
5442	66	2	2	64
5443	68	2	66	2
5444	66	2	66	0
5445	68	2	68	0
5446	64	2	2	62
5447	66	2	63	3
5448	70	2	2	68
5449	70	2	70	0
5450	66	2	2	64
5451	70	2	70	0
5452	68	2	2	66
5453	72	2	65	7
5454	64	2	64	0
5455	68	2	68	0
5456	64	2	64	0
5457	68	2	2	66
5458	66	2	64	2
5459	68	2	58	10
5460	66	2	3	63
5461	70	2	68	2
5462	64	2	53	11
5463	64	2	3	61
5464	66	2	7	59
5465	62	2	60	2
5466	64	2	64	0
5467	70	2	0	70
5468	62	2	3	59
5469	66	2	5	61
5470	64	2	55	9
5471	64	2	62	2
5472	66	2	13	53
5473	62	2	58	4
5474	62	2	62	0
5475	66	2	0	66
5476	66	2	25	41
5477	64	2	61	3
5478	64	2	64	0
5479	64	2	0	64
5480	68	2	68	0
5481	64	2	0	64
5482	66	2	44	22
5483	64	2	62	2
5484	60	2	38	22
5485	64	2	64	0
5486	64	2	4	60
5487	64	2	63	1
5488	64	2	59	5
5489	70	2	0	70
5490	72	2	0	72
5491	66	2	64	2
5492	68	2	4	64
5493	64	2	64	0
5494	64	2	1	63
5495	70	2	35	35
5496	66	2	2	64
5497	68	2	65	3
5498	66	2	51	15
5499	66	2	62	4
5500	64	2	2	62
5501	64	2	2	62
5502	62	2	59	3
5503	66	2	2	64
5504	70	2	4	66
5505	64	2	62	2
5506	66	2	66	0
5507	66	2	66	0
5508	64	2	63	1
5509	62	2	54	8
5510	68	2	0	68
5511	62	2	0	62
5512	66	2	2	64
5513	64	2	64	0
5514	68	2	2	66
5515	68	2	2	66
5516	62	2	2	60
5517	64	2	2	62
5518	60	2	2	58
5519	68	2	68	0
5520	68	2	2	66
5521	68	2	68	0
5522	68	2	68	0
5523	60	2	3	57
5524	66	2	66	0
5525	64	2	60	4
5526	68	2	0	68
5527	68	2	35	33
5528	68	2	50	18
5529	64	2	64	0
5530	64	2	64	0
5531	64	2	2	62
5532	64	2	62	2
5533	62	2	2	60
5534	70	2	4	66
5535	64	2	2	62
5536	66	2	2	64
5537	68	2	65	3
5538	64	2	64	0
5539	62	2	58	4
5540	68	2	68	0
5541	66	2	2	64
5542	66	2	66	0
5543	70	2	1	69
5544	64	2	51	13
5545	70	2	51	19
5546	64	2	64	0
5547	66	2	46	20
5548	66	2	66	0
5549	68	2	65	3
5550	62	2	62	0
5551	66	2	64	2
5552	66	2	2	64
5553	64	2	64	0
5554	68	2	3	65
5555	66	2	66	0
5556	70	2	44	26
5557	68	2	68	0
5558	62	2	9	53
5559	64	2	61	3
5560	70	2	69	1
5561	68	2	65	3
5562	66	2	66	0
5563	70	2	68	2
5564	66	2	64	2
5565	64	2	64	0
5566	60	2	60	0
5567	66	2	17	49
5568	66	2	2	64
5569	66	2	35	31
5570	68	2	40	28
5571	64	2	48	16
5572	68	2	68	0
5573	66	2	2	64
5574	64	2	64	0
5575	66	2	51	15
5576	70	2	70	0
5577	64	2	61	3
5578	68	2	2	66
5579	60	2	21	39
5580	64	2	2	62
5581	62	2	2	60
5582	64	2	62	2
5583	66	2	6	60
5584	68	2	66	2
5585	64	2	3	61
5586	70	2	5	65
5587	64	2	5	59
5588	66	2	66	0
5589	64	2	64	0
5590	66	2	0	66
5591	68	2	65	3
5592	64	2	3	61
5593	68	2	63	5
5594	60	2	60	0
5595	70	2	3	67
5596	66	2	3	63
5597	62	2	57	5
5598	66	2	3	63
5599	66	2	66	0
5600	70	2	3	67
5601	66	2	0	66
5602	64	2	63	1
5603	62	2	11	51
5604	68	2	61	7
5605	62	2	2	60
5606	68	2	67	1
5607	62	2	27	35
5608	66	2	58	8
5609	66	2	63	3
5610	66	2	3	63
5611	60	2	57	3
5612	62	2	3	59
5613	66	2	66	0
5614	66	2	2	64
5615	68	2	2	66
5616	66	2	42	24
5617	66	2	55	11
5618	68	2	68	0
5619	68	2	67	1
5620	68	2	39	29
5621	70	2	70	0
5622	66	2	36	30
5623	64	2	63	1
5624	66	2	66	0
5625	64	2	3	61
5626	64	2	0	64
5627	66	2	62	4
5628	62	2	14	48
5629	70	2	3	67
5630	68	2	10	58
5631	66	2	3	63
5632	68	2	67	1
5633	60	2	4	56
5634	68	2	3	65
5635	64	2	2	62
5636	68	2	3	65
5637	66	2	26	40
5638	64	2	3	61
5639	60	2	49	11
5640	68	2	68	0
5641	64	2	3	61
5642	68	2	3	65
5643	66	2	65	1
5644	64	2	62	2
5645	68	2	3	65
5646	64	2	50	14
5647	68	2	66	2
5648	62	2	4	58
5649	64	2	63	1
5650	70	2	4	66
5651	64	2	64	0
5652	64	2	3	61
5653	66	2	4	62
5654	72	2	62	10
5655	64	2	62	2
5656	68	2	68	0
5657	66	2	4	62
5658	66	2	66	0
5659	64	2	40	24
5660	66	2	61	5
5661	64	2	32	32
5662	66	2	4	62
5663	68	2	2	66
5664	68	2	68	0
5665	62	2	62	0
5666	66	2	57	9
5667	64	2	39	25
5668	68	2	2	66
5669	66	2	40	26
5670	68	2	63	5
5671	68	2	2	66
5672	68	2	68	0
5673	70	2	57	13
5674	68	2	68	0
5675	64	2	64	0
5676	64	2	4	60
5677	66	2	66	0
5678	66	2	2	64
5679	66	2	4	62
5680	66	2	66	0
5681	66	2	64	2
5682	68	2	17	51
5683	62	2	20	42
5684	70	2	68	2
5685	66	2	63	3
5686	66	2	2	64
5687	66	2	64	2
5688	60	2	50	10
5689	66	2	2	64
5690	68	2	68	0
5691	60	2	4	56
5692	64	2	12	52
5693	64	2	40	24
5694	66	2	33	33
5695	66	2	3	63
5696	72	2	2	70
5697	68	2	5	63
5698	70	2	3	67
5699	64	2	62	2
5700	64	2	63	1
5701	68	2	46	22
5702	66	2	3	63
5703	68	2	66	2
5704	68	2	29	39
5705	68	2	16	52
5706	64	2	49	15
5707	70	2	27	43
5708	64	2	62	2
5709	64	2	20	44
5710	64	2	0	64
5711	66	2	62	4
5712	66	2	2	64
5713	72	2	65	7
5714	68	2	66	2
5715	64	2	0	64
5716	68	2	18	50
5717	68	2	3	65
5718	66	2	64	2
5719	66	2	2	64
5720	68	2	63	5
5721	64	2	5	59
5722	66	2	64	2
5723	68	2	2	66
5724	68	2	0	68
5725	66	2	4	62
5726	68	2	2	66
5727	68	2	40	28
5728	62	2	2	60
5729	66	2	2	64
5730	64	2	46	18
5731	66	2	66	0
5732	66	2	66	0
5733	70	2	2	68
5734	66	2	3	63
5735	64	2	55	9
5736	64	2	2	62
5737	66	2	66	0
5738	68	2	35	33
5739	60	2	22	38
5740	66	2	45	21
5741	68	2	66	2
5742	66	2	25	41
5743	68	2	68	0
5744	64	2	62	2
5745	70	2	3	67
5746	68	2	66	2
5747	66	2	66	0
5748	64	2	62	2
5749	64	2	3	61
5750	68	2	2	66
5751	64	2	47	17
5752	64	2	62	2
5753	64	2	2	62
5754	64	2	15	49
5755	60	2	60	0
5756	64	2	8	56
5757	72	2	70	2
5758	64	2	5	59
5759	62	2	62	0
5760	66	2	2	64
5761	68	2	5	63
5762	66	2	23	43
5763	70	2	36	34
5764	66	2	15	51
5765	68	2	2	66
5766	64	2	3	61
5767	62	2	58	4
5768	66	2	0	66
5769	62	2	2	60
5770	64	2	4	60
5771	64	2	63	1
5772	66	2	2	64
5773	66	2	2	64
5774	64	2	4	60
5775	66	2	62	4
5776	68	2	50	18
5777	70	2	68	2
5778	68	2	3	65
5779	64	2	62	2
5780	62	2	60	2
5781	66	2	66	0
5782	66	2	4	62
5783	68	2	2	66
5784	66	2	3	63
5785	62	2	62	0
5786	62	2	2	60
5787	66	2	2	64
5788	66	2	0	66
5789	64	2	64	0
5790	64	2	2	62
5791	70	2	25	45
5792	66	2	1	65
5793	66	2	3	63
5794	68	2	66	2
5795	66	2	2	64
5796	62	2	45	17
5797	66	2	5	61
5798	64	2	2	62
5799	68	2	68	0
5800	66	2	66	0
5801	64	2	61	3
5802	70	2	2	68
5803	64	2	62	2
5804	62	2	4	58
5805	68	2	2	66
5806	66	2	66	0
5807	72	2	72	0
5808	66	2	3	63
5809	60	2	1	59
5810	68	2	38	30
5811	66	2	2	64
5812	62	2	62	0
5813	72	2	8	64
5814	66	2	66	0
5815	62	2	51	11
5816	62	2	62	0
5817	66	2	54	12
5818	70	2	65	5
5819	64	2	3	61
5820	68	2	65	3
5821	66	2	2	64
5822	64	2	1	63
5823	64	2	2	62
5824	62	2	0	62
5825	70	2	5	65
5826	68	2	2	66
5827	64	2	47	17
5828	70	2	2	68
5829	62	2	52	10
5830	68	2	39	29
5831	66	2	62	4
5832	62	2	59	3
5833	66	2	47	19
5834	68	2	68	0
5835	66	2	3	63
5836	64	2	62	2
5837	66	2	3	63
5838	64	2	60	4
5839	62	2	60	2
5840	62	2	62	0
5841	60	2	39	21
5842	70	2	64	6
5843	68	2	63	5
5844	72	2	3	69
5845	64	2	0	64
5846	68	2	0	68
5847	68	2	2	66
5848	70	2	2	68
5849	62	2	3	59
5850	66	2	66	0
5851	64	2	64	0
5852	66	2	3	63
5853	66	2	0	66
5854	62	2	62	0
5855	66	2	3	63
5856	66	2	66	0
5857	66	2	4	62
5858	68	2	59	9
5859	62	2	4	58
5860	64	2	60	4
5861	68	2	2	66
5862	66	2	62	4
5863	68	2	68	0
5864	64	2	62	2
5865	66	2	0	66
5866	72	2	72	0
5867	70	2	69	1
5868	70	2	68	2
5869	68	2	68	0
5870	64	2	64	0
5871	70	2	68	2
5872	66	2	2	64
5873	68	2	4	64
5874	68	2	68	0
5875	64	2	0	64
5876	70	2	70	0
5877	66	2	4	62
5878	66	2	65	1
5879	62	2	2	60
5880	66	2	64	2
5881	66	2	66	0
5882	66	2	3	63
5883	68	2	68	0
5884	72	2	69	3
5885	68	2	68	0
5886	66	2	3	63
5887	62	2	60	2
5888	72	2	72	0
5889	66	2	58	8
5890	66	2	65	1
5891	68	2	68	0
5892	68	2	65	3
5893	70	2	70	0
5894	66	2	2	64
5895	62	2	25	37
5896	66	2	0	66
5897	66	2	3	63
5898	64	2	34	30
5899	68	2	0	68
5900	64	2	64	0
5901	68	2	5	63
5902	66	2	66	0
5903	68	2	53	15
5904	64	2	62	2
5905	64	2	0	64
5906	70	2	70	0
5907	64	2	2	62
5908	66	2	44	22
5909	66	2	65	1
5910	66	2	2	64
5911	68	2	68	0
5912	66	2	65	1
5913	64	2	64	0
5914	64	2	2	62
5915	68	2	0	68
5916	70	2	0	70
5917	70	2	70	0
5918	68	2	68	0
5919	64	2	60	4
5920	68	2	66	2
5921	64	2	56	8
5922	64	2	33	31
5923	68	2	65	3
5924	66	2	2	64
5925	66	2	65	1
5926	64	2	2	62
5927	66	2	65	1
5928	66	2	64	2
5929	66	2	2	64
5930	64	2	2	62
5931	70	2	47	23
5932	66	2	58	8
5933	66	2	66	0
5934	70	2	2	68
5935	64	2	2	62
5936	66	2	41	25
5937	66	2	59	7
5938	64	2	5	59
5939	64	2	62	2
5940	68	2	67	1
5941	64	2	3	61
5942	68	2	67	1
5943	72	2	3	69
5944	62	2	62	0
5945	70	2	6	64
5946	70	2	7	63
5947	62	2	62	0
5948	66	2	63	3
5949	62	2	60	2
5950	64	2	7	57
5951	64	2	33	31
5952	70	2	4	66
5953	68	2	1	67
5954	64	2	2	62
5955	68	2	67	1
5956	68	2	26	42
5957	68	2	3	65
5958	62	2	4	58
5959	64	2	63	1
5960	68	2	2	66
5961	64	2	64	0
5962	70	2	70	0
5963	66	2	59	7
5964	64	2	2	62
5965	66	2	63	3
5966	62	2	2	60
5967	68	2	59	9
5968	64	2	62	2
5969	70	2	2	68
5970	64	2	62	2
5971	66	2	3	63
5972	66	2	47	19
5973	66	2	0	66
5974	66	2	5	61
5975	64	2	3	61
5976	62	2	46	16
5977	66	2	64	2
5978	68	2	40	28
5979	68	2	5	63
5980	64	2	4	60
5981	64	2	13	51
5982	70	2	24	46
5983	66	2	66	0
5984	60	2	3	57
5985	68	2	66	2
5986	64	2	64	0
5987	66	2	43	23
5988	64	2	2	62
5989	68	2	4	64
5990	68	2	37	31
5991	68	2	68	0
5992	62	2	4	58
5993	66	2	3	63
5994	68	2	68	0
5995	64	2	0	64
5996	66	2	4	62
5997	64	2	64	0
5998	64	2	61	3
5999	64	2	62	2
6000	62	2	33	29
6001	68	2	3	65
6002	66	2	1	65
6003	64	2	35	29
6004	66	2	30	36
6005	64	2	56	8
6006	62	2	60	2
6007	64	2	62	2
6008	70	2	3	67
6009	66	2	66	0
6010	68	2	19	49
6011	60	2	30	30
6012	62	2	8	54
6013	68	2	68	0
6014	66	2	0	66
6015	68	2	36	32
6016	66	2	59	7
6017	64	2	4	60
6018	62	2	62	0
6019	70	2	8	62
6020	70	2	0	70
6021	68	2	68	0
6022	60	2	3	57
6023	66	2	3	63
6024	64	2	64	0
6025	64	2	52	12
6026	66	2	63	3
6027	70	2	69	1
6028	68	2	52	16
6029	64	2	60	4
6030	68	2	68	0
6031	64	2	2	62
6032	70	2	68	2
6033	66	2	4	62
6034	62	2	4	58
6035	70	2	3	67
6036	66	2	54	12
6037	66	2	61	5
6038	68	2	57	11
6039	64	2	62	2
6040	70	2	70	0
6041	66	2	5	61
6042	66	2	2	64
6043	68	2	65	3
6044	68	2	67	1
6045	66	2	3	63
6046	66	2	66	0
6047	62	2	2	60
6048	68	2	68	0
6049	70	2	51	19
6050	64	2	54	10
6051	66	2	0	66
6052	66	2	33	33
6053	64	2	64	0
6054	70	2	35	35
6055	66	2	35	31
6056	66	2	1	65
6057	66	2	66	0
6058	70	2	68	2
6059	68	2	3	65
6060	66	2	65	1
6061	68	2	65	3
6062	66	2	44	22
6063	64	2	2	62
6064	68	2	37	31
6065	68	2	68	0
6066	66	2	65	1
6067	66	2	65	1
6068	66	2	66	0
6069	70	2	2	68
6070	68	2	67	1
6071	70	2	34	36
6072	66	2	66	0
6073	68	2	45	23
6074	66	2	31	35
6075	68	2	45	23
6076	66	2	66	0
6077	70	2	66	4
6078	66	2	11	55
6079	64	2	63	1
6080	68	2	2	66
6081	68	2	66	2
6082	66	2	0	66
6083	70	2	43	27
6084	66	2	3	63
6085	70	2	67	3
6086	66	2	3	63
6087	68	2	63	5
6088	62	2	22	40
6089	68	2	47	21
6090	68	2	56	12
6091	68	2	25	43
6092	66	2	3	63
6093	64	2	60	4
6094	66	2	64	2
6095	70	2	66	4
6096	64	2	3	61
6097	66	2	5	61
6098	66	2	45	21
