0.002810,0.002088,-0.053909,0.059393
0.001270,0.000896,-0.054423,0.056690
0.000497,0.001785,-0.054368,0.055381
-0.000450,-0.000395,-0.058398,0.056949
0.004819,0.003065,-0.048728,0.062115
-0.000184,-0.000841,-0.054419,0.053760
0.000423,0.000339,-0.055886,0.056628
0.000462,0.000792,-0.057998,0.059216
0.001402,0.002451,-0.050110,0.052186
0.000734,0.000089,-0.053848,0.054799
-0.000981,0.000470,-0.060943,0.056152
-0.003347,-0.002059,-0.060744,0.053091
0.001887,0.001408,-0.056120,0.057156
0.001209,0.000491,-0.053797,0.058895
0.000947,-0.000297,-0.052335,0.057743
-0.000116,-0.000487,-0.057188,0.057651
-0.004616,-0.003370,-0.065271,0.051749
-0.000003,0.000029,-0.055727,0.056228
0.002877,0.000622,-0.053722,0.060048
-0.003586,-0.002035,-0.063715,0.052046
-0.000382,-0.001218,-0.053788,0.054432
-0.001075,0.000892,-0.059827,0.055510
-0.000210,-0.001239,-0.056720,0.056943
-0.002863,-0.002399,-0.056967,0.052434
0.001508,0.000814,-0.054033,0.059399
0.001231,0.000496,-0.052712,0.058211
-0.001018,-0.000480,-0.056789,0.058360
-0.001856,-0.001976,-0.059602,0.053628
0.001171,0.001785,-0.054904,0.057208
0.002454,0.002311,-0.052020,0.059799
0.002788,0.002318,-0.051788,0.057673
0.001719,0.002601,-0.055698,0.057479
-0.000090,0.000707,-0.055728,0.055104
-0.000169,-0.001257,-0.054528,0.055143
0.000159,0.000736,-0.054106,0.054206
0.000776,0.000859,-0.057395,0.058031
0.001378,0.001902,-0.056256,0.058066
0.003081,0.001624,-0.056520,0.062677
0.001312,0.000378,-0.055327,0.062275
0.002391,0.003278,-0.058527,0.061438
-0.001316,-0.000908,-0.059553,0.053524
0.001413,0.001342,-0.054643,0.054801
-0.000019,0.000023,-0.057535,0.058665
0.000429,0.000873,-0.052326,0.055150
0.001130,0.000244,-0.051749,0.055174
-0.002849,-0.002541,-0.060269,0.053516
0.001409,0.001770,-0.052976,0.056456
0.001264,0.001053,-0.055620,0.057585
-0.000257,-0.001178,-0.054979,0.057383
-0.004934,-0.003117,-0.063454,0.046937
-0.001064,-0.000793,-0.055798,0.055775
0.002032,0.001582,-0.051367,0.054342
-0.000542,-0.000566,-0.055571,0.053529
-0.001982,-0.002072,-0.059046,0.057993
0.000210,0.000116,-0.055834,0.055469
-0.002503,-0.002110,-0.056682,0.055249
0.003163,0.001617,-0.054350,0.062803
0.000320,0.001244,-0.057004,0.054815
-0.001072,-0.001490,-0.056988,0.055619
-0.000369,-0.001000,-0.055687,0.054525
-0.002204,-0.000673,-0.063022,0.054828
-0.004027,-0.002536,-0.062647,0.052834
0.000495,-0.000195,-0.058288,0.059503
0.002098,0.001387,-0.053272,0.059739
-0.000355,-0.000847,-0.056496,0.055834
-0.001221,-0.000295,-0.058583,0.053511
-0.003139,-0.002531,-0.059807,0.049991
0.002035,-0.001508,-0.050292,0.059188
0.005052,0.003138,-0.047664,0.061811
-0.000540,0.000909,-0.058544,0.054683
-0.000732,0.000692,-0.054881,0.053771
0.000295,0.000388,-0.055921,0.053136
0.003018,0.000761,-0.051138,0.057480
-0.002084,-0.001729,-0.061579,0.055549
-0.001208,-0.000274,-0.055594,0.052612
0.000102,-0.001182,-0.056818,0.058763
0.002735,0.002801,-0.054302,0.059129
-0.000246,-0.001062,-0.054842,0.056334
-0.004294,-0.003385,-0.057685,0.048873
-0.000920,-0.001126,-0.057744,0.055961
-0.000619,-0.000595,-0.055191,0.055740
-0.001953,-0.001670,-0.057662,0.052266
-0.002452,-0.001629,-0.057275,0.052262
-0.002624,-0.001557,-0.059072,0.053099
0.000468,0.001076,-0.053770,0.054633
-0.001338,-0.000958,-0.058412,0.052743
-0.000955,-0.001219,-0.059375,0.055255
-0.001070,-0.000029,-0.057293,0.054348
-0.000766,0.000315,-0.057292,0.054718
-0.000751,0.000099,-0.056039,0.052193
-0.000945,0.000174,-0.060113,0.054944
-0.001418,-0.001538,-0.058891,0.056234
-0.002276,-0.002774,-0.056346,0.052691
0.000199,0.000887,-0.055044,0.057158
0.001514,0.001437,-0.059799,0.061767
-0.000230,-0.001122,-0.054703,0.056597
0.001504,0.000597,-0.050627,0.055037
-0.002735,-0.001936,-0.060011,0.056867
0.000309,0.001046,-0.054573,0.055081
-0.001427,-0.001299,-0.054840,0.057616
0.001940,0.000624,-0.054941,0.056217
-0.001661,-0.000047,-0.057278,0.050692
0.000478,-0.000360,-0.058833,0.058496
-0.000269,-0.000168,-0.054732,0.056503
-0.001046,-0.001445,-0.056542,0.055616
-0.001926,-0.000045,-0.059737,0.056471
-0.002262,-0.000597,-0.057877,0.047729
0.000010,-0.000216,-0.053774,0.053941
-0.002254,-0.002062,-0.060792,0.053641
-0.000392,0.000123,-0.058776,0.056363
0.002578,0.001961,-0.056435,0.059536
-0.000509,-0.000020,-0.056680,0.057525
-0.001768,-0.000909,-0.057605,0.053147
-0.000668,-0.000427,-0.056550,0.052401
-0.000239,-0.001505,-0.057999,0.060840
-0.005183,-0.002951,-0.061073,0.048648
0.001006,0.000930,-0.052245,0.055077
0.001920,0.000331,-0.048132,0.060694
-0.001042,-0.000415,-0.055613,0.053105
0.003996,0.003037,-0.050456,0.062433
0.003104,0.002759,-0.053074,0.060896
-0.001602,-0.001525,-0.057303,0.050052
0.001872,0.001162,-0.058549,0.061056
-0.000475,-0.000444,-0.052465,0.055838
-0.000434,-0.001564,-0.057627,0.056309
-0.000807,0.000671,-0.058370,0.053827
0.002650,0.000623,-0.051512,0.061448
0.001112,0.002183,-0.051601,0.053720
0.000293,-0.001006,-0.055490,0.056909
0.000516,0.000417,-0.054463,0.056725
0.002520,0.002019,-0.053244,0.056877
0.001575,0.000594,-0.050426,0.055542
-0.002339,-0.002154,-0.059618,0.053627
0.003267,0.001890,-0.054509,0.063745
0.002256,0.000928,-0.056109,0.061070
0.000192,0.000674,-0.058968,0.058229
0.000370,-0.000350,-0.055307,0.057059
0.000208,0.001175,-0.054097,0.053109
-0.002372,-0.001700,-0.057704,0.054031
-0.000302,-0.000525,-0.052532,0.054458
0.000466,0.001431,-0.056785,0.057398
-0.000039,0.000948,-0.056164,0.055188
-0.000613,0.000140,-0.055807,0.060053
-0.002188,-0.000982,-0.056802,0.051852
-0.001005,-0.001217,-0.057490,0.054305
0.000641,0.000930,-0.055107,0.054241
0.006442,0.005616,-0.048800,0.066158
-0.000042,0.000312,-0.054175,0.053329
-0.001259,-0.001698,-0.055167,0.056872
0.002981,0.002774,-0.054797,0.056941
0.003265,0.000994,-0.051947,0.064124
0.000378,0.000722,-0.054197,0.054747
0.000195,0.001277,-0.058814,0.057248
0.003589,0.001839,-0.052477,0.059962
0.001097,0.001943,-0.058151,0.056181
-0.000074,-0.000031,-0.055917,0.056373
-0.004050,-0.002619,-0.062749,0.052810
-0.001208,0.000111,-0.057169,0.051993
-0.001489,-0.000376,-0.054639,0.053373
-0.001427,-0.000956,-0.058794,0.056349
0.001740,-0.000316,-0.054995,0.058795
-0.001096,-0.001770,-0.055622,0.055666
-0.001732,-0.001399,-0.058319,0.053887
0.000802,0.000842,-0.055483,0.054026
-0.002477,-0.001328,-0.060683,0.052401
0.002029,0.002107,-0.056278,0.059145
0.000866,0.000350,-0.054541,0.057270
-0.001703,-0.000268,-0.060072,0.052472
-0.001354,-0.000130,-0.055946,0.053013
-0.000649,-0.001948,-0.054793,0.056961
-0.004707,-0.003229,-0.062055,0.048458
-0.003201,-0.001635,-0.058340,0.052650
0.001277,0.001901,-0.055647,0.055270
-0.000691,0.000296,-0.058352,0.056194
-0.000262,0.000950,-0.057022,0.057557
-0.003539,-0.001618,-0.059775,0.049836
-0.001418,-0.000857,-0.056016,0.056458
-0.001808,0.000164,-0.059603,0.053808
0.000888,-0.000652,-0.055980,0.055757
0.000258,0.000071,-0.055907,0.056358
0.003642,0.001465,-0.049606,0.060884
-0.001203,-0.000791,-0.057508,0.052944
0.002584,0.002459,-0.051655,0.054685
0.000561,-0.000081,-0.057100,0.055309
0.003061,0.002551,-0.049637,0.056219
-0.001024,-0.000445,-0.057612,0.053792
0.001301,0.001803,-0.052444,0.054360
0.003241,0.003242,-0.052317,0.059939
0.000751,0.000240,-0.055414,0.056941
0.002849,0.002576,-0.054129,0.059443
-0.004228,-0.003320,-0.061240,0.053403
0.005182,0.003530,-0.048904,0.061336
0.003648,0.004512,-0.050547,0.057320
-0.001823,-0.002072,-0.062520,0.056561
-0.002037,-0.001549,-0.061454,0.054763
-0.000384,-0.000194,-0.058084,0.054056
0.000793,0.000157,-0.058671,0.059241
0.002078,0.001654,-0.053701,0.059076
-0.000735,-0.000841,-0.055583,0.055910
-0.002845,-0.003653,-0.058558,0.053372
-0.001375,-0.001823,-0.057770,0.054578
-0.000678,0.000338,-0.057037,0.052743
0.000958,0.001724,-0.054868,0.057295
-0.000414,0.001196,-0.055010,0.057369
-0.002297,-0.000769,-0.060231,0.049823
0.000553,0.000079,-0.053327,0.057796
-0.002537,-0.002548,-0.060660,0.055694
-0.002416,-0.001471,-0.059718,0.053313
0.000727,0.002329,-0.055004,0.055718
-0.001154,-0.000970,-0.058567,0.056963
0.001197,0.001505,-0.053457,0.053116
0.004142,0.002974,-0.050751,0.057804
0.001129,0.001189,-0.053633,0.059004
0.001173,0.001257,-0.054407,0.056966
-0.000353,-0.001052,-0.059377,0.057174
0.003922,0.002401,-0.053590,0.061493
0.004599,0.003393,-0.052591,0.062217
-0.000063,0.000149,-0.053681,0.053636
-0.001385,-0.001295,-0.057899,0.055208
-0.000172,0.001048,-0.057441,0.054716
0.002520,0.002776,-0.056852,0.062606
-0.001186,0.000236,-0.059970,0.053847
0.000844,0.000964,-0.058830,0.056564
-0.004033,-0.002610,-0.059426,0.051930
0.000080,0.001783,-0.057740,0.056923
-0.000316,0.000422,-0.058951,0.054233
0.003404,0.002028,-0.048501,0.060655
0.001380,0.001926,-0.056611,0.058623
-0.000855,0.000493,-0.056907,0.054816
0.000165,0.000636,-0.057368,0.057008
-0.002486,-0.000909,-0.058620,0.055040
-0.004758,-0.002448,-0.064158,0.050174
-0.000617,-0.000410,-0.056492,0.051218
0.000630,0.000248,-0.057734,0.060803
-0.000867,0.000128,-0.058766,0.054167
-0.003841,-0.002702,-0.063378,0.051990
-0.000018,0.000913,-0.057620,0.052005
-0.001638,-0.002581,-0.056731,0.053498
-0.003819,-0.002978,-0.062846,0.053574
-0.000254,0.001040,-0.059051,0.058399
-0.001770,-0.000038,-0.059929,0.053872
-0.001037,-0.000921,-0.058870,0.053724
-0.001288,-0.000100,-0.058330,0.055933
-0.003863,-0.003022,-0.064620,0.053455
0.001050,0.001195,-0.052293,0.054211
-0.001423,-0.000152,-0.058906,0.051018
-0.001540,-0.002060,-0.062606,0.056263
0.000060,0.001283,-0.054216,0.059945
0.003780,0.002995,-0.049962,0.059169
0.002705,0.001917,-0.049956,0.056557
-0.001304,-0.001573,-0.055543,0.055509
0.000097,0.000550,-0.056310,0.056094
0.000333,0.000838,-0.056549,0.057372
0.001997,0.002029,-0.053081,0.059631
0.004174,0.002765,-0.051545,0.061781
0.001991,0.001676,-0.051784,0.059870
-0.002325,-0.003235,-0.055457,0.057051
0.004726,0.003476,-0.050148,0.059064
0.002409,0.001389,-0.050730,0.058437
0.001641,0.000969,-0.054317,0.059347
-0.001050,-0.000079,-0.057871,0.055150
0.001928,0.000973,-0.052809,0.060684
0.003685,0.003042,-0.051834,0.057870
0.000708,0.000352,-0.054552,0.060733
-0.003823,-0.001883,-0.063403,0.051305
-0.002548,-0.001547,-0.054980,0.047588
-0.001732,-0.001438,-0.058039,0.052193
0.000405,0.000164,-0.053927,0.055179
-0.001633,-0.001100,-0.056635,0.051885
-0.002334,0.000129,-0.058421,0.051643
-0.000090,0.001153,-0.058086,0.059247
0.001674,0.000608,-0.055320,0.059319
-0.002610,-0.000968,-0.058878,0.051371
0.000567,0.000055,-0.057452,0.060866
-0.000546,-0.001809,-0.057086,0.054464
0.000951,0.002885,-0.056168,0.054738
0.003147,0.001479,-0.055269,0.062190
0.001594,0.001008,-0.055990,0.060175
-0.001450,-0.000715,-0.057358,0.055042
-0.002344,-0.000766,-0.051862,0.050161
0.001450,0.002457,-0.055336,0.057208
-0.000052,0.000101,-0.059244,0.058334
-0.001645,-0.000007,-0.062886,0.053900
-0.004186,-0.001842,-0.062554,0.051420
0.000316,0.000085,-0.054760,0.057711
-0.003387,-0.003537,-0.058833,0.055840
-0.000157,-0.000386,-0.057045,0.056595
-0.001563,-0.001067,-0.055837,0.055700
-0.001992,-0.001422,-0.060052,0.053161
-0.003796,-0.003235,-0.060982,0.052616
-0.001125,0.001402,-0.058799,0.057537
-0.003999,-0.001428,-0.060552,0.050376
-0.006023,-0.005339,-0.061934,0.050057
0.000288,0.000456,-0.056225,0.057616
-0.000557,0.000247,-0.060143,0.056475
-0.000505,-0.000202,-0.058982,0.058176
0.001358,0.002099,-0.055600,0.061476
-0.003129,-0.002915,-0.059841,0.053411
-0.000476,-0.001241,-0.054337,0.055690
-0.000989,-0.000765,-0.061253,0.059301
-0.000938,-0.000515,-0.055852,0.056333
-0.000056,0.000741,-0.055862,0.053601
0.000654,-0.000525,-0.054121,0.055152
-0.000063,0.000175,-0.058608,0.055618
-0.002625,-0.000369,-0.060788,0.052789
-0.002235,0.000075,-0.062162,0.055777
0.001678,0.002449,-0.058231,0.058957
0.000121,0.001019,-0.058121,0.057369
-0.001620,-0.000590,-0.057654,0.055067
-0.001435,-0.002364,-0.056879,0.053949
-0.001630,-0.000460,-0.056146,0.053539
0.001800,0.002084,-0.055408,0.060692
-0.001697,-0.001455,-0.059038,0.054643
0.000510,-0.000216,-0.054007,0.056146
0.000826,0.000424,-0.055206,0.054255
-0.000203,-0.000208,-0.055442,0.058941
0.000914,0.000511,-0.057134,0.060722
0.000979,0.001363,-0.054603,0.058833
-0.003696,-0.002001,-0.060141,0.052667
-0.000480,0.001036,-0.060430,0.052797
-0.002046,-0.000749,-0.054459,0.051191
-0.000437,0.000533,-0.057823,0.051285
0.002328,0.001372,-0.054409,0.059810
-0.000897,-0.000402,-0.055863,0.053996
-0.002167,-0.000579,-0.059899,0.054393
-0.001751,-0.001651,-0.061149,0.057753
-0.003177,-0.002273,-0.059311,0.053106
-0.000519,-0.000882,-0.056033,0.055359
0.000174,-0.000126,-0.055555,0.056766
-0.000405,-0.000453,-0.055456,0.055746
0.001356,-0.000140,-0.055112,0.058865
-0.002310,-0.002209,-0.056741,0.050403
0.003105,0.002867,-0.052135,0.057356
-0.001498,0.000251,-0.059893,0.054581
-0.002746,-0.002218,-0.063433,0.053208
0.001000,0.001849,-0.057848,0.055253
0.002197,0.000042,-0.053956,0.061460
0.000201,0.000916,-0.054506,0.055473
0.000450,-0.000747,-0.054857,0.059430
-0.001201,-0.002182,-0.059365,0.058948
-0.001033,-0.000402,-0.057163,0.055490
0.000145,-0.000028,-0.054756,0.055351
0.002457,0.001613,-0.052350,0.057928
0.002140,0.002579,-0.053216,0.056899
0.005435,0.002897,-0.049279,0.064599
0.004059,0.001461,-0.046545,0.062184
0.002838,0.002092,-0.052137,0.058241
0.002146,0.001677,-0.054724,0.058404
0.000616,-0.000045,-0.059532,0.060954
-0.000738,0.000254,-0.057647,0.054630
-0.001292,-0.001595,-0.057917,0.054792
-0.000077,-0.000447,-0.058059,0.057164
0.002776,0.000867,-0.055836,0.064523
0.001197,0.001673,-0.053662,0.056558
-0.000344,-0.000016,-0.053751,0.055819
0.001608,0.000769,-0.053762,0.056544
-0.001810,-0.000330,-0.061264,0.056139
0.000885,0.000609,-0.055146,0.055753
0.002478,0.001259,-0.052855,0.059240
0.000599,0.000042,-0.056410,0.055925
-0.000672,0.000042,-0.057067,0.056879
-0.000017,0.000847,-0.055944,0.054552
-0.000653,-0.000922,-0.058828,0.059060
0.001368,0.001735,-0.057410,0.056494
0.002030,0.001293,-0.053571,0.058751
-0.002194,-0.000379,-0.062115,0.053444
-0.004227,-0.002531,-0.061543,0.052480
-0.000272,-0.000930,-0.053756,0.056125
-0.003859,-0.001613,-0.060595,0.050936
-0.000119,0.001737,-0.054593,0.054032
-0.002391,-0.002438,-0.057954,0.056820
0.000041,-0.000256,-0.053393,0.053460
0.004998,0.002340,-0.050955,0.064352
0.003209,0.002307,-0.051700,0.060227
-0.000380,-0.000874,-0.057539,0.056492
-0.000397,-0.000661,-0.057270,0.055273
0.000486,0.000102,-0.060297,0.058537
0.002225,0.003200,-0.051663,0.056953
0.000908,-0.000874,-0.055359,0.057801
-0.003251,-0.002435,-0.063356,0.052583
-0.002714,-0.003363,-0.058900,0.053013
-0.000031,0.000345,-0.057814,0.055632
0.000378,0.000269,-0.052034,0.057446
-0.000649,0.000135,-0.058873,0.053699
-0.000734,-0.000764,-0.056473,0.056676
-0.001388,-0.001594,-0.057508,0.054060
-0.001959,-0.000591,-0.059286,0.052882
0.001497,0.000822,-0.054838,0.059349
-0.000565,-0.000695,-0.060019,0.056055
0.001002,0.000665,-0.053406,0.058953
-0.001340,-0.001274,-0.057676,0.055222
-0.002175,-0.000922,-0.059765,0.056842
-0.000590,-0.000867,-0.056141,0.057470
-0.003668,-0.002714,-0.060930,0.051496
0.000332,-0.000367,-0.055758,0.058908
-0.001726,-0.000007,-0.055907,0.055781
-0.000210,-0.000066,-0.057098,0.055348
-0.001463,0.000810,-0.057228,0.051048
-0.000169,-0.001442,-0.056607,0.059727
-0.000950,-0.000882,-0.055806,0.055284
-0.002049,-0.001843,-0.057425,0.054421
-0.000429,-0.000003,-0.057455,0.051274
0.002388,0.000343,-0.052200,0.058666
0.001243,0.001768,-0.055900,0.057070
-0.000893,-0.000744,-0.057237,0.054434
-0.000858,-0.001969,-0.057241,0.053716
-0.000571,-0.000657,-0.054925,0.053958
0.000870,0.001032,-0.055333,0.058137
0.000671,0.001090,-0.058525,0.055568
0.004756,0.002972,-0.047469,0.058262
0.002043,0.001448,-0.053483,0.059680
-0.001754,-0.001580,-0.058381,0.053775
0.001409,0.000248,-0.054870,0.058091
0.001148,-0.000150,-0.057867,0.059010
0.001335,-0.000349,-0.053080,0.058786
-0.005719,-0.003371,-0.058367,0.050201
0.001126,0.000522,-0.059971,0.062892
-0.002928,-0.001605,-0.059657,0.048562
-0.004056,-0.002324,-0.063241,0.054268
0.001668,0.001854,-0.057907,0.061322
-0.001751,-0.001913,-0.059199,0.054689
0.000988,-0.000018,-0.053131,0.055896
0.002184,0.000959,-0.053018,0.057020
-0.000928,-0.000486,-0.056499,0.052032
0.001308,0.001594,-0.052443,0.056877
-0.002278,-0.000897,-0.058308,0.052219
0.004934,0.002570,-0.047737,0.062715
0.000479,-0.000996,-0.059663,0.059611
-0.001922,-0.000553,-0.061833,0.055748
0.000992,-0.000115,-0.053396,0.055516
-0.001619,-0.001760,-0.059554,0.053404
-0.003173,-0.001881,-0.062100,0.054443
-0.000653,0.000299,-0.059867,0.055928
-0.000873,-0.000770,-0.058053,0.055813
0.002477,0.002512,-0.050938,0.059021
0.001414,0.000839,-0.058540,0.058693
0.000887,0.000049,-0.053899,0.055689
-0.002528,-0.002251,-0.060893,0.054369
-0.001448,-0.000802,-0.059574,0.055119
0.001786,0.000739,-0.053631,0.057466
-0.002551,-0.002724,-0.058719,0.051418
-0.000416,0.002409,-0.055207,0.052399
0.002206,0.000612,-0.051009,0.056470
-0.001203,-0.001175,-0.055875,0.050678
0.004157,0.003778,-0.053610,0.064177
-0.001206,-0.001350,-0.057371,0.052786
-0.001139,-0.000555,-0.055980,0.053724
-0.000102,0.000946,-0.057689,0.057824
0.003208,0.002547,-0.051857,0.063331
0.000387,-0.000499,-0.054799,0.058829
0.001454,0.000719,-0.051015,0.060692
-0.000250,0.000286,-0.058498,0.056635
-0.000824,0.000838,-0.058984,0.054534
-0.002496,-0.002120,-0.058376,0.053907
-0.010902,-0.006785,-0.076498,0.042291
-0.001178,-0.000669,-0.057388,0.057556
-0.000795,-0.000712,-0.055549,0.055247
0.001052,0.000078,-0.052134,0.056414
0.000074,-0.001656,-0.050165,0.053400
0.002769,0.001959,-0.056193,0.064012
0.001161,0.002196,-0.058252,0.060413
0.002037,0.003080,-0.055906,0.059296
-0.000298,-0.000670,-0.055995,0.056572
0.003195,0.001857,-0.049916,0.063254
0.003715,0.001017,-0.052530,0.065089
-0.000653,0.001525,-0.059973,0.056135
0.006464,0.003958,-0.050237,0.064776
-0.000131,-0.000412,-0.055424,0.054790
0.000024,-0.000694,-0.056644,0.058756
-0.001591,-0.000500,-0.058769,0.052253
0.001403,0.000503,-0.053402,0.058586
0.002295,0.001558,-0.058048,0.057755
0.000296,0.000769,-0.056348,0.054743
-0.001027,-0.000878,-0.059486,0.057043
-0.001148,-0.000918,-0.058057,0.054538
0.001410,0.000362,-0.054000,0.058540
-0.000664,-0.000231,-0.061777,0.056470
-0.002208,-0.002618,-0.058384,0.056729
0.000140,0.000697,-0.054360,0.056427
-0.002515,-0.001425,-0.060482,0.049312
-0.001500,-0.000547,-0.055895,0.051930
-0.001272,-0.000829,-0.058169,0.055696
0.002166,0.001370,-0.053792,0.061295
-0.001298,-0.000789,-0.058520,0.056473
-0.000396,-0.000728,-0.054125,0.054778
-0.001041,0.000191,-0.057879,0.053353
-0.001406,-0.000110,-0.059419,0.057055
-0.002548,-0.001149,-0.058923,0.050136
-0.000657,-0.000137,-0.055819,0.056965
0.005475,0.004494,-0.050894,0.063169
0.002862,0.001096,-0.053277,0.059721
0.001196,0.000103,-0.053834,0.056923
-0.000953,-0.000509,-0.061334,0.057153
-0.000472,-0.000466,-0.056055,0.054405
-0.000853,-0.000371,-0.058980,0.057706
-0.000495,-0.000432,-0.055363,0.056614
0.002113,0.001527,-0.050676,0.057653
-0.000886,-0.000476,-0.055519,0.055883
0.001764,0.001300,-0.054588,0.053725
-0.000657,0.000395,-0.056285,0.057969
-0.002639,-0.002646,-0.058744,0.051595
0.000886,-0.000396,-0.054876,0.058072
0.001961,0.000812,-0.055744,0.060186
0.003696,0.002185,-0.050766,0.059748
0.000477,-0.000145,-0.055194,0.055218
0.004408,0.002190,-0.052068,0.059975
0.001183,0.001233,-0.056043,0.059012
-0.000541,0.001197,-0.059440,0.057024
0.001089,0.000001,-0.054291,0.059002
0.001440,0.001144,-0.055281,0.058637
-0.001137,-0.001210,-0.059200,0.053013
-0.000816,0.000080,-0.058272,0.056194
0.000246,-0.000732,-0.054785,0.056656
0.001236,-0.000005,-0.051292,0.058493
-0.000761,-0.001408,-0.057036,0.058010
0.004467,0.003369,-0.049974,0.060471
0.002260,0.001516,-0.058067,0.058018
-0.002203,-0.000958,-0.057484,0.053876
0.001615,0.001049,-0.053077,0.055384
-0.001358,0.000475,-0.058159,0.057007
-0.004527,-0.003567,-0.063216,0.049796
-0.002463,-0.000211,-0.061877,0.052043
0.000040,0.000470,-0.054879,0.054530
0.000843,0.000951,-0.058346,0.061394
-0.002010,-0.001988,-0.057038,0.052319
0.000069,0.000389,-0.056759,0.055174
-0.001792,-0.001563,-0.058093,0.052572
0.001918,0.002326,-0.052060,0.060140
-0.000052,-0.001196,-0.055386,0.055458
0.000942,0.000707,-0.056651,0.058905
0.002776,0.001908,-0.053826,0.059102
-0.001394,0.000604,-0.056916,0.054862
0.004005,0.001689,-0.051868,0.061556
0.001894,-0.000623,-0.053629,0.057740
0.002279,0.000926,-0.054903,0.058500
-0.002039,-0.002705,-0.058557,0.051738
-0.001490,-0.001124,-0.056500,0.050088
0.000449,-0.000619,-0.056737,0.060026
-0.001198,0.001402,-0.055436,0.052756
0.000833,0.000455,-0.056533,0.059813
0.001288,0.001413,-0.056043,0.058135
0.000367,-0.000675,-0.054279,0.057017
0.001512,0.000864,-0.054673,0.061435
-0.003712,-0.002038,-0.060051,0.051517
-0.003828,-0.001416,-0.058397,0.052338
-0.000164,0.001680,-0.053906,0.054013
0.001344,0.000746,-0.053545,0.057456
-0.000110,0.000396,-0.053275,0.053014
-0.000523,0.000802,-0.058202,0.053057
-0.002152,-0.001316,-0.057298,0.052458
0.002035,0.001268,-0.055771,0.060811
-0.002204,-0.002424,-0.059723,0.056283
-0.001739,-0.002213,-0.053556,0.053209
-0.000386,-0.000400,-0.057915,0.053831
-0.001542,-0.003237,-0.057595,0.055254
0.000117,-0.000040,-0.057542,0.055849
0.000015,0.001248,-0.060240,0.052573
-0.001334,-0.000167,-0.060220,0.054905
0.002413,0.001750,-0.054119,0.061938
-0.000980,-0.001188,-0.056793,0.055733
-0.000046,0.000785,-0.060341,0.059383
0.003563,0.001592,-0.054477,0.062642
0.004298,0.001943,-0.051235,0.064700
0.000522,0.000234,-0.052489,0.057444
-0.001704,-0.001291,-0.059806,0.053079
0.000479,-0.000537,-0.054632,0.057720
0.000644,0.002835,-0.057233,0.053995
0.000983,-0.000004,-0.054570,0.060716
0.002237,0.001905,-0.051067,0.058399
0.000194,0.000006,-0.054994,0.054228
0.002442,0.001347,-0.056695,0.061485
-0.000368,-0.001249,-0.055273,0.057255
-0.000797,-0.000285,-0.055141,0.056995
0.001491,0.001870,-0.056571,0.055764
0.001483,0.001155,-0.059177,0.061132
0.001798,0.000162,-0.055740,0.060947
0.002338,0.002094,-0.056464,0.060696
0.003465,0.001729,-0.053888,0.062762
-0.000903,-0.000943,-0.055159,0.053242
-0.001726,-0.000833,-0.058750,0.052535
-0.000499,-0.000840,-0.058620,0.058425
0.000396,-0.000169,-0.054654,0.057213
-0.000994,0.000030,-0.056633,0.053686
0.001943,0.000223,-0.054737,0.056831
0.001991,-0.000105,-0.051619,0.057779
0.002084,0.001137,-0.056187,0.060803
0.001309,0.000682,-0.052812,0.055604
0.003037,0.001573,-0.051764,0.062179
0.003225,0.001910,-0.049818,0.058959
-0.000070,-0.000971,-0.051937,0.055953
0.000769,0.000106,-0.055755,0.061272
0.000648,0.001131,-0.054521,0.054396
-0.000206,-0.000242,-0.056117,0.055401
-0.003034,-0.001119,-0.061755,0.052435
-0.003871,-0.003523,-0.062996,0.056114
0.002490,0.000977,-0.052039,0.057249
0.001355,0.001487,-0.055414,0.056488
-0.000995,0.000234,-0.057834,0.054571
-0.001757,-0.000196,-0.056095,0.052532
0.001177,0.001696,-0.053513,0.057757
0.001546,0.000258,-0.052805,0.058389
0.002381,0.003093,-0.052437,0.058071
0.000532,-0.000227,-0.058537,0.056747
-0.000634,-0.000068,-0.059679,0.056883
-0.000038,-0.000602,-0.059116,0.056875
0.002656,0.001915,-0.054759,0.058559
0.003105,0.002544,-0.049230,0.059281
0.003895,0.002739,-0.053385,0.059658
0.000322,-0.000047,-0.051978,0.057088
-0.000454,-0.000296,-0.055880,0.055720
0.001895,0.002471,-0.055861,0.058418
0.003016,0.001432,-0.053310,0.059731
0.003686,0.003509,-0.056554,0.062863
-0.005727,-0.004518,-0.060866,0.049675
-0.000562,-0.000702,-0.058070,0.056486
-0.002437,-0.000582,-0.059280,0.053151
-0.001813,-0.002209,-0.057000,0.052833
0.000188,0.001008,-0.053437,0.056015
0.000938,0.001153,-0.055243,0.060328
-0.000756,-0.002523,-0.054114,0.058425
-0.001052,-0.001494,-0.057803,0.056963
0.000582,0.000898,-0.057314,0.054509
-0.002252,-0.001513,-0.058228,0.055406
-0.001114,-0.000635,-0.058480,0.054137
-0.000617,0.000448,-0.054582,0.054931
-0.004427,-0.002454,-0.061626,0.050731
0.001028,0.000476,-0.056169,0.058390
-0.002679,-0.000690,-0.061461,0.053633
0.001175,0.000463,-0.056593,0.058589
0.001772,0.001908,-0.054598,0.061298
-0.000611,-0.000361,-0.053685,0.052537
0.001699,0.001711,-0.056628,0.057721
0.003391,0.001178,-0.053754,0.065137
0.003589,0.005188,-0.056459,0.061120
0.005884,0.003836,-0.048808,0.066336
-0.000496,-0.000740,-0.058605,0.056798
-0.002245,-0.001594,-0.061082,0.055447
-0.003611,-0.003407,-0.058846,0.050318
-0.001659,-0.000556,-0.057463,0.051696
0.002651,0.001905,-0.050515,0.054065
0.005101,0.003072,-0.051043,0.062080
-0.002029,-0.001365,-0.057214,0.052755
-0.000935,-0.000551,-0.055889,0.053682
-0.000693,-0.001365,-0.061941,0.055781
0.000917,0.000229,-0.054807,0.058799
-0.002039,-0.001617,-0.056900,0.053780
-0.000020,0.000016,-0.056513,0.055582
-0.003454,-0.002146,-0.059665,0.047707
-0.000290,0.000063,-0.060001,0.057581
-0.000639,0.001798,-0.058518,0.052304
-0.000929,0.000450,-0.058519,0.052277
-0.001493,-0.001069,-0.058797,0.055462
0.000844,0.000572,-0.055895,0.058159
0.000195,0.002094,-0.061936,0.056902
0.005146,0.002088,-0.045830,0.059483
-0.001344,-0.001265,-0.058508,0.052237
-0.001328,-0.001416,-0.055346,0.057719
0.000837,0.001512,-0.058640,0.059935
0.000143,-0.000328,-0.056477,0.054604
-0.001772,-0.000926,-0.061668,0.054403
0.001950,0.001380,-0.054767,0.057449
-0.000785,-0.000735,-0.062470,0.055694
0.002067,0.002368,-0.052689,0.056741
-0.000868,0.000168,-0.059469,0.053324
-0.000742,-0.000454,-0.060992,0.057209
-0.001788,0.000508,-0.059828,0.053025
-0.001936,-0.001525,-0.058424,0.055000
0.000591,-0.000848,-0.052972,0.056378
-0.003749,-0.002835,-0.061351,0.051319
-0.000517,0.000673,-0.054193,0.053996
0.001336,-0.000124,-0.051065,0.057041
0.001602,0.001536,-0.054571,0.055095
0.002609,0.002774,-0.053372,0.060231
0.001615,0.002525,-0.054602,0.054693
-0.000408,0.000066,-0.058454,0.058805
-0.002348,-0.001282,-0.059033,0.052863
0.002034,0.002315,-0.059487,0.064552
0.000749,0.000948,-0.052422,0.055035
-0.001596,-0.000939,-0.057527,0.053870
-0.001376,-0.000289,-0.056011,0.053058
0.000643,0.000139,-0.056332,0.057574
0.001243,0.002551,-0.056430,0.058086
0.002426,0.001276,-0.054594,0.063124
0.002979,0.002207,-0.052088,0.059320
-0.000791,-0.000884,-0.055723,0.053494
0.001146,0.001633,-0.055271,0.057781
-0.004087,-0.002838,-0.060377,0.048079
0.001867,0.000098,-0.052105,0.060537
-0.004202,-0.002835,-0.061207,0.050570
-0.001764,-0.002604,-0.058488,0.056037
0.001873,0.001193,-0.056262,0.059893
-0.001449,-0.001113,-0.057290,0.050561
0.001257,0.000924,-0.053718,0.060582
0.001493,0.000160,-0.050011,0.058519
0.005169,0.002977,-0.050130,0.064990
-0.001094,-0.001572,-0.053728,0.055122
0.001419,-0.000352,-0.053410,0.058621
0.000690,0.000224,-0.055985,0.057383
0.003371,0.001653,-0.055203,0.061758
0.002178,0.000275,-0.056180,0.062836
0.000525,0.001451,-0.058799,0.056555
0.002751,0.001888,-0.051322,0.060270
-0.000761,-0.000992,-0.056690,0.052896
-0.001238,-0.000802,-0.058684,0.052891
0.001425,-0.000050,-0.053932,0.058494
0.000540,0.000719,-0.056660,0.057016
0.001096,0.001170,-0.055220,0.055198
-0.001174,-0.000608,-0.056214,0.052221
0.001322,0.000216,-0.052323,0.055620
-0.000181,0.001497,-0.056790,0.054710
-0.002219,-0.001324,-0.058181,0.053687
0.000793,0.000939,-0.052204,0.054421
-0.004805,-0.001220,-0.064088,0.046079
0.002623,-0.000635,-0.052363,0.063923
-0.004451,-0.004435,-0.063007,0.050752
-0.000505,-0.000436,-0.059542,0.058200
0.000280,0.000040,-0.057731,0.056273
-0.004645,-0.003617,-0.063569,0.050296
-0.002147,0.000218,-0.063670,0.053979
0.000469,-0.000626,-0.055387,0.054966
0.000854,0.001316,-0.056967,0.058990
0.000669,0.000854,-0.056284,0.057073
0.000289,-0.000898,-0.052196,0.057827
-0.000767,0.000632,-0.053760,0.053433
0.001296,0.000382,-0.052389,0.055188
0.001234,-0.000802,-0.055490,0.061605
0.001212,0.000463,-0.055044,0.062278
-0.000734,-0.000827,-0.056292,0.059004
0.002240,0.001977,-0.053201,0.059416
0.000116,-0.000832,-0.051806,0.056736
-0.002260,-0.001171,-0.057909,0.052239
-0.001075,-0.000673,-0.055503,0.056615
-0.003040,-0.001321,-0.058032,0.053336
-0.004265,-0.003511,-0.064087,0.052429
0.001268,0.000873,-0.050406,0.052525
-0.002418,-0.001535,-0.060240,0.052833
-0.000311,-0.000017,-0.059194,0.059867
-0.003608,-0.004526,-0.057630,0.050376
-0.000211,0.000520,-0.057538,0.057017
0.000590,0.000835,-0.055686,0.056280
-0.000381,0.000605,-0.058628,0.053900
-0.001676,-0.000135,-0.058985,0.057433
-0.000286,-0.000512,-0.055856,0.052665
-0.001760,0.000296,-0.059633,0.052746
-0.001376,0.000099,-0.059673,0.052155
0.001793,0.001222,-0.054671,0.058268
-0.000495,-0.000854,-0.055044,0.055473
-0.003651,-0.002997,-0.058645,0.054011
-0.004346,-0.002735,-0.063063,0.053671
0.000766,0.000057,-0.050516,0.052813
-0.001714,-0.001014,-0.060085,0.054698
-0.000908,-0.002511,-0.056749,0.057832
0.001166,0.001783,-0.053086,0.056106
-0.002814,-0.003113,-0.058117,0.050815
0.000996,0.001280,-0.054889,0.055683
0.000749,-0.000444,-0.053990,0.058688
-0.000267,-0.000187,-0.058344,0.058890
0.000537,0.001441,-0.058790,0.058316
0.002577,0.001717,-0.053139,0.059485
0.003586,0.002879,-0.053496,0.062172
0.000444,0.000601,-0.053032,0.053015
0.000300,-0.000042,-0.053762,0.053328
-0.002480,-0.001008,-0.057860,0.051288
-0.002268,-0.001996,-0.058745,0.051598
-0.001387,-0.000145,-0.058561,0.054644
-0.000721,-0.000107,-0.057593,0.055026
0.001166,0.000275,-0.057798,0.057779
-0.005229,-0.004027,-0.059676,0.049741
-0.000792,-0.001191,-0.059018,0.059822
-0.000314,-0.000136,-0.060175,0.055168
0.004375,0.001459,-0.052695,0.063949
-0.002035,-0.001552,-0.056147,0.054926
0.001284,0.000553,-0.056342,0.061672
0.001496,0.001192,-0.055814,0.056297
0.000183,0.000151,-0.057948,0.059491
-0.002628,-0.002730,-0.057840,0.051411
-0.001508,-0.001595,-0.056258,0.051211
-0.000830,-0.000760,-0.058408,0.053931
-0.001505,-0.001650,-0.059797,0.054020
-0.000522,-0.000151,-0.058397,0.056156
0.000874,-0.000705,-0.055263,0.058309
-0.003060,-0.003410,-0.059995,0.054679
0.002608,-0.000026,-0.052377,0.061012
-0.003270,-0.002820,-0.059184,0.051387
-0.003730,-0.002813,-0.062467,0.050205
0.001018,0.000173,-0.055079,0.058027
0.001015,-0.000010,-0.052413,0.059192
-0.000113,-0.001787,-0.058431,0.059553
-0.002365,-0.001821,-0.060010,0.050841
-0.000772,-0.000995,-0.056624,0.054522
-0.003945,-0.003833,-0.054977,0.050821
-0.002467,-0.003064,-0.058548,0.053976
-0.001388,-0.001713,-0.060361,0.055658
-0.002354,-0.002310,-0.060711,0.054471
0.000607,0.000209,-0.056317,0.055565
-0.000224,-0.000076,-0.054381,0.056177
0.002004,0.001636,-0.054734,0.055162
0.004067,0.002441,-0.050536,0.061641
-0.003965,-0.003608,-0.058472,0.049548
-0.002183,-0.001374,-0.058285,0.052534
-0.002571,-0.001191,-0.056708,0.051474
-0.000632,-0.000077,-0.060792,0.057799
-0.004281,-0.003117,-0.065277,0.050451
0.001909,0.001974,-0.052200,0.060577
0.001770,0.002049,-0.055515,0.055976
-0.001419,-0.001296,-0.059205,0.056407
-0.000397,0.000087,-0.057294,0.054800
0.000491,0.000148,-0.053390,0.055180
-0.002684,-0.001194,-0.061262,0.054801
-0.003783,-0.002679,-0.060263,0.050832
-0.004637,-0.002203,-0.061916,0.048776
-0.002437,-0.001255,-0.057060,0.052111
-0.003496,-0.001833,-0.059714,0.054887
0.000584,0.000479,-0.058021,0.060412
0.001095,-0.000525,-0.051720,0.057366
-0.000380,-0.000673,-0.057115,0.058412
0.002318,0.001283,-0.053472,0.055900
0.000974,-0.000552,-0.054008,0.058174
0.000873,-0.000365,-0.053804,0.057772
0.001943,0.001246,-0.051478,0.056519
0.001657,0.001666,-0.050006,0.055837
-0.000614,-0.001142,-0.057276,0.057997
0.003726,0.002966,-0.050582,0.058592
-0.001069,-0.001834,-0.055776,0.051667
-0.001292,0.000447,-0.060777,0.052273
-0.000981,0.000177,-0.060380,0.058034
0.002166,0.001127,-0.054565,0.059198
0.004147,0.002794,-0.052034,0.063577
0.000116,0.000882,-0.051861,0.054822
-0.001517,-0.001884,-0.057589,0.052623
-0.001855,-0.001675,-0.058315,0.054728
0.001048,0.001260,-0.056657,0.056527
0.002073,0.000806,-0.056466,0.059317
-0.002104,-0.001687,-0.058987,0.051316
-0.000123,-0.000111,-0.057104,0.057558
-0.006942,-0.004071,-0.062770,0.050772
-0.002582,-0.000906,-0.063247,0.056163
-0.000140,-0.000058,-0.056625,0.058095
-0.005604,-0.003513,-0.065582,0.048979
-0.000883,-0.000795,-0.057638,0.053430
0.000667,0.000449,-0.058987,0.057398
0.001616,0.001410,-0.054430,0.057960
0.000218,-0.000323,-0.052473,0.059303
0.002797,0.002817,-0.052133,0.055990
0.003464,0.003235,-0.050464,0.060706
0.001279,0.000622,-0.053249,0.058661
0.001796,0.000525,-0.049942,0.060348
0.002456,0.002078,-0.053290,0.057312
0.002148,0.002212,-0.053510,0.059284
-0.001303,-0.000230,-0.055673,0.055489
-0.000193,-0.000964,-0.057009,0.058127
-0.000578,-0.000430,-0.054369,0.054193
-0.001130,-0.002521,-0.055674,0.055611
0.002194,0.000317,-0.050268,0.059623
0.001123,0.000962,-0.051841,0.055435
-0.001572,-0.001416,-0.057910,0.051675
0.001480,-0.000210,-0.054755,0.057415
0.000789,-0.001042,-0.054821,0.058814
0.000992,0.001316,-0.057101,0.057837
0.005298,0.003665,-0.049449,0.063594
0.000157,-0.001691,-0.057582,0.058678
-0.000010,-0.001063,-0.057792,0.053895
-0.000978,-0.001500,-0.056457,0.055026
-0.002594,-0.001511,-0.058849,0.055779
-0.001561,-0.000134,-0.060895,0.052291
0.002709,0.001414,-0.051675,0.058292
-0.000494,-0.001144,-0.054867,0.054939
-0.001329,-0.000340,-0.058558,0.050930
-0.002827,-0.002174,-0.061545,0.050739
-0.001251,-0.002317,-0.056471,0.056506
-0.002031,-0.001756,-0.059912,0.056783
-0.004006,-0.004504,-0.058934,0.054032
-0.002581,-0.001398,-0.062131,0.054441
-0.004535,-0.003784,-0.061368,0.054117
-0.000390,0.000393,-0.055459,0.055693
0.001280,0.000263,-0.056165,0.058502
0.000817,0.001429,-0.054823,0.054749
0.000235,-0.001187,-0.055582,0.060142
0.000949,0.001418,-0.058404,0.059249
0.001443,0.001094,-0.055133,0.060706
0.000672,0.000629,-0.057611,0.060889
0.000796,0.002293,-0.058957,0.055198
0.002597,0.001496,-0.051674,0.062775
-0.001080,0.001453,-0.058678,0.052969
-0.000426,-0.000283,-0.055682,0.056067
-0.002222,-0.002194,-0.056700,0.053554
-0.000908,-0.000936,-0.054637,0.057307
0.002583,0.002175,-0.053066,0.059948
0.002749,0.003362,-0.054174,0.060106
-0.002314,-0.002216,-0.059941,0.054876
0.001419,0.000750,-0.054112,0.057676
0.003601,0.000767,-0.049621,0.058042
-0.000745,-0.000400,-0.058117,0.056247
0.000644,0.000904,-0.053852,0.059543
0.001139,-0.000604,-0.055084,0.056337
0.000184,0.000491,-0.058935,0.057727
0.002960,0.002845,-0.051949,0.058329
0.002816,0.001286,-0.054028,0.063390
-0.000357,-0.001096,-0.054898,0.055636
-0.001165,-0.000357,-0.058589,0.057339
0.001464,-0.000399,-0.053829,0.058077
0.001396,0.001732,-0.059508,0.058701
0.003205,0.001790,-0.051042,0.057742
0.002265,0.001749,-0.050218,0.057203
0.002791,0.002307,-0.050803,0.054198
0.000513,0.001484,-0.052331,0.055685
-0.002279,-0.001826,-0.058662,0.057147
-0.005068,-0.002345,-0.064126,0.049019
0.000598,-0.000521,-0.053126,0.056164
0.002088,-0.000052,-0.053009,0.060299
0.000382,0.000529,-0.055271,0.054899
0.001420,0.001081,-0.052892,0.055216
0.003541,0.001780,-0.049974,0.060253
0.000503,0.000015,-0.055688,0.054940
0.000043,0.000182,-0.058959,0.056185
-0.001813,-0.000500,-0.060977,0.054458
0.000830,0.000774,-0.055141,0.056931
0.001705,0.001560,-0.054921,0.059298
-0.001458,-0.000381,-0.056245,0.051231
0.000001,-0.001192,-0.054998,0.056271
0.002446,0.000794,-0.052465,0.061094
-0.003444,-0.002981,-0.060592,0.049713
-0.003721,-0.002317,-0.058654,0.054099
0.002815,0.001335,-0.051861,0.063704
-0.001880,-0.001726,-0.061711,0.051016
-0.003808,-0.002556,-0.059637,0.048606
0.000213,0.001109,-0.056745,0.054915
-0.002724,-0.002316,-0.061266,0.055336
-0.001586,0.000849,-0.057486,0.054961
-0.001234,-0.000354,-0.058008,0.051527
0.006041,0.003041,-0.048369,0.061252
-0.000101,0.000097,-0.058709,0.057404
0.002496,0.001088,-0.052664,0.060489
0.000846,-0.000822,-0.056583,0.056421
-0.001185,-0.001607,-0.058737,0.059236
0.001973,-0.000555,-0.053794,0.061950
0.004977,0.004149,-0.052059,0.063383
-0.001123,-0.001067,-0.058865,0.053907
0.001101,0.002077,-0.057324,0.062407
-0.000763,0.000029,-0.058743,0.055364
0.000356,-0.000687,-0.054035,0.053278
0.002246,0.000921,-0.056602,0.059505
-0.000945,0.000766,-0.060559,0.054763
0.002401,0.001241,-0.053947,0.059170
-0.002260,-0.001956,-0.061317,0.056627
-0.003461,-0.002360,-0.062716,0.050767
-0.000192,-0.000684,-0.056152,0.057355
0.000860,0.000390,-0.056105,0.059200
0.000775,0.000217,-0.057329,0.059701
-0.001437,0.000694,-0.059517,0.050289
-0.002979,-0.002618,-0.058534,0.053304
-0.000333,-0.000695,-0.056602,0.060039
0.000139,0.000207,-0.052093,0.056576
0.000471,0.000633,-0.057187,0.059204
-0.000525,-0.002088,-0.055082,0.057675
0.001025,0.001172,-0.054902,0.057082
-0.000578,-0.000617,-0.057629,0.059396
0.001735,0.000572,-0.053992,0.062437
-0.001333,0.000145,-0.063279,0.054551
-0.000089,0.000149,-0.055787,0.055165
-0.000234,-0.000279,-0.055704,0.053906
0.003920,0.002650,-0.051837,0.062729
0.004337,0.002115,-0.050061,0.062688
0.005115,0.002441,-0.049981,0.064050
0.003423,0.001891,-0.052009,0.056637
0.001893,0.001719,-0.052979,0.059422
0.001118,0.000979,-0.055919,0.059623
0.001835,0.001277,-0.053916,0.057178
0.000820,-0.000357,-0.057422,0.061384
-0.000365,-0.001429,-0.058705,0.056535
0.004176,0.002115,-0.050849,0.063530
-0.001783,0.000182,-0.059723,0.053108
0.001554,0.002533,-0.055555,0.054925
0.003070,0.001905,-0.051278,0.061119
-0.001437,-0.000597,-0.055810,0.050921
-0.001031,-0.001000,-0.060358,0.056398
-0.000113,-0.000355,-0.057456,0.054556
0.000367,0.000409,-0.057264,0.056729
-0.000719,-0.000173,-0.056392,0.052466
-0.001991,-0.001844,-0.059053,0.056203
0.006751,0.005404,-0.051476,0.062867
-0.001137,-0.001753,-0.058095,0.056613
0.000849,0.001629,-0.053950,0.056564
0.003270,0.002412,-0.053300,0.061747
-0.000236,-0.000122,-0.057509,0.056648
-0.002104,-0.001276,-0.057807,0.052643
0.000379,0.000084,-0.052500,0.056155
-0.005440,-0.002017,-0.065026,0.051691
0.000807,0.000669,-0.057098,0.057226
-0.001019,-0.000072,-0.056958,0.052277
0.000620,0.000171,-0.051236,0.053474
-0.001008,-0.000540,-0.057275,0.057278
-0.002308,-0.001388,-0.059470,0.053693
0.003871,0.002807,-0.052835,0.060646
0.001686,0.001117,-0.056135,0.057087
0.002641,0.002254,-0.054625,0.054811
0.001507,-0.000014,-0.052208,0.056418
0.002703,0.002631,-0.052923,0.060757
0.000243,0.000516,-0.057061,0.055864
-0.003383,-0.001949,-0.058867,0.051841
-0.001513,-0.001821,-0.056703,0.052550
-0.000906,0.000297,-0.058422,0.056751
0.001999,0.001345,-0.057213,0.058285
-0.000785,-0.001229,-0.055385,0.054593
-0.001534,-0.001756,-0.059067,0.054980
-0.002712,-0.001193,-0.061146,0.055039
0.001110,0.000005,-0.056309,0.058279
0.002323,0.000556,-0.055762,0.060919
-0.001089,-0.000896,-0.058695,0.056428
0.001876,0.000147,-0.055655,0.059136
-0.001615,-0.000509,-0.058639,0.055174
-0.001033,-0.000166,-0.054748,0.054936
-0.001095,0.000432,-0.059719,0.053263
0.000928,0.001040,-0.052220,0.053502
-0.000099,-0.000318,-0.056330,0.054982
-0.000084,0.000938,-0.055408,0.056188
0.001781,0.000965,-0.053203,0.058127
0.000908,0.000273,-0.054764,0.060437
-0.002668,-0.002916,-0.057560,0.054454
-0.002178,-0.001076,-0.061614,0.051400
-0.000403,-0.001039,-0.054982,0.054402
0.000871,0.001112,-0.053586,0.056292
-0.001748,-0.002675,-0.060953,0.057500
0.001536,0.003182,-0.059274,0.060479
-0.002235,-0.001215,-0.060387,0.052978
-0.001018,-0.000403,-0.055725,0.055369
-0.001498,-0.001608,-0.059122,0.054981
-0.002382,-0.001833,-0.060007,0.054458
-0.000396,-0.000162,-0.055972,0.055462
0.002912,0.001527,-0.049226,0.060813
-0.001198,0.001472,-0.058698,0.055143
-0.001411,-0.002268,-0.055017,0.052235
0.000229,-0.000524,-0.056067,0.056499
0.001372,-0.001221,-0.052448,0.056977
-0.001429,-0.002682,-0.058280,0.053803
0.000225,-0.000638,-0.053712,0.056037
-0.000278,-0.001343,-0.058351,0.057913
-0.001277,0.000447,-0.063864,0.055772
0.003872,0.003402,-0.053249,0.061158
0.000856,0.000597,-0.053208,0.055314
0.002925,0.002712,-0.050646,0.060041
-0.000192,0.000187,-0.055837,0.057060
-0.000119,-0.000295,-0.057071,0.054584
-0.000233,0.000186,-0.059103,0.055417
-0.000238,-0.000044,-0.059758,0.056309
-0.000858,-0.001416,-0.050199,0.052737
0.001536,0.001663,-0.056197,0.063432
-0.000823,0.000699,-0.062389,0.057198
0.000328,0.001377,-0.057859,0.058196
0.000482,0.000649,-0.059382,0.057297
-0.003292,-0.002573,-0.058595,0.053439
0.000980,-0.000226,-0.056441,0.058903
0.000792,0.000253,-0.056988,0.058132
-0.000898,0.000682,-0.054741,0.053465
0.000488,-0.000092,-0.055304,0.055700
-0.000962,-0.001131,-0.056263,0.053790
0.002047,0.002197,-0.055995,0.057229
-0.000799,-0.002027,-0.055475,0.055614
0.003902,0.001810,-0.050332,0.059594
-0.000522,-0.002060,-0.055712,0.059571
-0.000409,0.000164,-0.056843,0.055755
-0.001046,-0.001619,-0.053443,0.053521
0.001661,0.001018,-0.053816,0.059913
-0.000250,0.000452,-0.059286,0.055561
0.001205,0.000909,-0.056667,0.057623
0.002059,0.002243,-0.055602,0.057650
-0.000699,-0.000058,-0.063112,0.059424
-0.000794,0.000231,-0.057948,0.056682
0.001197,0.000116,-0.051591,0.056389
-0.001543,-0.001555,-0.057980,0.053195
0.002371,0.002091,-0.051747,0.056862
-0.000426,-0.000312,-0.057946,0.053687
0.001349,0.001232,-0.057292,0.057557
-0.000666,-0.000150,-0.057091,0.054843
0.000328,0.000544,-0.057659,0.055499
0.000018,0.000972,-0.054814,0.054641
-0.002857,-0.002353,-0.056415,0.051263
-0.000438,0.000946,-0.055221,0.053580
0.002312,0.002475,-0.054764,0.057793
-0.002237,-0.000449,-0.060517,0.052358
0.001326,0.000371,-0.051281,0.056998
-0.001182,0.000410,-0.056844,0.055462
0.002098,0.000858,-0.055465,0.061219
-0.000147,-0.000242,-0.056968,0.054052
0.001025,0.001085,-0.056188,0.056267
-0.001324,-0.001902,-0.054438,0.053935
-0.000167,0.000763,-0.052529,0.054149
-0.000007,-0.000151,-0.053112,0.056609
0.000866,-0.001692,-0.055692,0.058765
0.006557,0.005464,-0.049687,0.063979
0.000133,-0.001431,-0.060053,0.061936
-0.001137,-0.000379,-0.056042,0.052776
-0.001649,-0.000020,-0.059680,0.055553
-0.000513,-0.000309,-0.060917,0.056489
-0.001583,-0.000948,-0.057552,0.051846
0.001977,0.001834,-0.052480,0.055295
0.000542,-0.000160,-0.056762,0.055485
0.001561,-0.000677,-0.053293,0.061739
-0.000084,0.001810,-0.058507,0.054657
-0.001341,-0.001658,-0.058002,0.057759
0.005066,0.002597,-0.050056,0.062612
0.001016,0.000577,-0.057817,0.062230
0.002262,0.000084,-0.049456,0.053100
0.002507,0.001889,-0.052188,0.055411
0.000135,0.000838,-0.054993,0.057412
-0.000026,-0.000006,-0.058561,0.056737
-0.001114,-0.000364,-0.055800,0.056415
0.001011,0.000947,-0.053691,0.057930
-0.000372,0.000233,-0.058383,0.053158
-0.002104,-0.000100,-0.056016,0.051946
0.002978,0.000671,-0.052255,0.059011
0.002807,0.002570,-0.053445,0.060972
0.002845,0.001251,-0.052177,0.059245
0.002888,0.002500,-0.052200,0.058541
-0.000127,0.000630,-0.056207,0.056038
-0.001694,-0.001664,-0.058797,0.055617
-0.000779,-0.000906,-0.056176,0.053498
0.000729,0.000263,-0.057817,0.058593
-0.001615,-0.001289,-0.057219,0.055659
0.000578,-0.000473,-0.057516,0.053607
0.000493,-0.000349,-0.056438,0.057913
-0.004712,-0.003232,-0.061394,0.050213
0.001733,0.002003,-0.054595,0.055807
-0.001155,-0.000994,-0.056102,0.053794
-0.005089,-0.003226,-0.059272,0.048894
-0.001227,-0.000889,-0.055943,0.053526
-0.000582,-0.000779,-0.054247,0.055756
-0.002018,-0.003507,-0.053881,0.049310
-0.000824,0.000109,-0.057196,0.053737
0.002505,0.001799,-0.049379,0.055441
0.000041,0.000054,-0.055895,0.058469
-0.000385,0.000207,-0.057699,0.051369
-0.000904,-0.001940,-0.060015,0.053043
-0.000711,-0.000795,-0.054311,0.055618
-0.000724,-0.000832,-0.053926,0.050973
-0.001026,-0.000237,-0.060046,0.059878
0.001236,-0.000251,-0.051796,0.058745
0.000551,-0.000437,-0.054058,0.055920
-0.000144,-0.000716,-0.055267,0.059106
-0.001821,-0.000249,-0.058831,0.051633
0.000698,0.000400,-0.059443,0.056527
-0.000580,-0.000184,-0.053814,0.054888
-0.006240,-0.003674,-0.064864,0.050872
0.004404,0.004314,-0.054687,0.062072
0.004798,0.004766,-0.049277,0.062041
-0.000368,-0.000940,-0.055772,0.054902
-0.001697,-0.001248,-0.060309,0.056225
0.000569,-0.001228,-0.054646,0.059184
0.003548,0.003618,-0.052227,0.058821
-0.000193,-0.000089,-0.056766,0.055490
0.000215,-0.000259,-0.055782,0.059779
0.003247,0.003135,-0.054385,0.060612
-0.001150,-0.000116,-0.058723,0.055879
0.000950,0.001763,-0.055154,0.060016
0.001379,0.000937,-0.054051,0.059964
-0.001132,-0.000089,-0.055181,0.054231
-0.000272,0.000828,-0.056661,0.053008
-0.000918,-0.000116,-0.059215,0.058412
-0.001273,-0.001160,-0.057246,0.057641
-0.001573,-0.000588,-0.058060,0.056573
-0.002090,0.000247,-0.062251,0.054385
-0.001354,0.000625,-0.057905,0.054359
-0.001475,-0.002426,-0.056616,0.053366
-0.000366,0.000844,-0.054820,0.051833
-0.003161,-0.001622,-0.062405,0.054748
-0.002182,-0.001427,-0.059766,0.054030
-0.000858,-0.000211,-0.057072,0.054243
0.000301,0.000394,-0.055886,0.059658
-0.001389,-0.000348,-0.055207,0.051449
-0.000422,0.000623,-0.059634,0.059081
-0.000628,0.001025,-0.058852,0.054957
0.000531,0.000296,-0.056365,0.057334
-0.001140,-0.001109,-0.055512,0.049717
-0.000511,-0.000272,-0.058187,0.056416
-0.000821,-0.001029,-0.056641,0.058650
-0.000837,-0.000355,-0.054925,0.055634
0.002526,0.001847,-0.053920,0.059514
-0.000461,-0.000396,-0.056503,0.053368
-0.003050,-0.001258,-0.062214,0.052219
0.001613,0.000443,-0.053730,0.057697
-0.000829,-0.001379,-0.059158,0.058319
0.000081,-0.000571,-0.057100,0.056339
-0.003462,-0.003912,-0.059537,0.053170
0.001871,0.001107,-0.053164,0.060371
-0.001097,-0.000604,-0.058815,0.055998
0.000752,0.000845,-0.051621,0.057018
0.003979,0.002254,-0.052476,0.060226
-0.002439,-0.000553,-0.060290,0.056614
-0.000394,0.001672,-0.054823,0.054625
-0.000047,-0.000648,-0.056074,0.056026
0.000323,0.000531,-0.058447,0.059201
-0.002178,-0.001878,-0.058943,0.055450
-0.000535,-0.000392,-0.057330,0.056020
0.000714,0.000488,-0.055077,0.058920
-0.000576,-0.001859,-0.055889,0.053343
0.003213,0.002405,-0.049376,0.060609
0.001004,-0.000495,-0.051212,0.052176
0.004271,0.003245,-0.050157,0.057040
-0.001410,-0.001290,-0.055514,0.052952
0.000347,0.000046,-0.057085,0.056082
-0.001776,-0.001499,-0.058742,0.056884
0.000775,0.001225,-0.053649,0.057404
-0.001627,-0.000363,-0.059362,0.051586
-0.002546,-0.002203,-0.058142,0.051694
-0.001553,-0.000228,-0.064353,0.058045
0.001000,-0.000037,-0.052533,0.057919
-0.001006,-0.000318,-0.057301,0.053867
0.002392,0.001135,-0.053857,0.058344
-0.000231,-0.000092,-0.056140,0.053560
0.002829,0.002229,-0.053416,0.057270
-0.000656,-0.001405,-0.056371,0.052555
-0.000898,-0.001308,-0.056383,0.058175
0.001908,0.000273,-0.051198,0.059895
-0.000544,0.000070,-0.057694,0.053347
-0.002298,-0.002491,-0.059971,0.056518
-0.001691,-0.000496,-0.059093,0.056694
-0.003462,-0.001714,-0.062766,0.054489
-0.000249,0.000337,-0.054001,0.053865
-0.001582,0.001229,-0.063089,0.054139
-0.004747,-0.002684,-0.059724,0.047986
0.000377,0.001250,-0.054856,0.057408
-0.000671,-0.000293,-0.059040,0.054585
-0.002105,-0.000355,-0.059626,0.051673
-0.000988,0.000089,-0.056646,0.054440
-0.000465,-0.000718,-0.057476,0.055779
0.003590,0.000603,-0.051129,0.063375
0.000046,-0.000503,-0.054587,0.055481
-0.001382,-0.000401,-0.061525,0.054936
-0.001368,-0.001399,-0.056044,0.054069
0.000389,0.000262,-0.052864,0.056585
-0.001129,-0.001492,-0.058322,0.054877
-0.000012,-0.000663,-0.056172,0.055431
0.000423,-0.000874,-0.054917,0.056527
0.000358,-0.001442,-0.054706,0.059803
0.000958,0.000871,-0.054421,0.056101
0.000271,0.000188,-0.054848,0.055767
-0.003312,-0.003466,-0.060753,0.052623
0.001037,0.001146,-0.052187,0.058939
-0.000124,-0.000287,-0.054182,0.055878
-0.001195,-0.000199,-0.057757,0.053705
-0.000806,-0.001382,-0.054788,0.058038
-0.000673,-0.001674,-0.053599,0.048670
0.000790,0.000648,-0.053269,0.058032
0.001997,0.001729,-0.053194,0.058014
0.001856,-0.000296,-0.049663,0.059916
-0.001281,-0.001296,-0.061288,0.055615
-0.002554,0.000414,-0.059615,0.054160
-0.001207,-0.000052,-0.057530,0.054352
0.001622,0.001083,-0.054153,0.057113
0.000880,0.000928,-0.054124,0.058244
-0.000094,0.000713,-0.057340,0.052233
0.001783,0.000712,-0.052011,0.055872
-0.002081,0.000372,-0.062564,0.053609
-0.001871,-0.001247,-0.058654,0.053258
-0.001650,-0.000532,-0.059795,0.054717
-0.002262,-0.001844,-0.059946,0.052542
-0.001257,-0.001461,-0.060517,0.055005
-0.000606,-0.001553,-0.057018,0.058755
-0.001010,-0.000185,-0.060416,0.055451
-0.000469,-0.001228,-0.055734,0.054869
-0.000857,0.000132,-0.058123,0.054670
0.003421,0.002762,-0.053575,0.063712
-0.000326,0.000814,-0.057078,0.053768
0.000426,-0.000403,-0.057957,0.055051
0.000308,0.001306,-0.059227,0.058608
-0.001100,-0.001770,-0.056530,0.055248
-0.001069,-0.000267,-0.058071,0.052848
-0.002572,-0.002062,-0.063834,0.053141
0.001096,0.000149,-0.054731,0.055603
-0.000711,-0.000980,-0.054705,0.054246
0.002015,0.001896,-0.053261,0.058761
0.001906,0.001310,-0.051647,0.055455
-0.001808,-0.000528,-0.059293,0.051331
-0.000317,-0.000061,-0.056009,0.056492
-0.001037,-0.001812,-0.058898,0.055367
-0.001348,-0.000570,-0.058652,0.052446
-0.001472,-0.001051,-0.059305,0.054656
-0.001110,-0.001303,-0.060580,0.058016
0.000043,0.000556,-0.055893,0.054126
-0.001307,-0.000997,-0.057689,0.053035
-0.000100,-0.000658,-0.052940,0.054510
-0.001927,-0.001908,-0.056808,0.056261
0.001599,-0.000896,-0.056332,0.058736
-0.000251,0.000088,-0.056162,0.055769
-0.001019,-0.000197,-0.056974,0.058032
-0.001461,-0.001018,-0.060253,0.054392
0.000487,-0.000524,-0.054501,0.059380
0.001111,0.000225,-0.054606,0.058138
-0.001720,-0.001236,-0.055113,0.051767
-0.002264,-0.003057,-0.057201,0.052909
-0.001192,-0.000351,-0.056175,0.054679
-0.000830,-0.001545,-0.054659,0.052996
0.000436,0.000549,-0.058159,0.056921
0.000976,0.000505,-0.051230,0.057842
0.003244,0.001525,-0.051275,0.060035
0.000959,0.001059,-0.058612,0.059510
-0.000626,-0.000054,-0.057197,0.056286
-0.001248,-0.001516,-0.058090,0.051789
0.000783,0.000825,-0.053550,0.057137
0.001046,0.001948,-0.052622,0.054997
-0.002519,-0.001731,-0.057740,0.052509
0.000492,0.001043,-0.055803,0.058302
0.002388,0.001082,-0.048293,0.056636
0.003128,0.003657,-0.050753,0.059696
-0.000350,0.000264,-0.054484,0.054531
-0.002070,-0.000652,-0.054534,0.049505
0.001905,0.000467,-0.057583,0.064849
0.004976,0.003720,-0.047680,0.062490
0.001740,0.002259,-0.057334,0.060331
-0.001244,-0.001701,-0.057873,0.056132
0.002514,0.001874,-0.053975,0.059735
-0.000351,-0.000258,-0.059499,0.059001
-0.001599,-0.000843,-0.060114,0.058456
-0.002495,-0.000425,-0.059138,0.051931
-0.003797,-0.001936,-0.065220,0.054814
-0.003297,-0.003653,-0.057296,0.052624
0.000206,-0.000007,-0.056089,0.056136
0.000143,0.000420,-0.055108,0.054466
0.003011,0.001889,-0.052921,0.059855
-0.001880,-0.002242,-0.055972,0.052632
0.000133,0.000780,-0.056158,0.057765
-0.003788,-0.002987,-0.061411,0.051879
0.000642,0.000340,-0.051828,0.056917
-0.002297,-0.002069,-0.060477,0.056174
-0.002724,-0.002450,-0.055441,0.052831
0.003332,0.002258,-0.052070,0.058956
0.000177,0.000402,-0.056056,0.058132
0.002233,0.001572,-0.050659,0.059441
0.002314,0.001209,-0.052461,0.055992
0.002076,0.001111,-0.052872,0.056597
-0.001293,-0.000412,-0.057825,0.051939
0.001820,0.001908,-0.056632,0.054062
-0.001517,-0.001260,-0.056322,0.051248
-0.001723,-0.001977,-0.058674,0.053417
0.000419,0.000779,-0.054791,0.054623
0.000420,0.000564,-0.057405,0.055341
-0.001251,0.001146,-0.062561,0.053857
0.004669,0.002452,-0.045278,0.062541
0.004283,0.001827,-0.051297,0.059338
0.002313,0.002159,-0.049277,0.055585
-0.001742,-0.001271,-0.059671,0.055397
-0.002097,-0.001746,-0.060010,0.052009
-0.000752,-0.000102,-0.055582,0.052670
-0.002470,-0.000635,-0.060814,0.050403
0.000834,0.000761,-0.053041,0.052383
0.000476,-0.001195,-0.057351,0.059478
-0.001047,-0.001304,-0.056174,0.054240
0.000022,0.000994,-0.054062,0.053595
0.000120,0.000518,-0.054597,0.055251
0.001483,0.000991,-0.055903,0.055432
0.000798,0.001003,-0.053632,0.056175
-0.002695,-0.001551,-0.060016,0.057710
-0.002007,-0.000508,-0.058182,0.055671
-0.000401,-0.000302,-0.058187,0.057225
-0.001307,-0.001924,-0.059591,0.057045
-0.002851,-0.001688,-0.062135,0.052765
-0.000264,-0.001457,-0.056541,0.058719
-0.002619,-0.000177,-0.058123,0.050785
-0.001578,-0.000136,-0.058173,0.048177
0.002541,0.001771,-0.055429,0.056113
0.001388,0.000288,-0.052221,0.060185
0.001366,0.001014,-0.053625,0.055564
-0.004215,-0.002308,-0.062945,0.052693
0.000158,0.000372,-0.053659,0.054590
0.002737,0.002091,-0.047710,0.055821
-0.002381,-0.000913,-0.060103,0.050212
0.000024,-0.000520,-0.055400,0.054329
-0.001474,-0.002023,-0.056683,0.054223
0.000514,0.000257,-0.055251,0.059371
0.001910,0.000085,-0.053636,0.060632
-0.000793,0.000271,-0.056048,0.051961
0.001089,0.000378,-0.056210,0.059373
0.000509,0.001260,-0.057574,0.056088
-0.002090,-0.002444,-0.060235,0.052836
0.003403,0.003126,-0.053111,0.060482
-0.001302,-0.000906,-0.059812,0.055309
-0.000417,-0.000026,-0.052943,0.055860
0.000360,0.001866,-0.056916,0.054891
0.002002,0.001178,-0.053358,0.057744
0.002385,0.001482,-0.054258,0.058142
0.000776,0.000851,-0.050117,0.053775
0.000939,-0.000338,-0.052055,0.059695
-0.000812,-0.001173,-0.058395,0.056196
0.001657,0.001854,-0.058015,0.057029
-0.000229,-0.001373,-0.054577,0.055752
-0.000414,0.000805,-0.059977,0.054621
-0.002453,-0.002126,-0.059421,0.053164
0.000851,0.000524,-0.058726,0.060038
-0.000300,0.000740,-0.056683,0.056143
0.005369,0.005340,-0.048152,0.061101
0.000123,-0.000938,-0.056816,0.057988
-0.001152,-0.002879,-0.055795,0.053923
-0.000612,-0.001980,-0.054876,0.049703
0.001060,-0.000198,-0.056981,0.059255
-0.001818,-0.001237,-0.058771,0.054952
-0.003277,-0.001179,-0.059171,0.050465
-0.002555,-0.001339,-0.056552,0.051374
-0.000113,-0.001361,-0.054567,0.055697
0.000854,0.001755,-0.054629,0.057414
0.002853,0.001579,-0.052493,0.061983
-0.000045,-0.000419,-0.055726,0.053387
-0.002220,-0.002209,-0.056177,0.052123
-0.000867,-0.001172,-0.058427,0.058555
0.000529,-0.000063,-0.054204,0.053535
-0.000112,0.000294,-0.052237,0.054167
0.000865,0.000401,-0.055824,0.060794
-0.000427,-0.000046,-0.055754,0.055765
-0.001332,-0.001265,-0.055757,0.052759
0.002382,0.001343,-0.055447,0.063586
0.001942,0.000427,-0.055902,0.058427
0.004030,0.001032,-0.051540,0.062618
0.001137,0.000507,-0.053518,0.055969
-0.000136,0.001102,-0.056485,0.053294
-0.000228,0.000261,-0.057624,0.056281
0.000352,-0.001049,-0.054391,0.059407
-0.000217,-0.001067,-0.058823,0.051664
-0.001517,-0.000734,-0.057917,0.050624
-0.000188,-0.002074,-0.057626,0.059090
-0.000413,0.000631,-0.055146,0.055611
0.000205,0.000219,-0.056051,0.057642
-0.000501,-0.001575,-0.057818,0.059226
0.000849,0.000603,-0.054371,0.052998
0.000890,0.000412,-0.052382,0.051824
0.000367,0.000446,-0.056289,0.055775
0.000982,-0.000243,-0.054824,0.056413
0.004391,0.001863,-0.050762,0.064569
0.001150,0.000279,-0.053864,0.058295
0.002461,0.001804,-0.052572,0.056774
0.001176,-0.000768,-0.054949,0.059346
0.000741,-0.000500,-0.055409,0.056536
-0.001604,-0.000544,-0.060451,0.054328
0.002714,0.001453,-0.052749,0.059489
0.000793,0.000883,-0.056715,0.057454
-0.001589,-0.001173,-0.057123,0.054836
0.000560,0.000019,-0.055215,0.059657
-0.000903,-0.000869,-0.055929,0.054226
-0.000206,0.001129,-0.056595,0.054881
-0.003767,-0.002441,-0.062329,0.051807
-0.002054,-0.001662,-0.060390,0.054263
0.002384,0.001564,-0.055409,0.061594
-0.000530,-0.000638,-0.055411,0.055773
-0.001580,-0.000127,-0.056949,0.054104
-0.002803,-0.001232,-0.063642,0.058116
0.001144,0.001176,-0.055546,0.061519
0.000861,0.002195,-0.053428,0.056929
-0.002079,-0.000784,-0.056052,0.052388
-0.001446,-0.003011,-0.057269,0.057171
0.000890,-0.000372,-0.054119,0.059064
0.000703,-0.000874,-0.052264,0.059573
-0.001309,-0.002405,-0.053474,0.053208
-0.002497,-0.001526,-0.057155,0.051559
0.001561,-0.000352,-0.051048,0.059031
0.000998,-0.000297,-0.056288,0.060020
0.002301,0.001559,-0.053059,0.060248
0.001238,0.001123,-0.054921,0.055245
0.000441,0.000762,-0.055885,0.057334
-0.001062,0.000042,-0.053641,0.051603
-0.000611,0.000759,-0.057751,0.052722
-0.001513,-0.000814,-0.055564,0.052946
-0.001237,-0.002677,-0.055384,0.055989
0.001182,0.001419,-0.056735,0.058523
0.001040,-0.000280,-0.050422,0.057130
0.001082,0.001211,-0.057175,0.060387
0.003095,0.002375,-0.053465,0.057438
-0.002960,-0.002196,-0.060005,0.055773
0.000360,0.000136,-0.052387,0.056940
0.001210,0.001743,-0.056271,0.056810
0.004084,0.002200,-0.049922,0.062045
0.005268,0.002354,-0.044756,0.063092
0.003888,0.003268,-0.052103,0.060061
0.000015,0.000028,-0.054849,0.060472
-0.001168,-0.000166,-0.056710,0.054018
-0.002577,-0.002125,-0.058326,0.049172
-0.000587,-0.000598,-0.058452,0.056997
-0.000659,-0.000898,-0.054424,0.053117
0.001204,0.001284,-0.058851,0.060112
-0.000241,0.000572,-0.059567,0.055261
0.000159,-0.001171,-0.054354,0.057714
0.000520,0.000249,-0.054840,0.054960
-0.001672,-0.000296,-0.057624,0.053210
-0.001587,-0.001683,-0.057413,0.052895
-0.002998,-0.002222,-0.060818,0.052767
0.002059,0.000961,-0.055614,0.060687
-0.001202,0.000108,-0.062277,0.057322
0.000353,0.001546,-0.057985,0.053007
0.000142,0.000691,-0.054591,0.055692
0.002988,0.003065,-0.052076,0.056372
-0.002276,-0.000757,-0.059246,0.051716
0.001204,0.001378,-0.055828,0.057125
-0.000223,-0.001687,-0.055856,0.057598
0.001352,0.001295,-0.055676,0.057422
-0.000348,-0.000837,-0.057648,0.057064
-0.000936,-0.000932,-0.056257,0.055596
0.000501,0.000202,-0.057092,0.057020
-0.001790,-0.002735,-0.056403,0.051507
-0.001701,-0.000884,-0.057528,0.053746
-0.000769,-0.000212,-0.059081,0.055457
-0.002407,-0.002323,-0.057835,0.052621
-0.002357,-0.001896,-0.060843,0.055417
-0.002892,-0.001471,-0.064295,0.053701
0.000638,-0.000932,-0.051018,0.061988
-0.001792,-0.002312,-0.058697,0.052294
-0.003110,-0.000796,-0.060994,0.050384
-0.000659,0.000592,-0.056237,0.053996
0.000927,0.000710,-0.056689,0.057486
0.000304,0.000848,-0.054107,0.056327
-0.003127,-0.002120,-0.058855,0.055697
-0.004703,-0.003921,-0.059404,0.050662
0.000230,-0.001046,-0.057943,0.063398
0.000463,0.000092,-0.055310,0.060500
-0.000419,0.001057,-0.058271,0.056838
-0.000653,-0.001007,-0.054958,0.056638
-0.002638,-0.002056,-0.059677,0.052930
0.000471,0.000245,-0.057903,0.057517
-0.000978,0.000639,-0.058707,0.056247
-0.000899,0.000432,-0.061073,0.057727
-0.000805,-0.001335,-0.056529,0.055221
0.001486,-0.000065,-0.053537,0.057707
0.004237,0.003421,-0.049293,0.060089
0.001188,0.001448,-0.055664,0.057182
-0.002122,-0.001203,-0.054471,0.054334
0.002130,-0.000193,-0.054336,0.059815
0.000167,0.001297,-0.060457,0.056458
-0.000911,-0.002022,-0.055867,0.054912
0.000046,0.000188,-0.056120,0.056860
-0.001902,-0.000463,-0.057750,0.053592
0.000472,-0.000121,-0.056705,0.058359
0.000659,-0.001053,-0.054936,0.060623
-0.000493,0.000184,-0.057207,0.055539
-0.001079,-0.001049,-0.057049,0.052785
-0.000931,-0.000132,-0.057069,0.055779
-0.004236,-0.003429,-0.060600,0.050702
0.002165,0.002178,-0.052719,0.057180
-0.004139,-0.002618,-0.058532,0.051017
0.001525,0.000579,-0.054924,0.058195
-0.002085,-0.001103,-0.058166,0.053759
-0.001153,-0.000780,-0.058266,0.053785
-0.001171,-0.000719,-0.060812,0.052658
0.001458,-0.000688,-0.056657,0.059673
-0.000806,-0.000813,-0.056860,0.051515
-0.001303,0.000068,-0.060905,0.056010
-0.001885,-0.001154,-0.059161,0.051670
0.000492,-0.000744,-0.055948,0.057333
-0.000618,0.000258,-0.057532,0.054982
0.002331,0.000694,-0.053438,0.059179
0.007025,0.003849,-0.046008,0.062279
-0.003000,-0.001576,-0.062782,0.054563
0.000268,0.001157,-0.057489,0.055473
0.000469,-0.000424,-0.053349,0.058615
-0.000940,-0.000828,-0.058137,0.053965
0.001674,0.000116,-0.056514,0.062077
0.001464,0.000251,-0.056091,0.061726
-0.003734,-0.002209,-0.060129,0.051120
0.000782,0.001791,-0.057262,0.056918
0.000436,-0.001665,-0.056279,0.057569
0.000348,-0.000691,-0.056336,0.058684
-0.001490,-0.002513,-0.055885,0.054238
0.002467,0.002229,-0.054260,0.059705
0.000713,0.001231,-0.054612,0.059956
0.001087,-0.000698,-0.050479,0.057408
0.001010,-0.000539,-0.050421,0.055501
-0.000540,0.001257,-0.061589,0.059655
0.000695,0.001340,-0.059629,0.058103
0.001277,0.000800,-0.057492,0.059984
0.002318,0.001747,-0.054145,0.057994
0.001872,0.000600,-0.054483,0.059445
-0.000972,-0.002533,-0.057138,0.057836
-0.001241,-0.001032,-0.054901,0.052954
0.001729,0.001090,-0.050898,0.057033
0.001771,-0.000297,-0.051163,0.059911
0.000894,-0.000183,-0.056220,0.054289
0.000156,-0.000388,-0.055281,0.060386
-0.000054,0.000342,-0.054314,0.052247
0.002500,0.001474,-0.057223,0.063758
-0.003170,-0.001141,-0.059715,0.053774
-0.001902,0.000065,-0.058854,0.052618
0.000021,0.000713,-0.054778,0.057509
-0.000706,-0.001475,-0.056827,0.053875
-0.000914,0.000612,-0.056775,0.051907
-0.003110,-0.003206,-0.057910,0.055911
0.000677,0.001747,-0.056576,0.055974
-0.000592,0.000984,-0.057044,0.055772
-0.000045,0.002066,-0.057124,0.056325
-0.001372,-0.000706,-0.058224,0.055828
0.000141,-0.001008,-0.055607,0.056029
0.000568,-0.000699,-0.056797,0.057883
-0.002078,-0.001381,-0.061765,0.053669
0.000191,-0.000203,-0.051717,0.055561
0.000830,0.001367,-0.057680,0.057054
0.002001,0.001239,-0.053944,0.061146
0.002861,0.002095,-0.053611,0.062818
0.000101,-0.000057,-0.058058,0.057283
-0.000814,0.000946,-0.058823,0.059175
-0.002308,-0.000275,-0.058065,0.052728
-0.002452,-0.002802,-0.059772,0.051874
0.001512,0.001973,-0.056807,0.058877
-0.000058,-0.000457,-0.055099,0.055616
0.000411,0.000814,-0.056451,0.053832
0.005037,0.003500,-0.050282,0.064153
0.002412,0.002541,-0.052817,0.058531
-0.002227,-0.001050,-0.057997,0.052663
-0.000928,-0.000317,-0.056972,0.052768
0.000419,0.000132,-0.058006,0.058390
0.002302,0.001503,-0.054467,0.062707
0.003338,0.001947,-0.052585,0.062949
0.000791,-0.000239,-0.054298,0.059780
-0.000411,-0.001624,-0.054241,0.053584
0.000066,0.000787,-0.057003,0.056867
0.001991,-0.000378,-0.053079,0.058780
0.000396,-0.000217,-0.059948,0.062197
0.001833,0.000648,-0.053675,0.061428
0.002551,0.001686,-0.050068,0.056487
-0.002076,-0.000291,-0.056689,0.052619
-0.000913,0.000250,-0.057158,0.054025
0.001142,-0.000256,-0.053535,0.055771
0.003139,0.001879,-0.053527,0.061372
0.001566,0.000835,-0.052136,0.056403
0.000279,0.000454,-0.062775,0.057434
0.000571,0.001284,-0.058639,0.059468
-0.001441,0.000072,-0.056972,0.056144
-0.002109,-0.001138,-0.061208,0.052807
0.000185,0.000127,-0.053541,0.056809
-0.001217,-0.000519,-0.057737,0.053479
-0.000871,-0.001243,-0.057199,0.057371
0.001001,0.000200,-0.055818,0.058447
-0.001778,0.000537,-0.057451,0.056369
0.001056,-0.000127,-0.055446,0.057556
0.000790,-0.000045,-0.055095,0.056517
0.004770,0.003751,-0.051695,0.062797
0.001857,0.002049,-0.053502,0.055965
-0.000010,0.001062,-0.055440,0.055525
0.000366,0.000882,-0.056806,0.055608
-0.000800,-0.000314,-0.053468,0.053266
0.003506,0.001098,-0.049758,0.063802
0.003346,0.003220,-0.050036,0.058049
0.000298,0.001635,-0.058088,0.054249
-0.001654,-0.000771,-0.060924,0.053896
-0.001152,-0.001663,-0.060283,0.056489
0.001528,0.000114,-0.052370,0.056974
0.000898,-0.000188,-0.053614,0.055406
0.007145,0.005629,-0.046298,0.062793
-0.000786,0.000084,-0.059136,0.055778
0.003465,0.001478,-0.049230,0.059152
-0.004810,-0.002176,-0.061921,0.047858
0.001087,0.000440,-0.058813,0.058111
-0.002241,-0.000970,-0.056005,0.052572
0.000215,-0.000609,-0.057484,0.059067
-0.002229,-0.000816,-0.061542,0.056954
0.000133,0.001104,-0.056661,0.058031
0.000532,0.000808,-0.056927,0.056811
0.002121,0.002379,-0.051156,0.056021
-0.001709,-0.001845,-0.056564,0.053960
0.000414,-0.001182,-0.053181,0.054031
-0.001968,-0.002258,-0.058860,0.051561
0.003002,0.001015,-0.051834,0.060150
0.000279,0.000593,-0.054682,0.057476
0.001351,-0.000064,-0.052113,0.057830
-0.002699,-0.001562,-0.060931,0.051657
-0.002679,-0.000284,-0.058137,0.049737
0.001927,0.001407,-0.053564,0.056781
0.000666,0.001340,-0.054664,0.053459
-0.000747,-0.000059,-0.057112,0.055674
-0.001506,-0.000546,-0.056811,0.053882
-0.000053,0.000386,-0.058300,0.057234
0.000382,0.000048,-0.057398,0.055874
-0.001240,0.000168,-0.056609,0.053957
0.000372,0.000324,-0.055228,0.054285
0.000071,-0.000289,-0.057923,0.056457
-0.000953,-0.001029,-0.056435,0.051771
-0.001265,0.000788,-0.057867,0.052244
0.001411,-0.000082,-0.055444,0.060684
0.000688,0.000814,-0.053280,0.054757
-0.004576,-0.002855,-0.061541,0.053605
-0.000470,0.000752,-0.054847,0.056837
-0.001863,-0.000606,-0.060835,0.054717
-0.000681,-0.001002,-0.054130,0.059050
-0.000988,0.000448,-0.056033,0.051875
-0.000977,0.001262,-0.062329,0.055909
-0.000981,0.000101,-0.055396,0.054732
0.000298,0.000171,-0.056215,0.056585
-0.000867,-0.001186,-0.054799,0.055248
0.000123,0.000021,-0.055472,0.058557
-0.001720,-0.001301,-0.058900,0.052326
-0.001786,-0.001137,-0.055531,0.052007
0.000406,0.001137,-0.057040,0.054894
0.001442,0.000941,-0.056137,0.059018
0.003497,0.002444,-0.052121,0.061359
-0.000087,-0.000256,-0.056834,0.057489
-0.001498,-0.001574,-0.056963,0.051474
-0.001061,-0.000883,-0.058744,0.054940
-0.004012,-0.003050,-0.059637,0.051325
0.001834,0.000761,-0.051777,0.060273
-0.000390,-0.000555,-0.056292,0.054161
0.001160,0.000778,-0.055632,0.056818
-0.004829,-0.003660,-0.062652,0.053868
0.000978,0.001313,-0.054147,0.056203
0.001107,0.000150,-0.056194,0.057266
-0.001166,-0.000299,-0.056873,0.054426
0.002656,0.002191,-0.054906,0.058225
0.001583,0.001197,-0.055599,0.057294
-0.002653,-0.001995,-0.059369,0.052818
-0.002275,-0.000442,-0.060149,0.051955
-0.001873,0.000708,-0.058992,0.053305
-0.000793,-0.000557,-0.058417,0.055116
0.002919,0.001794,-0.054058,0.062862
0.003271,0.002551,-0.054961,0.057894
0.000920,0.000262,-0.055265,0.056891
0.000458,-0.000757,-0.057159,0.056731
-0.000660,-0.000854,-0.056624,0.051362
-0.000990,-0.001534,-0.057854,0.057817
-0.001413,-0.000075,-0.058371,0.053622
0.001230,0.000577,-0.054376,0.055384
-0.000852,-0.000864,-0.057245,0.054189
0.003069,0.001105,-0.053298,0.061278
-0.000664,-0.000182,-0.058173,0.054725
-0.001994,-0.001277,-0.059494,0.054333
-0.003091,-0.002553,-0.057440,0.055766
0.001140,0.000903,-0.053918,0.056952
0.000548,0.000537,-0.054824,0.054631
0.001671,0.001257,-0.056834,0.058736
0.000694,0.000974,-0.057105,0.054003
-0.001044,-0.001255,-0.062618,0.057677
0.001931,0.002348,-0.053424,0.057384
0.001633,0.000673,-0.055984,0.059694
0.001136,0.002428,-0.058103,0.060458
0.000781,-0.001047,-0.054254,0.057073
0.001887,0.000532,-0.054229,0.056310
-0.001341,-0.002261,-0.058195,0.056338
-0.000170,0.000854,-0.058000,0.056265
0.003059,0.000741,-0.049316,0.060837
0.000630,0.001331,-0.055705,0.057860
0.000457,-0.001091,-0.054559,0.055247
0.002690,0.001401,-0.051213,0.057487
0.000376,0.000527,-0.057321,0.056322
0.000176,-0.000926,-0.058078,0.057938
-0.000261,0.000817,-0.056868,0.054931
-0.002328,-0.001783,-0.059755,0.057341
-0.001234,-0.002196,-0.059585,0.055845
-0.001586,-0.001943,-0.059775,0.056131
-0.001436,-0.000373,-0.058314,0.057357
0.003514,0.002577,-0.052548,0.062861
-0.000426,0.000239,-0.055686,0.056542
0.000324,0.000402,-0.054121,0.057073
-0.000611,0.000496,-0.057868,0.055118
-0.000779,-0.001456,-0.055806,0.055440
0.001265,0.000192,-0.055027,0.057152
0.000999,0.000419,-0.052712,0.056072
-0.000320,0.000663,-0.059356,0.057551
0.000152,0.000194,-0.057013,0.058587
0.001077,0.000319,-0.058444,0.059557
0.001714,0.001551,-0.055180,0.060538
-0.000329,0.001591,-0.055833,0.052518
-0.000842,-0.000697,-0.054666,0.056970
-0.002293,-0.001689,-0.060601,0.057851
0.000068,-0.001525,-0.056767,0.059086
0.002558,0.001919,-0.050589,0.054940
-0.001172,-0.001774,-0.054906,0.054514
-0.000145,-0.001000,-0.055441,0.055929
-0.000253,0.001132,-0.062019,0.055380
-0.002043,-0.000438,-0.063728,0.057189
-0.001831,-0.002727,-0.062591,0.057714
-0.003298,-0.001891,-0.062814,0.052021
-0.001258,-0.000321,-0.057876,0.052840
0.000466,0.001455,-0.055286,0.054962
-0.004426,-0.002719,-0.062113,0.050754
0.000365,-0.000738,-0.052270,0.057568
-0.000393,-0.000376,-0.060818,0.061140
-0.000765,-0.001317,-0.056481,0.056117
-0.001386,-0.002314,-0.058047,0.056196
-0.003923,-0.003428,-0.061652,0.052595
0.000305,-0.000358,-0.053901,0.059343
0.001248,0.000761,-0.054304,0.054831
0.000093,-0.000772,-0.057494,0.057905
-0.000395,0.000431,-0.057025,0.052010
0.001502,0.001784,-0.053835,0.055585
-0.001033,0.000448,-0.054957,0.053511
0.000433,-0.001342,-0.059444,0.060992
0.000567,0.001009,-0.056479,0.060071
0.002857,0.002215,-0.053861,0.058740
-0.000777,-0.000565,-0.062173,0.053932
-0.002271,-0.000663,-0.060564,0.053590
0.002077,0.000453,-0.054376,0.059759
0.000004,0.000285,-0.056195,0.055386
-0.000178,-0.000730,-0.056038,0.055510
-0.002135,-0.001386,-0.062555,0.055773
0.001051,-0.001028,-0.054362,0.057861
-0.000252,0.000048,-0.056493,0.055783
0.000521,-0.000398,-0.053225,0.056098
0.001155,-0.000266,-0.055218,0.057783
0.002811,0.002054,-0.054204,0.061878
0.000789,-0.001186,-0.051983,0.055651
-0.003634,-0.002026,-0.063065,0.051718
0.001653,-0.000360,-0.053349,0.060568
-0.001160,-0.000227,-0.059830,0.056305
0.002654,0.002490,-0.053856,0.057825
-0.000596,-0.000026,-0.057446,0.054843
0.002010,0.002602,-0.053340,0.056855
-0.001764,-0.000812,-0.058928,0.052386
0.001858,0.000643,-0.056034,0.058855
-0.001299,-0.000470,-0.060041,0.054514
-0.000013,-0.001182,-0.052749,0.056251
0.000794,-0.001976,-0.051753,0.055572
0.000307,-0.000284,-0.053983,0.056459
-0.001041,-0.000244,-0.059170,0.057247
0.001748,0.001145,-0.051709,0.057726
0.001630,0.001012,-0.055311,0.058337
0.002886,0.002290,-0.053794,0.063204
0.002014,0.001447,-0.056445,0.061022
-0.001821,-0.000628,-0.057758,0.053227
0.001780,0.000711,-0.053230,0.056374
0.001911,0.001466,-0.051308,0.058116
-0.000317,0.000293,-0.054954,0.057064
0.000446,-0.000943,-0.055601,0.058660
-0.002323,-0.002107,-0.063807,0.058007
0.000946,0.000330,-0.056293,0.055731
0.001204,0.001073,-0.053460,0.058939
0.001102,0.000880,-0.055216,0.058127
-0.000584,-0.001631,-0.057699,0.054897
0.003264,0.002743,-0.051792,0.060491
0.000327,0.000404,-0.061018,0.058851
0.002871,0.002538,-0.053935,0.060332
-0.000574,0.000744,-0.060328,0.055409
0.002716,0.002524,-0.055949,0.058772
-0.000287,0.000886,-0.055460,0.053169
-0.001705,-0.001287,-0.059402,0.054141
0.000053,0.000305,-0.059528,0.055545
-0.002679,-0.001853,-0.061657,0.056295
-0.000664,-0.000142,-0.058883,0.054337
0.003193,0.002011,-0.054266,0.058369
0.001866,0.001475,-0.053154,0.053827
-0.000237,0.000062,-0.054017,0.057455
-0.003849,-0.001442,-0.062479,0.052584
-0.003189,-0.001336,-0.061578,0.051094
-0.000047,0.000774,-0.055757,0.056208
-0.001797,-0.002586,-0.059106,0.053974
-0.000783,-0.001362,-0.056148,0.057658
0.000332,-0.000586,-0.053813,0.053913
-0.001681,-0.001513,-0.056657,0.053611
0.000544,0.001242,-0.056819,0.055692
0.001815,0.001831,-0.053769,0.055773
0.003738,0.002945,-0.053892,0.061994
0.002284,0.001359,-0.052905,0.060159
-0.000540,-0.000067,-0.052685,0.054375
-0.000091,0.000149,-0.059969,0.054675
0.001341,0.000786,-0.055282,0.057260
-0.000809,-0.000282,-0.056701,0.055877
0.001788,0.001785,-0.054464,0.056471
-0.002086,-0.001009,-0.059007,0.054391
-0.001305,0.000958,-0.058016,0.053499
0.001485,0.000394,-0.052220,0.056117
0.000418,0.000384,-0.059846,0.056888
0.002428,-0.000031,-0.053520,0.060986
-0.000442,0.000917,-0.055806,0.052562
0.000044,-0.000884,-0.056981,0.056961
-0.000857,-0.001281,-0.058933,0.057626
0.001058,0.000899,-0.054354,0.055784
-0.000844,-0.001083,-0.057853,0.055207
-0.001320,-0.000257,-0.061490,0.055729
-0.001327,-0.000951,-0.056007,0.053665
-0.004679,-0.003879,-0.061182,0.046653
0.000565,0.000502,-0.054302,0.053976
0.001746,0.000527,-0.055711,0.060850
0.005966,0.003211,-0.051368,0.063924
0.003640,0.003442,-0.052624,0.059006
-0.000510,0.000567,-0.056540,0.056783
0.003120,0.002475,-0.050099,0.058042
0.002747,0.000482,-0.052736,0.059167
-0.000369,-0.000246,-0.056758,0.055128
0.000359,0.000095,-0.057253,0.055812
-0.003501,-0.002558,-0.061683,0.049122
-0.000163,-0.001233,-0.053418,0.052739
-0.000350,0.000005,-0.056437,0.052961
0.000250,0.000729,-0.056701,0.059488
-0.000402,0.000462,-0.058603,0.055209
0.000039,-0.000224,-0.055452,0.055851
-0.001743,-0.000293,-0.057966,0.054162
0.001083,0.001665,-0.058645,0.059502
0.000183,-0.000320,-0.056212,0.053945
0.000210,0.000917,-0.059211,0.056539
0.000788,-0.001128,-0.053340,0.058228
0.001143,-0.000344,-0.053899,0.056606
-0.001090,-0.001970,-0.054709,0.053600
-0.001965,-0.001062,-0.060198,0.054945
0.000178,0.000295,-0.055184,0.053193
-0.000853,-0.002074,-0.058438,0.058671
0.002716,0.002038,-0.054501,0.062647
0.001012,-0.000220,-0.053951,0.057472
0.001717,0.001348,-0.054698,0.059489
-0.002899,-0.002356,-0.062564,0.056075
-0.001681,-0.000992,-0.058666,0.051847
-0.001562,-0.000963,-0.057769,0.050273
-0.001091,-0.000891,-0.058506,0.055328
-0.001454,0.000159,-0.059461,0.053104
0.000398,-0.000458,-0.054448,0.053787
-0.002648,-0.002972,-0.058119,0.052135
-0.001279,-0.000760,-0.055787,0.054705
0.002473,0.001930,-0.055334,0.057169
0.003183,0.002369,-0.050818,0.055991
-0.000665,0.000008,-0.057942,0.056907
-0.000458,-0.000135,-0.057313,0.054779
0.001136,0.000771,-0.051255,0.054138
0.001411,0.001111,-0.055420,0.060602
0.003080,0.001835,-0.053106,0.059172
-0.000584,-0.001468,-0.060010,0.056457
0.000593,0.001066,-0.058995,0.057927
-0.000600,-0.000470,-0.059188,0.053855
-0.001470,-0.002318,-0.057340,0.056695
0.000368,0.000606,-0.057251,0.054875
0.000433,-0.000348,-0.054822,0.055366
-0.002239,-0.000916,-0.061943,0.053227
-0.000729,-0.000085,-0.059412,0.057648
-0.002210,0.000064,-0.061382,0.054569
0.004075,0.002806,-0.051725,0.061400
0.002363,-0.000912,-0.054827,0.061030
0.000642,0.000388,-0.055858,0.059480
-0.000115,-0.001490,-0.054077,0.058465
-0.001798,-0.001531,-0.062517,0.051313
0.002300,0.002665,-0.057175,0.061277
0.001384,-0.000030,-0.054879,0.060542
-0.001713,-0.001361,-0.056447,0.051319
-0.001112,-0.000486,-0.059137,0.057615
0.001886,0.000501,-0.054383,0.060102
0.001338,0.000553,-0.056231,0.059452
0.000538,0.000800,-0.055661,0.056259
-0.001480,0.000145,-0.059097,0.052487
-0.001637,-0.000896,-0.057508,0.054992
0.000700,0.001480,-0.056419,0.056643
-0.000435,-0.000351,-0.056531,0.055592
-0.000485,-0.001628,-0.053528,0.056724
-0.000283,-0.000420,-0.053918,0.053053
0.000641,-0.000095,-0.054765,0.055200
0.001418,0.001349,-0.052391,0.059725
-0.002486,-0.000654,-0.059592,0.051292
-0.002924,-0.000791,-0.063258,0.051963
0.002205,0.001658,-0.053042,0.061354
0.001290,0.001511,-0.052898,0.058770
-0.002136,-0.002250,-0.058396,0.052118
0.000548,0.000193,-0.055224,0.056184
-0.003517,-0.001673,-0.058075,0.049981
-0.000875,-0.000805,-0.055945,0.053508
0.001935,0.000248,-0.052595,0.058128
-0.000348,-0.001781,-0.058327,0.058915
0.001719,0.001373,-0.052581,0.057507
-0.001233,0.000045,-0.058724,0.054627
0.000400,0.000321,-0.055544,0.056825
0.001788,0.000909,-0.054437,0.061581
-0.001547,-0.000924,-0.056123,0.057652
-0.001558,-0.000839,-0.058013,0.054493
0.001213,0.001546,-0.053363,0.056624
-0.002230,-0.001381,-0.060990,0.054747
-0.001271,-0.001057,-0.061580,0.053714
-0.001553,-0.001760,-0.055671,0.053486
0.001010,-0.000494,-0.053865,0.057753
0.001520,0.002058,-0.058094,0.059012
-0.000274,-0.000876,-0.054926,0.057739
-0.000536,-0.000344,-0.057995,0.059341
-0.002258,-0.001106,-0.058317,0.056511
0.000235,0.001239,-0.053482,0.052654
-0.001087,-0.001219,-0.058117,0.056940
0.002321,0.001072,-0.053361,0.057724
-0.001210,-0.001220,-0.060951,0.059573
0.003485,0.002003,-0.052957,0.061351
0.001006,0.001877,-0.054293,0.054300
0.000369,0.000792,-0.054537,0.055785
-0.000907,0.000976,-0.058280,0.053619
0.001361,0.000509,-0.051726,0.055948
-0.001343,-0.001663,-0.057850,0.052916
0.000141,0.000383,-0.055661,0.055998
-0.001125,-0.001059,-0.058029,0.054390
-0.000834,0.000232,-0.058016,0.054905
-0.000925,-0.000788,-0.056425,0.053788
0.004514,0.002243,-0.047282,0.062325
-0.000337,0.000650,-0.055794,0.058681
0.001983,0.000623,-0.054758,0.058399
0.003218,0.002207,-0.052925,0.059897
0.000497,0.000186,-0.057682,0.055278
0.001400,0.001394,-0.053506,0.058734
0.000224,-0.001711,-0.053573,0.053923
-0.000524,-0.001514,-0.053852,0.055542
-0.001972,-0.000882,-0.061101,0.050812
-0.001102,-0.000676,-0.058085,0.056360
-0.001895,-0.001180,-0.060960,0.053938
-0.000128,0.000013,-0.057925,0.055768
0.001224,-0.000721,-0.052312,0.060429
0.001012,0.001491,-0.057467,0.057129
0.001426,0.000932,-0.053618,0.057523
-0.000638,-0.000626,-0.052288,0.052853
0.000548,0.002731,-0.057897,0.054759
0.000093,0.000243,-0.059475,0.057085
-0.000682,-0.003375,-0.055684,0.055699
0.003327,0.004066,-0.054968,0.060104
0.000308,0.000132,-0.056356,0.058487
0.003454,0.003056,-0.051595,0.057083
0.000835,0.000553,-0.057864,0.056356
0.000749,0.000331,-0.056419,0.057667
-0.000834,0.000417,-0.058567,0.054605
0.000041,-0.000942,-0.055761,0.059093
-0.000257,-0.000789,-0.056920,0.055920
0.002902,0.002013,-0.051236,0.060384
0.000899,0.001372,-0.056096,0.057127
0.005155,0.003621,-0.048066,0.064520
0.000661,0.000236,-0.055058,0.059212
0.000801,0.000427,-0.054359,0.054715
-0.001164,-0.001282,-0.058360,0.058545
0.001329,0.001365,-0.053027,0.056393
0.001686,-0.000933,-0.051511,0.056397
-0.002771,-0.001781,-0.059362,0.053919
-0.000585,0.000162,-0.058767,0.052827
-0.001394,-0.000494,-0.057828,0.051531
-0.000570,-0.001128,-0.058127,0.057946
0.001409,0.002062,-0.055925,0.057583
0.000482,0.001272,-0.059015,0.061079
