-0.000911,0.000297,-0.070042,0.064400
-0.000970,0.000060,-0.066104,0.064485
-0.002783,-0.002061,-0.065623,0.059310
0.003083,0.002195,-0.063666,0.068778
-0.002708,-0.002661,-0.063122,0.059785
0.001335,-0.000680,-0.062762,0.069204
-0.001110,-0.000191,-0.061686,0.059674
-0.001276,-0.000629,-0.065804,0.060220
0.001440,0.001702,-0.063043,0.066354
-0.001012,0.001391,-0.066466,0.065820
-0.000632,0.000529,-0.064629,0.065719
-0.000250,-0.000042,-0.064602,0.063225
-0.002588,-0.002067,-0.069848,0.061345
0.002095,-0.000551,-0.062441,0.071323
-0.000961,-0.000718,-0.064065,0.061845
0.001286,0.001294,-0.061837,0.062996
0.001925,0.001445,-0.061850,0.066927
-0.000247,-0.000350,-0.068434,0.061483
0.001428,0.001135,-0.060611,0.067146
0.001414,0.000834,-0.060350,0.067801
0.002637,0.002862,-0.060254,0.065826
0.000029,-0.000841,-0.062301,0.065201
-0.002843,-0.000940,-0.069603,0.060842
0.001120,0.001021,-0.061965,0.064765
-0.000780,0.001437,-0.070622,0.065561
-0.002474,-0.002422,-0.066943,0.065941
0.000887,0.000284,-0.064322,0.066623
-0.000955,-0.000011,-0.069189,0.061342
-0.000993,-0.001218,-0.069920,0.067793
-0.002510,-0.002459,-0.070978,0.064360
-0.001725,0.000510,-0.066156,0.059007
0.001479,0.000617,-0.060938,0.065432
0.000252,0.000616,-0.066186,0.065600
-0.001174,0.000104,-0.067828,0.064487
0.000564,0.000411,-0.060468,0.066170
-0.001253,0.000822,-0.064790,0.063340
0.000483,0.000549,-0.064277,0.061377
0.000263,0.000774,-0.064593,0.062555
-0.003246,-0.000923,-0.067064,0.057586
-0.000726,-0.001255,-0.069459,0.063985
0.001940,-0.001050,-0.061633,0.068712
0.002106,-0.000472,-0.062472,0.069555
-0.004018,-0.003690,-0.068678,0.061509
0.000330,-0.000287,-0.065017,0.064970
-0.000670,0.000742,-0.065668,0.064868
0.002741,0.000813,-0.059033,0.066623
-0.000726,-0.000441,-0.067394,0.063862
-0.001594,-0.000527,-0.065109,0.061809
-0.000584,0.000081,-0.068192,0.067521
0.000135,-0.001045,-0.060579,0.062820
0.005815,0.003198,-0.057737,0.070785
0.001158,-0.000688,-0.063164,0.063543
0.005511,0.002230,-0.058095,0.071068
0.001048,0.001021,-0.066510,0.067923
0.001603,0.001105,-0.068471,0.065982
-0.000565,-0.000349,-0.064961,0.066376
0.003264,0.001388,-0.063947,0.069993
-0.001609,-0.000105,-0.063863,0.063820
0.001034,-0.000130,-0.064836,0.064963
-0.001411,0.000002,-0.066758,0.064291
-0.000896,-0.000747,-0.061952,0.060989
0.001232,0.001081,-0.064750,0.067081
-0.001568,-0.001106,-0.063104,0.065469
-0.001663,-0.001537,-0.066645,0.060039
-0.000857,-0.002769,-0.065315,0.064419
-0.000974,-0.001161,-0.067006,0.063419
-0.000005,0.000601,-0.062480,0.063958
-0.004038,-0.001892,-0.069195,0.061396
0.001489,-0.001126,-0.063202,0.065985
0.000699,-0.000003,-0.061474,0.064440
-0.001714,-0.001425,-0.070097,0.063565
0.001127,0.001022,-0.063068,0.063963
-0.001283,0.001694,-0.065737,0.060961
0.000585,0.000132,-0.064192,0.066436
0.000239,-0.000701,-0.066967,0.061495
-0.001280,0.000426,-0.066548,0.061237
0.000513,-0.000624,-0.064049,0.071265
-0.003125,-0.001080,-0.070119,0.057305
0.003368,0.002094,-0.058603,0.067874
-0.002961,-0.001518,-0.068054,0.060019
0.003725,0.001325,-0.060892,0.073031
0.003173,0.001952,-0.060338,0.065951
0.003296,0.001610,-0.060373,0.069927
0.000274,-0.000994,-0.065231,0.069921
0.000750,0.000614,-0.066638,0.067432
0.001804,0.001651,-0.062725,0.067823
0.002810,-0.000680,-0.060101,0.064052
-0.001732,-0.000573,-0.068744,0.063898
0.004002,0.001737,-0.057453,0.069777
0.000934,-0.000675,-0.062289,0.068610
0.002404,0.000855,-0.060955,0.067094
0.002415,0.001209,-0.059725,0.070681
0.005702,0.004284,-0.058158,0.068066
0.000601,-0.000208,-0.064076,0.064902
0.001376,0.000124,-0.058677,0.066669
0.003265,0.002971,-0.061134,0.064868
0.000622,0.000485,-0.065524,0.065762
0.003506,0.002076,-0.058100,0.070098
-0.000947,-0.000528,-0.068278,0.065929
0.002745,0.000872,-0.061941,0.068696
0.000889,0.000682,-0.063396,0.059903
0.002285,0.001657,-0.058107,0.066758
0.001259,0.001373,-0.060701,0.068991
-0.002210,-0.000338,-0.066856,0.064120
0.001049,0.001171,-0.065762,0.070184
-0.000179,0.000371,-0.066141,0.067034
0.003626,0.000959,-0.060613,0.073731
-0.001907,-0.001308,-0.066737,0.059546
0.000631,0.000799,-0.063397,0.066236
-0.000312,0.000586,-0.062512,0.059448
-0.004219,-0.002233,-0.070599,0.056544
-0.000297,-0.001747,-0.063791,0.064537
0.001046,0.001749,-0.061632,0.065565
0.001361,0.001158,-0.060194,0.064397
-0.001759,-0.001039,-0.065414,0.059068
0.005563,0.004546,-0.059177,0.071192
-0.002567,-0.000829,-0.067651,0.055755
-0.003711,-0.000364,-0.074455,0.061227
-0.005352,-0.002560,-0.073268,0.056379
-0.003236,-0.001298,-0.068784,0.059877
-0.001864,0.000456,-0.067160,0.060957
0.000606,0.001034,-0.058116,0.061819
-0.001811,0.000101,-0.066782,0.063444
0.000591,0.000296,-0.062550,0.062789
-0.001194,-0.001335,-0.064827,0.062596
-0.000066,-0.000480,-0.066129,0.066987
0.001783,0.000652,-0.065522,0.067999
0.002400,-0.000831,-0.060699,0.065394
-0.002257,-0.001522,-0.064780,0.059919
-0.000642,-0.000035,-0.067678,0.065145
-0.002140,-0.002248,-0.066123,0.061104
-0.001007,-0.000746,-0.062729,0.059733
0.000705,0.001991,-0.064150,0.068852
-0.001925,0.000232,-0.066754,0.062108
-0.000551,-0.002058,-0.061703,0.060929
0.003968,0.002896,-0.056967,0.062910
0.001372,0.000158,-0.059200,0.065826
-0.001407,-0.001829,-0.064912,0.060063
-0.007890,-0.003856,-0.073176,0.053670
0.000826,-0.001055,-0.065450,0.069367
0.002766,0.001997,-0.061137,0.066911
-0.001916,0.000005,-0.068935,0.062814
-0.001578,-0.001585,-0.062081,0.063675
-0.002444,0.000077,-0.065162,0.060221
-0.005634,-0.001521,-0.068377,0.052838
0.002172,0.002264,-0.063226,0.064925
-0.003706,-0.001764,-0.066301,0.061676
0.002630,0.001801,-0.059945,0.067960
0.001843,0.002500,-0.061555,0.066323
0.000993,-0.000156,-0.064779,0.066044
-0.004984,-0.003150,-0.067388,0.056892
0.000399,0.001463,-0.063053,0.063807
0.000938,0.001308,-0.065821,0.063807
-0.002559,-0.001653,-0.066354,0.062297
-0.003938,-0.002323,-0.069805,0.059239
0.000454,0.000696,-0.065749,0.066068
0.003790,0.002660,-0.062893,0.071217
-0.001365,0.000267,-0.064024,0.063323
0.000554,-0.001069,-0.063593,0.066623
0.000607,0.000539,-0.060853,0.061899
0.000981,0.000185,-0.061643,0.066395
0.000872,0.000051,-0.061331,0.063914
0.006100,0.005048,-0.057183,0.069933
-0.001936,-0.000160,-0.065830,0.061824
0.000207,-0.001791,-0.065815,0.068163
0.000684,-0.001074,-0.065011,0.064204
-0.001117,-0.000673,-0.068354,0.063135
0.003217,0.002578,-0.061136,0.067547
-0.001816,-0.001153,-0.065353,0.058482
-0.001664,-0.002457,-0.067150,0.065062
-0.004918,-0.004453,-0.069473,0.060856
-0.001680,-0.001631,-0.065863,0.062143
-0.002194,-0.001078,-0.068244,0.062480
0.000674,0.000245,-0.064401,0.067872
-0.000692,0.000265,-0.068812,0.065045
-0.000988,-0.000680,-0.067747,0.063946
0.000908,0.001342,-0.063232,0.065418
0.001604,0.000645,-0.060448,0.070348
-0.001753,0.000853,-0.064866,0.058286
-0.003207,-0.003963,-0.069232,0.064179
0.001223,0.000636,-0.067070,0.067424
0.001064,0.001084,-0.065852,0.064541
-0.003806,0.000663,-0.071712,0.059455
-0.000173,-0.000727,-0.067638,0.062768
-0.001130,-0.001389,-0.070999,0.063217
-0.000751,0.001352,-0.066078,0.065469
-0.003040,-0.001578,-0.071566,0.060514
-0.002536,-0.001598,-0.065364,0.059536
0.000218,-0.002414,-0.061596,0.063095
-0.006599,-0.004537,-0.071902,0.057684
0.003746,0.003556,-0.061871,0.069470
0.000879,0.001793,-0.065630,0.063518
-0.004248,-0.003144,-0.065620,0.053922
0.001640,0.001351,-0.060969,0.065425
-0.001445,-0.001284,-0.067521,0.060822
-0.001343,-0.000571,-0.068174,0.066479
-0.001028,0.000041,-0.064223,0.060431
-0.002570,-0.002571,-0.066624,0.059804
0.002333,-0.000589,-0.060185,0.065590
0.003611,0.002151,-0.057341,0.073023
0.000779,0.000366,-0.059718,0.062271
-0.005362,-0.002607,-0.073674,0.057092
-0.000776,-0.001561,-0.063536,0.061483
0.000244,0.000790,-0.064342,0.064259
0.003317,0.002464,-0.060735,0.070844
-0.000546,-0.000565,-0.065781,0.065532
-0.002158,-0.001383,-0.069253,0.060962
-0.000455,-0.000336,-0.064016,0.068987
-0.000507,-0.000091,-0.064844,0.061416
0.001773,0.000947,-0.066678,0.069741
-0.003281,-0.002595,-0.067207,0.058921
0.002709,0.001783,-0.060750,0.065254
0.002433,0.000474,-0.058845,0.069648
0.001432,0.000411,-0.060584,0.065923
0.001417,-0.000626,-0.062028,0.067941
-0.000551,-0.000306,-0.063927,0.064362
-0.003962,-0.002539,-0.074438,0.058419
0.000460,0.001796,-0.063750,0.065247
-0.006174,-0.003581,-0.069785,0.056312
0.001135,-0.000648,-0.058445,0.066956
-0.000408,-0.001005,-0.065766,0.064706
-0.002658,-0.001196,-0.066061,0.057775
0.001085,0.000569,-0.062605,0.067126
-0.001306,-0.000180,-0.066690,0.062197
-0.000109,0.000511,-0.062632,0.067811
0.002522,0.002375,-0.058917,0.067882
-0.001370,-0.000682,-0.063684,0.063329
0.000748,0.000394,-0.066616,0.069475
0.000847,-0.000059,-0.061862,0.069491
0.000129,0.000010,-0.066154,0.068103
-0.000689,-0.000951,-0.064704,0.064096
0.002776,0.000399,-0.065302,0.076074
0.001405,0.000714,-0.060828,0.065124
0.000700,0.000949,-0.060357,0.062851
-0.002544,-0.000995,-0.070173,0.061516
0.003405,0.001167,-0.059125,0.071446
-0.001560,-0.000305,-0.065965,0.058626
0.000353,-0.001773,-0.062731,0.065958
0.002036,0.001436,-0.065937,0.066576
-0.001218,0.000158,-0.064467,0.060650
0.005872,0.003942,-0.055792,0.070599
0.004016,0.002543,-0.061918,0.074281
-0.000410,-0.001152,-0.066516,0.062610
0.000715,0.000160,-0.061095,0.065657
-0.001147,-0.001421,-0.066229,0.066359
0.000756,0.001581,-0.062627,0.065153
-0.002616,-0.003146,-0.069252,0.059309
-0.002401,-0.000661,-0.068781,0.062312
-0.004105,-0.000762,-0.071450,0.058335
-0.000436,-0.000466,-0.062928,0.060816
0.000786,0.002198,-0.064560,0.066639
0.000357,-0.000235,-0.062541,0.064488
-0.000757,0.000163,-0.064825,0.067534
0.000364,-0.001116,-0.061401,0.064688
-0.000572,-0.000030,-0.061001,0.064999
-0.000805,0.000650,-0.062799,0.064735
0.000078,0.001057,-0.066049,0.065667
0.000032,0.002322,-0.061939,0.060867
0.000008,-0.000526,-0.064695,0.064391
0.000229,-0.000820,-0.059575,0.061899
0.003118,0.000556,-0.058659,0.068206
0.002518,0.001237,-0.060189,0.067771
0.002324,0.002936,-0.061642,0.067656
-0.001365,-0.000733,-0.065108,0.060720
-0.003241,-0.002093,-0.064119,0.063600
0.003897,0.002030,-0.061810,0.070772
-0.000690,-0.001678,-0.062626,0.063331
-0.001519,-0.001602,-0.063849,0.062285
-0.000422,0.001030,-0.066613,0.063885
0.000694,-0.000379,-0.062475,0.068912
-0.001788,-0.000397,-0.067118,0.059899
-0.000991,-0.001417,-0.066855,0.063431
-0.000537,-0.002050,-0.063853,0.064800
0.001471,-0.000255,-0.059966,0.068295
-0.000012,0.002035,-0.062162,0.060242
-0.000642,-0.000794,-0.066607,0.067285
-0.001592,-0.001458,-0.065861,0.065446
-0.002402,-0.001318,-0.069090,0.060649
0.000197,-0.000855,-0.060377,0.060867
0.000585,0.001070,-0.064329,0.067132
-0.001176,0.000412,-0.066609,0.063851
-0.000563,-0.002510,-0.062855,0.066351
0.003963,0.001936,-0.060999,0.068713
0.000310,0.001272,-0.066579,0.063370
-0.000105,0.001100,-0.064287,0.062530
-0.000590,-0.001287,-0.066595,0.064390
-0.001211,0.000700,-0.071013,0.065688
0.000209,0.000655,-0.066408,0.065409
0.002536,0.001957,-0.064651,0.067783
0.001839,0.001020,-0.059462,0.064157
0.000169,-0.000465,-0.066615,0.064581
0.001086,0.000076,-0.062344,0.065699
0.005344,0.001642,-0.056669,0.069780
0.000369,-0.000398,-0.063216,0.062960
-0.001987,-0.000505,-0.070236,0.065365
-0.001109,-0.000978,-0.066176,0.059689
-0.001431,-0.000988,-0.065104,0.062284
0.001934,0.000536,-0.059633,0.069031
0.004104,0.001300,-0.056717,0.067892
0.000435,-0.000939,-0.062203,0.061086
-0.000854,0.001145,-0.068254,0.063576
0.000773,0.001397,-0.059340,0.061012
0.001608,-0.000751,-0.064502,0.065953
-0.000029,0.000003,-0.067695,0.064770
0.001583,0.001225,-0.066548,0.064132
-0.000330,0.000563,-0.066604,0.062924
0.001248,0.001574,-0.062520,0.061570
0.001240,0.000623,-0.058299,0.062391
0.004218,0.003909,-0.059205,0.068372
-0.000593,0.000489,-0.065745,0.061844
0.002382,0.000800,-0.056451,0.065413
-0.000050,0.001226,-0.061862,0.062023
0.000227,0.000547,-0.065236,0.067123
0.000699,-0.000638,-0.061332,0.063050
0.002624,0.001070,-0.056977,0.065276
0.000828,-0.000430,-0.062628,0.063891
0.001221,0.002012,-0.065132,0.069023
-0.002152,0.000044,-0.064851,0.063105
0.001636,0.001948,-0.062258,0.066922
0.000607,0.000277,-0.065198,0.065263
0.002238,-0.001162,-0.064270,0.067245
-0.002625,-0.000517,-0.067892,0.061597
-0.000134,0.000658,-0.062823,0.065788
0.003689,0.002382,-0.057091,0.069559
0.002705,0.000166,-0.065625,0.070362
-0.001687,-0.001597,-0.065507,0.063047
0.002485,0.001203,-0.060470,0.066207
0.004682,0.001883,-0.062512,0.070097
0.001949,0.000019,-0.065166,0.067323
0.004161,0.001756,-0.056232,0.070091
-0.001173,-0.001019,-0.068698,0.067736
-0.000496,0.000304,-0.067700,0.063699
-0.003109,-0.001338,-0.068937,0.062991
0.002161,0.001698,-0.061206,0.067568
0.000429,0.000428,-0.061557,0.064742
0.001374,0.000960,-0.067120,0.065115
-0.000576,-0.000290,-0.064435,0.058046
0.000154,0.000483,-0.063150,0.064786
-0.000496,-0.000741,-0.065674,0.066663
0.004031,0.002235,-0.063212,0.071139
-0.000035,0.000541,-0.062181,0.068390
-0.001582,-0.003260,-0.067015,0.064857
-0.000899,0.000517,-0.063560,0.064800
0.000005,0.001177,-0.070139,0.067961
-0.004342,-0.003147,-0.067064,0.058248
-0.001422,0.000317,-0.064799,0.064534
-0.002754,-0.002206,-0.070665,0.060812
-0.002588,-0.000381,-0.067915,0.063411
0.000412,0.000804,-0.063095,0.064902
0.001368,0.001471,-0.064714,0.070304
-0.000967,-0.001343,-0.067140,0.065609
-0.001791,0.000215,-0.068870,0.060022
-0.003507,-0.000932,-0.067147,0.059691
-0.001308,-0.001318,-0.065235,0.062185
-0.001269,-0.000691,-0.068571,0.064156
-0.003048,-0.002616,-0.071655,0.063306
0.000220,-0.000629,-0.064711,0.064082
-0.002001,-0.001786,-0.064769,0.059195
0.002664,0.001545,-0.059650,0.067619
-0.000551,0.000708,-0.068299,0.063874
0.000414,0.001428,-0.068922,0.062201
-0.000045,0.000942,-0.063484,0.061954
0.002225,0.002554,-0.061479,0.064894
-0.000823,-0.000679,-0.064830,0.066254
0.002105,0.001577,-0.061558,0.066249
0.003521,0.001879,-0.057777,0.068606
0.000754,0.001404,-0.061689,0.063929
0.000779,0.001837,-0.065048,0.065490
0.001435,-0.000750,-0.063853,0.066801
-0.000402,-0.001148,-0.063828,0.064515
-0.004036,-0.002761,-0.070687,0.060526
-0.001589,-0.000648,-0.065510,0.063188
-0.000400,0.000264,-0.062677,0.060602
-0.002043,-0.000059,-0.066772,0.059414
-0.004292,-0.002656,-0.062579,0.056572
-0.001466,0.000386,-0.067694,0.063657
0.001194,0.001346,-0.062612,0.065352
-0.001357,-0.000306,-0.062576,0.062499
0.001406,0.000341,-0.063458,0.061713
0.000810,0.000391,-0.068646,0.061053
-0.000777,-0.001116,-0.065617,0.065724
-0.000286,-0.000848,-0.064386,0.062817
0.000308,-0.000709,-0.069479,0.065144
0.006756,0.003375,-0.055084,0.072899
-0.002674,-0.002222,-0.064667,0.059361
0.002303,0.001073,-0.059018,0.068428
0.002713,0.002474,-0.061421,0.067022
0.001297,0.001649,-0.064968,0.065603
0.001994,0.001387,-0.060792,0.063420
0.001587,0.001404,-0.063157,0.067557
-0.001899,-0.001250,-0.067528,0.063343
-0.001713,0.000559,-0.067216,0.063905
-0.000036,-0.000291,-0.064593,0.064739
-0.000279,0.000760,-0.062450,0.064697
0.000290,0.002716,-0.069436,0.067090
-0.003548,-0.003196,-0.069148,0.059491
0.000544,0.000226,-0.061945,0.063987
-0.001108,-0.000318,-0.066885,0.062264
-0.003746,-0.004170,-0.069005,0.059845
-0.000551,-0.000330,-0.062847,0.061413
-0.001325,-0.000661,-0.070565,0.064047
-0.001579,-0.001057,-0.067060,0.061137
-0.001763,-0.002130,-0.063517,0.059283
-0.001444,-0.001111,-0.065831,0.063287
-0.002741,-0.002085,-0.073837,0.066108
0.000729,0.000720,-0.062976,0.067038
-0.001839,-0.000552,-0.069624,0.064398
-0.003577,-0.000728,-0.069698,0.060431
0.002395,0.001455,-0.059443,0.065481
-0.004345,-0.002034,-0.075316,0.063910
-0.002805,-0.001494,-0.070572,0.059461
-0.009477,-0.004657,-0.079243,0.056417
-0.001263,0.000110,-0.064435,0.060425
0.000113,-0.000060,-0.069169,0.067791
-0.000440,-0.000045,-0.065776,0.062643
-0.000178,0.000793,-0.063835,0.065028
0.000413,0.001416,-0.066255,0.068545
-0.000540,-0.000812,-0.063252,0.066001
-0.000493,-0.000670,-0.067306,0.066150
0.003230,0.001369,-0.062494,0.069275
-0.000510,-0.000156,-0.060938,0.061776
0.000827,0.000446,-0.065667,0.063878
-0.002932,-0.002212,-0.065466,0.061853
0.000909,0.000218,-0.062112,0.065043
0.000544,-0.000371,-0.063480,0.063731
0.001774,-0.000497,-0.062732,0.067945
-0.000942,0.000812,-0.067623,0.063024
-0.000065,0.001890,-0.066401,0.067631
-0.000026,-0.000406,-0.067899,0.067497
0.001501,0.002158,-0.063137,0.067065
0.003944,0.001205,-0.058107,0.071664
0.000376,0.000016,-0.064597,0.064109
0.000290,-0.000240,-0.061687,0.067207
-0.001641,0.000021,-0.066085,0.063068
-0.000482,0.001489,-0.070376,0.066319
-0.000580,-0.001479,-0.065354,0.064313
0.002568,0.002049,-0.059314,0.068890
-0.000169,0.001368,-0.070780,0.064072
-0.002583,-0.002459,-0.069108,0.064807
0.001460,0.001126,-0.061865,0.066700
-0.000943,-0.000408,-0.066707,0.060530
0.004360,0.001678,-0.062383,0.071928
-0.000602,0.000510,-0.064469,0.062330
-0.000947,-0.001633,-0.065107,0.064224
-0.002179,-0.001109,-0.067662,0.061103
0.000001,0.000930,-0.062197,0.063931
-0.001970,0.000311,-0.068447,0.062942
-0.001592,-0.001776,-0.065355,0.063300
-0.002779,-0.000018,-0.069027,0.061813
-0.001373,-0.001743,-0.065089,0.061274
-0.000119,-0.001226,-0.064618,0.064645
0.001903,0.001976,-0.064135,0.066220
0.003531,0.001589,-0.060951,0.067186
0.003469,0.001053,-0.059612,0.069703
-0.002265,-0.001570,-0.066610,0.060163
0.001368,-0.001242,-0.064384,0.069137
-0.001770,-0.001147,-0.068426,0.061685
-0.000382,-0.000910,-0.063628,0.064116
-0.001925,-0.001133,-0.066869,0.057410
0.000559,-0.001284,-0.061568,0.064222
-0.002013,-0.002188,-0.064336,0.058075
-0.002556,-0.000827,-0.071783,0.059778
0.001175,0.000087,-0.064195,0.063491
0.000361,-0.000878,-0.062668,0.063628
0.001506,0.000966,-0.061398,0.064752
-0.000810,-0.000707,-0.065424,0.065636
-0.001977,-0.000174,-0.069975,0.061865
0.001002,0.000674,-0.059100,0.068573
0.000242,-0.000145,-0.062237,0.065097
0.000385,0.000053,-0.064250,0.067305
0.000422,0.000222,-0.059784,0.066167
-0.003899,-0.001474,-0.069707,0.059112
0.002964,0.000989,-0.063408,0.071121
0.000261,-0.000506,-0.062396,0.063552
-0.000553,-0.000710,-0.069231,0.066085
0.001381,0.000615,-0.063479,0.067102
-0.000546,-0.000746,-0.065458,0.061820
-0.000998,-0.000106,-0.070476,0.065793
-0.001330,0.001032,-0.073129,0.066054
0.000232,-0.000467,-0.065600,0.069323
-0.001337,-0.000794,-0.066612,0.065452
0.000992,0.001526,-0.062489,0.065403
-0.002565,-0.001860,-0.065604,0.060257
-0.000747,-0.000972,-0.060354,0.063438
-0.000769,-0.002445,-0.063832,0.065140
0.002993,0.001245,-0.063776,0.069851
0.000462,0.000168,-0.063585,0.064598
-0.000242,0.000207,-0.069318,0.065780
-0.001817,-0.002243,-0.072161,0.061504
-0.006225,-0.003057,-0.074403,0.058385
0.001064,0.001337,-0.064171,0.067119
0.000647,-0.001054,-0.065445,0.064938
0.000456,0.000047,-0.067580,0.067816
0.002838,0.002877,-0.058774,0.067051
0.000324,0.000745,-0.064952,0.065866
0.000979,-0.000466,-0.065323,0.069319
-0.001585,-0.000683,-0.070331,0.066523
0.000393,0.000805,-0.067528,0.064483
0.000661,0.000672,-0.062108,0.065031
-0.001122,-0.001296,-0.065045,0.061349
-0.000164,-0.001554,-0.060763,0.061695
0.001815,0.000283,-0.063277,0.068301
-0.001951,-0.002341,-0.070477,0.061824
-0.002113,-0.000717,-0.064010,0.061889
0.002367,0.000175,-0.058708,0.065066
0.000751,0.001865,-0.071250,0.069302
-0.000932,-0.001840,-0.068468,0.062397
0.000300,0.000403,-0.066119,0.064192
0.000084,-0.001418,-0.064184,0.065051
0.002890,0.002657,-0.059080,0.065328
-0.003994,-0.002831,-0.067969,0.058967
0.001509,0.001142,-0.065183,0.069892
-0.000131,-0.000701,-0.066561,0.068911
-0.003576,-0.000913,-0.071292,0.062965
-0.001999,-0.000343,-0.070259,0.061250
-0.003676,-0.002432,-0.069012,0.064872
-0.000246,0.000600,-0.064901,0.061431
-0.000703,0.002889,-0.067747,0.066799
-0.002334,-0.002009,-0.066291,0.062551
-0.000783,0.000237,-0.068141,0.064589
-0.000166,0.000722,-0.067914,0.063264
0.001581,0.001335,-0.060004,0.067794
0.000596,0.002068,-0.064706,0.059933
0.001591,0.000922,-0.060030,0.065232
0.000118,0.000966,-0.063562,0.061576
0.000774,-0.000934,-0.059948,0.067305
0.000523,0.000482,-0.061105,0.062323
0.000301,0.000407,-0.065854,0.068934
0.001152,0.000268,-0.061731,0.065719
0.000403,-0.000663,-0.063195,0.066232
0.001282,0.000054,-0.062955,0.059935
0.001068,0.001833,-0.063459,0.063550
-0.001036,-0.000789,-0.064993,0.061465
-0.000411,-0.000097,-0.062932,0.059941
-0.001808,-0.003212,-0.064828,0.060190
0.001324,0.000855,-0.062411,0.065394
-0.002652,-0.002417,-0.066603,0.061938
-0.001583,-0.000842,-0.063500,0.060532
-0.001620,-0.000349,-0.068697,0.062167
-0.000566,0.000798,-0.064655,0.065581
0.000207,-0.000936,-0.061359,0.064791
0.000203,0.000119,-0.065360,0.062904
0.001383,0.001015,-0.059288,0.063445
0.003094,0.001445,-0.060872,0.066073
0.000807,0.000978,-0.062409,0.065736
0.004335,0.002057,-0.056611,0.074441
-0.000286,-0.001139,-0.063887,0.064450
0.001901,0.000096,-0.057719,0.072309
0.000107,0.000525,-0.063360,0.062558
0.002765,0.002553,-0.065939,0.066902
-0.003021,-0.001296,-0.068781,0.062929
0.003154,0.001929,-0.058214,0.065178
-0.000547,0.000879,-0.066925,0.061373
-0.001492,-0.000701,-0.064539,0.066025
-0.003752,-0.002626,-0.068103,0.064696
0.004949,0.001273,-0.058719,0.069311
0.001415,0.000732,-0.065602,0.066499
0.002575,0.001746,-0.060108,0.066515
-0.003347,-0.002049,-0.067083,0.057406
0.000764,0.000446,-0.063338,0.064052
0.001050,0.002009,-0.061776,0.065743
0.000445,0.000598,-0.065901,0.065649
-0.001866,-0.000549,-0.068242,0.064643
-0.001751,-0.002711,-0.066737,0.065267
-0.000463,0.000788,-0.062021,0.061784
0.000178,-0.000745,-0.065923,0.065695
0.000067,0.002974,-0.064858,0.064234
0.001527,0.001321,-0.058807,0.068869
0.000591,-0.001004,-0.065173,0.066915
0.000247,-0.000583,-0.061214,0.065523
-0.000659,-0.001194,-0.064546,0.064965
-0.001294,0.000131,-0.064339,0.059122
0.002593,0.001480,-0.061404,0.067213
-0.000396,0.001765,-0.061407,0.061127
0.001458,0.000673,-0.063282,0.068872
0.001876,-0.000093,-0.061963,0.063897
0.000777,0.000605,-0.063824,0.066390
-0.002679,-0.002884,-0.068070,0.061407
-0.001953,-0.000811,-0.061589,0.059660
-0.000694,0.000134,-0.064818,0.063604
-0.003280,-0.001651,-0.068060,0.058963
-0.000534,0.000645,-0.061924,0.063881
-0.000803,0.000809,-0.067204,0.061294
-0.001334,-0.002115,-0.065642,0.062593
-0.002661,-0.000304,-0.074915,0.062885
-0.000028,-0.000917,-0.065543,0.068733
-0.001588,-0.001336,-0.067896,0.060766
0.001928,0.000450,-0.062547,0.066084
-0.001596,-0.000875,-0.066734,0.063715
0.002499,0.001758,-0.059101,0.064366
0.001378,-0.000232,-0.062428,0.063170
-0.000708,0.001051,-0.062322,0.060590
0.001662,0.001469,-0.062240,0.065101
0.000399,-0.000126,-0.064994,0.064881
0.002576,0.000912,-0.064721,0.071891
0.001044,0.000798,-0.063899,0.064331
-0.000477,-0.000839,-0.068667,0.066555
-0.000842,-0.000747,-0.067535,0.061840
0.000277,-0.001121,-0.064567,0.064132
-0.001744,-0.000926,-0.066632,0.064903
-0.000444,-0.000218,-0.065263,0.064903
-0.000163,0.000057,-0.061529,0.066836
0.002677,0.000775,-0.056537,0.068467
-0.002683,-0.002026,-0.070509,0.062328
-0.001223,-0.000190,-0.065186,0.059888
0.002845,0.001401,-0.060106,0.068489
-0.002683,-0.000123,-0.067537,0.059888
-0.002397,-0.000552,-0.064134,0.061888
-0.000770,-0.001062,-0.064879,0.061647
-0.002692,-0.001013,-0.068783,0.061335
-0.003689,-0.003179,-0.068603,0.065102
-0.004227,-0.000938,-0.076408,0.060318
-0.000992,-0.000183,-0.065318,0.062084
0.000355,0.000278,-0.065940,0.062982
-0.002388,-0.001722,-0.066121,0.061673
0.000856,-0.000431,-0.061768,0.066659
0.002331,0.000756,-0.067150,0.064670
0.000681,0.001244,-0.066219,0.065142
-0.001479,-0.000582,-0.063254,0.061552
-0.001556,-0.001549,-0.068066,0.067529
0.003361,0.001699,-0.056794,0.068771
0.001950,-0.000440,-0.062306,0.067581
0.002612,0.000837,-0.062207,0.071278
0.003252,0.000715,-0.059613,0.068880
0.003554,0.002642,-0.062124,0.065015
0.000721,-0.000669,-0.065206,0.069502
0.000086,0.000044,-0.068729,0.067012
0.000786,-0.000110,-0.063197,0.065944
-0.000460,-0.000311,-0.067795,0.067747
-0.000516,-0.002843,-0.062451,0.062886
0.001793,0.000686,-0.062825,0.062239
0.004335,0.004170,-0.060046,0.068324
0.001788,0.001296,-0.062707,0.064755
0.000775,0.001115,-0.062099,0.068135
-0.001040,-0.002438,-0.067537,0.064140
-0.001255,-0.000072,-0.067280,0.065755
0.001377,0.001961,-0.064850,0.062777
0.001888,0.000510,-0.063491,0.065447
0.001975,0.000048,-0.057464,0.064734
-0.000501,-0.000891,-0.063175,0.062322
0.000087,0.000675,-0.063993,0.057278
0.001969,0.001747,-0.066365,0.067367
0.000722,0.001065,-0.059845,0.062702
0.002378,0.001752,-0.059163,0.070470
-0.001009,-0.002101,-0.067088,0.068738
0.001853,-0.000251,-0.060235,0.067497
0.000292,-0.000351,-0.061852,0.066380
-0.000448,0.001076,-0.066418,0.062797
0.001331,0.001467,-0.060906,0.068728
-0.004145,-0.003099,-0.069381,0.060688
-0.002786,-0.001219,-0.067834,0.061274
0.001309,0.001923,-0.064388,0.062208
0.004648,0.004971,-0.059811,0.065340
0.000893,-0.000053,-0.062585,0.067837
-0.004035,-0.003300,-0.069603,0.059626
-0.000436,-0.001893,-0.067778,0.065627
0.002740,-0.000414,-0.057802,0.068255
0.000351,0.001536,-0.067529,0.065667
-0.003443,-0.002484,-0.072877,0.058656
-0.001092,0.000235,-0.066458,0.064572
-0.000005,0.000457,-0.064451,0.065527
-0.004507,-0.002200,-0.072547,0.057624
-0.004291,-0.002662,-0.064628,0.056225
-0.000526,-0.000233,-0.065224,0.061600
0.000367,-0.000515,-0.062544,0.066777
-0.001771,-0.001649,-0.062852,0.064831
-0.001486,-0.000320,-0.067109,0.059666
0.001142,0.000323,-0.063667,0.065396
0.001053,-0.000205,-0.062266,0.066788
-0.000883,0.000283,-0.062441,0.065783
-0.001620,-0.000295,-0.062837,0.061402
0.000661,0.001579,-0.062215,0.064368
0.000418,0.001057,-0.063589,0.063125
-0.000964,-0.000168,-0.067740,0.060483
0.003910,0.001644,-0.057466,0.070040
0.003415,0.001750,-0.063366,0.066812
-0.000933,-0.000085,-0.064923,0.060789
-0.000685,0.000832,-0.066865,0.066649
-0.001467,-0.002049,-0.064130,0.063519
-0.001152,0.000578,-0.067778,0.064036
0.002768,0.001119,-0.060017,0.069393
-0.001795,-0.000044,-0.065171,0.061034
-0.000749,0.000872,-0.060939,0.061672
-0.002597,-0.000541,-0.072407,0.061375
0.001154,0.000361,-0.064515,0.070653
-0.000283,0.000269,-0.063596,0.061421
0.006276,0.003633,-0.055253,0.076024
-0.001585,-0.001748,-0.066809,0.061306
0.003679,0.002121,-0.060598,0.071413
-0.003009,-0.004803,-0.064640,0.060816
-0.003617,-0.002424,-0.069321,0.056578
0.000117,0.000792,-0.061787,0.064903
-0.000691,0.000098,-0.068174,0.065384
0.001286,-0.000137,-0.060117,0.062655
-0.008646,-0.005535,-0.074989,0.056520
-0.000187,0.002320,-0.062595,0.059502
-0.001752,-0.001067,-0.065681,0.066205
0.000686,-0.000013,-0.063163,0.066028
-0.000938,-0.000261,-0.064432,0.059715
-0.000745,-0.003204,-0.058350,0.060914
0.000747,0.000724,-0.061630,0.063263
-0.002180,-0.001048,-0.062489,0.058575
-0.000856,0.000594,-0.068887,0.062949
0.001327,0.001836,-0.062565,0.065430
-0.002649,-0.003347,-0.067265,0.062081
0.001039,-0.000581,-0.063648,0.067165
0.001571,0.001859,-0.063556,0.070170
0.000860,0.000332,-0.064205,0.065765
-0.000642,-0.000798,-0.063768,0.061520
0.002084,0.000346,-0.064004,0.069621
0.000144,-0.002734,-0.060675,0.070224
0.000454,-0.000160,-0.060460,0.063793
0.001398,0.001302,-0.061973,0.064510
-0.001222,-0.000234,-0.064582,0.061219
0.001808,0.001944,-0.062011,0.067660
0.001919,-0.000179,-0.058728,0.065771
-0.003021,-0.001532,-0.068842,0.063160
0.000123,-0.000535,-0.062878,0.063314
0.002250,0.002967,-0.065240,0.066641
-0.000147,0.000595,-0.063532,0.061301
-0.000305,-0.000319,-0.066243,0.066121
-0.000599,0.001356,-0.066578,0.068333
0.000011,0.000049,-0.063503,0.066540
-0.000453,-0.000862,-0.066236,0.064839
0.001007,0.001344,-0.064607,0.067498
0.004943,0.003006,-0.057642,0.068657
0.002052,0.001038,-0.057829,0.060000
0.001351,0.000809,-0.064403,0.066040
0.000069,-0.000488,-0.069994,0.067550
-0.001674,-0.001601,-0.064016,0.061468
-0.001612,-0.000656,-0.064441,0.057688
-0.000010,0.000148,-0.063699,0.062804
0.001569,-0.000249,-0.065121,0.068681
0.001847,0.002331,-0.057127,0.063476
0.001402,0.000908,-0.061311,0.064055
0.000230,-0.000505,-0.062037,0.059671
0.003222,0.000506,-0.058595,0.067868
0.001007,0.002184,-0.064313,0.063157
-0.000859,-0.000486,-0.065296,0.068779
0.000269,0.000034,-0.065609,0.062575
-0.003443,-0.002350,-0.066741,0.056521
0.004538,0.000857,-0.059477,0.071854
-0.002017,-0.000929,-0.068232,0.062359
0.003547,0.002859,-0.060828,0.073698
0.001118,0.001926,-0.066036,0.068555
-0.000721,-0.002915,-0.064107,0.067710
-0.002387,-0.001069,-0.067417,0.062225
0.004034,0.003321,-0.061978,0.071189
-0.000660,0.000021,-0.063531,0.063826
-0.000795,0.000408,-0.061631,0.063945
0.002157,0.002127,-0.059032,0.066964
0.000287,0.002012,-0.065011,0.063557
-0.000097,-0.000805,-0.066288,0.063071
-0.000020,0.001060,-0.068198,0.067655
-0.001588,-0.002172,-0.065155,0.064298
-0.001484,-0.001554,-0.067231,0.061266
-0.003434,-0.002504,-0.070976,0.063508
-0.002551,-0.001567,-0.068816,0.063418
-0.001600,-0.000834,-0.062981,0.058221
-0.001798,-0.001241,-0.066568,0.061361
-0.002950,-0.001259,-0.068593,0.054651
0.001721,0.002396,-0.061151,0.068023
-0.000110,0.000336,-0.063849,0.061714
-0.002168,-0.001639,-0.065285,0.060202
-0.001136,0.000193,-0.066645,0.062769
-0.000291,-0.000505,-0.068383,0.063851
-0.002404,-0.001960,-0.065245,0.063504
0.000862,0.000546,-0.065530,0.066147
0.002276,0.000829,-0.058912,0.066774
0.000024,0.000421,-0.062882,0.064181
-0.001742,-0.000634,-0.063875,0.062431
0.000310,-0.000135,-0.062604,0.064195
0.000681,0.001033,-0.060086,0.065267
0.000607,-0.000213,-0.057826,0.064511
0.000022,-0.000425,-0.060723,0.065441
0.004057,0.003381,-0.064290,0.073161
-0.000122,0.000783,-0.064474,0.063469
0.000226,0.002540,-0.065856,0.063194
0.001695,0.000197,-0.064862,0.065930
0.001197,0.000828,-0.062014,0.067378
0.000091,-0.000838,-0.062813,0.064998
0.002334,0.001302,-0.060462,0.066445
-0.000907,-0.001675,-0.065841,0.064304
-0.000177,-0.000976,-0.061360,0.064950
0.003799,0.004188,-0.059021,0.068734
0.002118,0.001204,-0.063550,0.067955
-0.002868,-0.001466,-0.063671,0.060365
-0.000278,-0.000296,-0.062358,0.064921
0.002389,0.000852,-0.063476,0.066643
0.000350,0.000794,-0.063760,0.065975
0.001699,0.001713,-0.063080,0.069914
0.000237,0.000748,-0.062320,0.062280
0.005060,0.002136,-0.061599,0.074464
0.002002,0.000713,-0.059967,0.065659
0.000131,0.000075,-0.068856,0.061938
0.000649,0.000408,-0.063211,0.066907
0.001188,0.001559,-0.065444,0.062444
-0.004931,-0.004749,-0.071386,0.064242
0.001969,0.001789,-0.058856,0.069754
0.000899,0.001260,-0.063172,0.066991
0.001053,0.001328,-0.065947,0.064593
-0.000179,0.000995,-0.062154,0.062492
-0.000693,-0.001553,-0.059188,0.063445
0.003465,0.002412,-0.057144,0.062965
-0.002730,-0.002733,-0.067148,0.062957
0.001487,0.000544,-0.062544,0.066760
0.005318,0.002818,-0.058802,0.072819
-0.001746,-0.001751,-0.065123,0.061626
0.002800,0.000794,-0.063742,0.069644
0.000859,0.000762,-0.060474,0.063355
-0.000288,-0.002383,-0.065867,0.065395
-0.000185,0.001234,-0.065431,0.061234
0.000861,0.000503,-0.064792,0.066426
0.001139,0.000689,-0.062472,0.069127
0.000700,-0.000373,-0.061889,0.062656
-0.000398,0.002374,-0.066001,0.064698
-0.001334,0.000365,-0.071435,0.064179
0.001136,0.000473,-0.060316,0.068479
-0.004512,-0.003146,-0.069888,0.059365
-0.001483,-0.000457,-0.065302,0.059167
-0.001605,-0.001975,-0.066816,0.066949
-0.000764,-0.000301,-0.062480,0.063040
-0.004372,-0.003043,-0.068663,0.057022
-0.000927,-0.003267,-0.067515,0.069338
0.000431,0.000240,-0.061655,0.064014
0.002553,0.002288,-0.062468,0.067014
0.000307,0.000260,-0.067193,0.060985
0.001965,0.002175,-0.060219,0.069340
-0.003326,-0.002447,-0.068799,0.062529
-0.002237,-0.002338,-0.069789,0.060705
0.002413,0.001582,-0.063249,0.066931
0.001126,0.001160,-0.063863,0.066846
-0.002884,-0.003903,-0.066508,0.060368
0.000405,0.000304,-0.065356,0.063520
0.000244,-0.000445,-0.064587,0.064775
-0.000510,-0.000777,-0.062116,0.061855
0.005268,0.004290,-0.057655,0.073534
-0.000123,-0.000209,-0.063885,0.062982
-0.004618,-0.002929,-0.067399,0.060190
-0.000535,0.000816,-0.064531,0.062896
0.000457,-0.000756,-0.065894,0.068141
-0.001200,-0.001571,-0.065192,0.063067
0.000004,0.000689,-0.066929,0.068756
0.000727,0.000466,-0.058815,0.064654
-0.006799,-0.002965,-0.073592,0.057893
-0.000338,0.000085,-0.065996,0.061010
-0.002460,-0.001036,-0.068867,0.065589
-0.000549,-0.000367,-0.066174,0.062825
0.000745,0.000595,-0.065816,0.064138
0.001404,0.001707,-0.057566,0.063071
-0.000810,0.000858,-0.070665,0.063722
-0.001333,-0.000859,-0.067362,0.065936
0.000005,0.001522,-0.066662,0.062088
0.001031,0.002042,-0.060220,0.062137
-0.002533,-0.002219,-0.069619,0.067108
-0.000639,0.000268,-0.064269,0.063626
-0.003440,-0.001771,-0.068467,0.057155
0.004096,0.002308,-0.062585,0.070729
-0.007696,-0.005526,-0.075519,0.055879
-0.004908,-0.003175,-0.071223,0.056996
0.001359,0.001094,-0.064501,0.065219
0.003426,0.003195,-0.059607,0.062816
0.000810,0.000456,-0.064345,0.065373
-0.000830,-0.000199,-0.067853,0.061877
0.001026,0.000597,-0.060330,0.065706
0.002081,0.001786,-0.063707,0.062664
0.003579,0.001027,-0.059770,0.072199
0.001011,0.000123,-0.064786,0.070098
0.003173,0.000210,-0.061800,0.065604
-0.000213,-0.001012,-0.066767,0.062066
0.002284,0.001630,-0.060099,0.067900
-0.002990,-0.000421,-0.072224,0.061324
0.001523,0.000493,-0.066675,0.073076
0.001754,0.001326,-0.061492,0.065236
0.001263,0.001042,-0.062219,0.064465
-0.001816,0.001461,-0.069369,0.062726
-0.000624,0.002397,-0.067651,0.066202
0.002072,0.002278,-0.062215,0.063549
-0.000252,0.000664,-0.063234,0.063176
-0.000416,0.000275,-0.063723,0.059065
-0.001383,-0.000217,-0.066980,0.062114
-0.000708,-0.001344,-0.065089,0.065660
-0.002016,-0.001442,-0.067100,0.062168
0.002806,0.001349,-0.061005,0.067376
-0.000865,-0.000604,-0.063308,0.060706
0.000424,-0.001838,-0.060234,0.066588
-0.001285,-0.002625,-0.064205,0.065824
-0.000493,-0.000078,-0.060458,0.059235
-0.001562,-0.001481,-0.066497,0.063354
-0.000517,-0.000104,-0.065923,0.064015
-0.002237,-0.002608,-0.068088,0.063835
-0.003307,-0.002205,-0.068018,0.062600
-0.001936,-0.001928,-0.067808,0.061404
0.000351,-0.000834,-0.060943,0.063517
-0.000926,0.000541,-0.069531,0.062779
0.000320,-0.001550,-0.066078,0.067319
-0.001780,0.000622,-0.070138,0.063508
0.001170,0.002550,-0.060504,0.065047
-0.000357,0.000455,-0.065723,0.061999
-0.003282,-0.001837,-0.069289,0.064739
0.002686,0.001695,-0.058160,0.067895
0.000503,-0.000358,-0.061549,0.061183
0.000153,0.001479,-0.061437,0.062817
-0.004178,-0.002436,-0.069614,0.058955
0.000571,-0.000834,-0.061442,0.066986
-0.000816,-0.000313,-0.065408,0.066341
-0.000197,-0.001393,-0.063434,0.062325
0.002323,0.003130,-0.058442,0.067534
0.001520,0.003090,-0.062032,0.064888
-0.000146,-0.000834,-0.064526,0.065992
-0.000150,-0.000454,-0.066258,0.062780
-0.000713,-0.000026,-0.060740,0.066120
-0.002309,-0.002022,-0.067507,0.060671
0.002280,0.003216,-0.058827,0.067638
-0.000436,-0.001247,-0.067666,0.066765
0.001773,0.002295,-0.063010,0.062809
0.003336,0.001055,-0.063651,0.069106
-0.000759,-0.000901,-0.063228,0.063117
0.001737,0.000944,-0.058939,0.067015
-0.000617,0.001060,-0.067668,0.063055
0.002130,0.001203,-0.058871,0.062606
-0.002825,-0.002213,-0.066591,0.063696
0.005928,0.003996,-0.060397,0.074026
-0.002615,-0.000617,-0.071750,0.062543
-0.000296,0.000291,-0.065052,0.063515
-0.001519,-0.001570,-0.063304,0.059633
0.000360,0.001613,-0.064963,0.069456
0.000155,0.000957,-0.067417,0.064661
0.001809,0.001275,-0.065234,0.071181
0.000619,0.000447,-0.061230,0.068182
0.002621,0.002307,-0.064313,0.070858
0.001090,0.001450,-0.063000,0.065855
0.000136,0.001303,-0.065025,0.063386
-0.001019,0.000421,-0.063815,0.057210
-0.002763,-0.001771,-0.069547,0.061497
-0.002323,-0.000340,-0.062796,0.056882
-0.000717,0.000730,-0.067737,0.065578
-0.001382,-0.000255,-0.064866,0.063388
-0.002192,-0.003393,-0.066846,0.068456
0.000163,0.000153,-0.060544,0.065039
0.001361,0.000553,-0.066714,0.065874
0.001364,0.001796,-0.063602,0.064461
0.000616,0.000366,-0.062611,0.067880
-0.000894,0.000869,-0.064425,0.063098
-0.001629,-0.002982,-0.067422,0.060094
0.000128,0.000516,-0.062654,0.062232
0.001770,0.001669,-0.062819,0.070137
0.002286,0.002619,-0.063574,0.066382
-0.001218,-0.002942,-0.066876,0.064239
0.000491,0.000702,-0.061300,0.067713
-0.000710,0.001926,-0.069539,0.067455
-0.000493,-0.000774,-0.066508,0.065417
-0.001934,-0.002011,-0.068827,0.062859
-0.001712,-0.001243,-0.062994,0.061882
-0.001306,0.000718,-0.068150,0.063630
-0.000893,-0.001440,-0.063718,0.068255
-0.001053,-0.001203,-0.064085,0.062998
0.000959,0.001673,-0.069917,0.067212
0.004278,0.002976,-0.059669,0.068569
0.000599,0.000138,-0.067684,0.066316
0.000047,0.000696,-0.063323,0.060823
-0.005722,-0.004095,-0.075770,0.059407
-0.002590,-0.001175,-0.068812,0.063095
0.001916,0.002344,-0.064794,0.067544
-0.002115,-0.000583,-0.065968,0.062061
0.001764,0.001400,-0.063611,0.069212
-0.001941,-0.001595,-0.065009,0.062130
-0.001257,-0.000491,-0.065375,0.063995
0.001285,0.000407,-0.060852,0.063472
-0.001298,-0.000411,-0.066770,0.065196
-0.002206,-0.000534,-0.067108,0.059822
0.001656,-0.000267,-0.060261,0.063817
0.001544,0.000183,-0.064844,0.070498
-0.001757,-0.001856,-0.063628,0.063591
0.001138,0.003299,-0.062653,0.068182
0.000503,-0.001342,-0.062997,0.065231
-0.001055,0.000493,-0.066282,0.061088
0.000887,0.000353,-0.065550,0.061940
-0.001084,-0.000502,-0.067085,0.064117
-0.001240,0.000096,-0.066272,0.059410
-0.004690,-0.002038,-0.071462,0.056723
-0.002125,-0.001769,-0.067278,0.061507
-0.003616,-0.002159,-0.071116,0.059270
0.000691,0.000640,-0.060088,0.061680
-0.001461,-0.002119,-0.060750,0.063157
0.001393,0.000348,-0.060805,0.065599
-0.000626,0.000121,-0.061324,0.066394
-0.001867,-0.000067,-0.067091,0.060249
0.001035,0.001229,-0.058304,0.063313
-0.000693,0.001386,-0.064978,0.064159
-0.000306,-0.000805,-0.062712,0.061400
0.004462,0.003165,-0.061745,0.071662
-0.000612,-0.000156,-0.064361,0.060562
-0.000750,-0.000778,-0.063023,0.063854
0.003847,0.001026,-0.062268,0.074396
-0.003983,-0.000680,-0.068056,0.053699
-0.000193,-0.000331,-0.063829,0.061154
-0.007054,-0.004091,-0.074590,0.055479
-0.003342,-0.000457,-0.072563,0.061079
0.001694,-0.000183,-0.064739,0.070554
0.001566,0.001192,-0.062107,0.066725
-0.002175,-0.001893,-0.068368,0.060491
-0.001601,-0.002586,-0.065586,0.064246
-0.000934,-0.000989,-0.064131,0.060417
-0.000766,-0.001835,-0.066568,0.066023
0.004193,0.002299,-0.059496,0.066988
0.000191,-0.000450,-0.062574,0.062172
-0.001552,-0.001015,-0.065592,0.059154
-0.001312,-0.000103,-0.066610,0.066713
0.003056,0.001094,-0.060430,0.065190
-0.000571,-0.000172,-0.070094,0.066521
-0.000972,-0.002059,-0.066235,0.064835
0.002321,-0.000112,-0.062604,0.066979
-0.001545,-0.000342,-0.068484,0.059560
-0.000316,0.000408,-0.066623,0.066049
0.000135,-0.001056,-0.062428,0.066623
-0.001657,-0.000914,-0.069587,0.064679
-0.003073,-0.000799,-0.067258,0.057012
0.001498,-0.000189,-0.061192,0.065486
-0.000420,0.000509,-0.065963,0.063707
-0.000503,-0.002255,-0.062259,0.062330
-0.001368,-0.000448,-0.068801,0.063763
-0.001692,-0.002192,-0.064844,0.065174
-0.000872,-0.000078,-0.064588,0.064306
0.001281,0.002443,-0.062647,0.065115
-0.000890,-0.001420,-0.065068,0.060642
-0.001501,-0.001520,-0.067509,0.063911
0.002164,0.001979,-0.063598,0.065173
0.000338,0.001151,-0.064314,0.063849
-0.000875,-0.001568,-0.064659,0.067356
-0.001005,0.000196,-0.064472,0.062346
-0.002622,-0.000004,-0.065340,0.060864
-0.000350,0.002524,-0.065457,0.062414
-0.000500,0.000298,-0.063954,0.066502
-0.001418,-0.000868,-0.064531,0.066407
-0.001315,-0.002446,-0.064044,0.063620
-0.001606,-0.001185,-0.071449,0.066288
-0.003158,-0.002331,-0.063177,0.057355
0.000585,-0.000512,-0.060964,0.067179
-0.001134,-0.001457,-0.061191,0.059909
-0.002901,-0.001648,-0.065948,0.058830
0.000939,-0.001029,-0.060516,0.068649
0.000402,0.001396,-0.065740,0.065561
0.001964,0.001371,-0.059909,0.066761
0.000751,-0.000340,-0.065154,0.068321
0.000675,-0.000401,-0.065574,0.066645
-0.000253,0.000543,-0.063763,0.064534
0.000081,0.000145,-0.068642,0.069523
-0.000013,-0.000577,-0.067453,0.067542
-0.001068,-0.001098,-0.071659,0.068035
-0.000095,-0.000795,-0.063675,0.067284
0.000217,0.000845,-0.063997,0.067009
0.001400,0.000412,-0.066478,0.066496
0.000502,-0.000385,-0.060822,0.064178
0.000522,0.000368,-0.062374,0.063169
0.000188,0.001062,-0.063696,0.064972
-0.001879,-0.000417,-0.065783,0.063445
0.001589,0.000363,-0.060270,0.062444
0.000274,0.001258,-0.067234,0.063964
0.002486,0.000172,-0.064110,0.070919
0.000813,0.001447,-0.061902,0.064253
0.001320,0.002268,-0.061214,0.065688
-0.005589,-0.001696,-0.074541,0.059110
0.001541,0.001522,-0.061109,0.065709
-0.001817,-0.001028,-0.062066,0.063081
-0.001608,-0.002506,-0.063698,0.064433
0.002172,0.000858,-0.063282,0.067042
0.001331,0.001583,-0.060487,0.064749
0.002227,0.001207,-0.058646,0.067299
-0.000619,-0.000667,-0.065400,0.062027
-0.001091,-0.000265,-0.071733,0.064066
0.001237,0.002287,-0.063435,0.068359
0.003270,0.000478,-0.059622,0.071274
0.001171,0.001138,-0.063328,0.066539
0.000612,0.001501,-0.065927,0.064965
-0.000733,-0.001429,-0.064006,0.061595
0.003713,0.002784,-0.058386,0.066497
0.001712,0.001015,-0.059159,0.064459
0.002316,0.001069,-0.062954,0.064402
0.001615,0.002200,-0.062618,0.065084
-0.000828,0.000488,-0.063490,0.058839
0.000954,0.001492,-0.058999,0.063684
-0.000081,0.000964,-0.067136,0.064878
-0.003550,-0.001218,-0.065059,0.061004
0.001362,0.001599,-0.060220,0.068327
0.006347,0.001508,-0.054559,0.071407
-0.002004,-0.001298,-0.067450,0.060478
0.001345,0.000993,-0.063302,0.064304
0.000355,0.000642,-0.061745,0.061776
-0.004127,-0.004721,-0.064635,0.058139
0.002013,0.000475,-0.060452,0.064933
-0.003664,-0.001318,-0.069692,0.059885
0.000788,0.000022,-0.062018,0.063756
0.004179,0.000919,-0.054804,0.072885
0.001517,0.002123,-0.059152,0.063372
-0.000005,0.002763,-0.062080,0.062245
0.003802,0.001365,-0.060423,0.069328
-0.001188,-0.000037,-0.064333,0.060851
0.003014,0.001631,-0.061060,0.065993
0.000470,-0.001212,-0.063696,0.068141
-0.001786,-0.000871,-0.066967,0.063933
-0.002137,-0.000658,-0.069051,0.065317
-0.001321,0.000160,-0.066909,0.062569
-0.003497,-0.002585,-0.069606,0.060786
-0.001695,-0.001706,-0.065086,0.065906
-0.001659,-0.001218,-0.063401,0.065259
0.000268,0.001546,-0.060664,0.068495
-0.000102,-0.000129,-0.060408,0.062739
0.000878,0.000268,-0.061290,0.066901
0.000491,0.000747,-0.065269,0.065759
-0.005296,-0.002668,-0.070348,0.057601
-0.002200,-0.000900,-0.067235,0.065250
-0.002540,-0.002064,-0.068509,0.058379
0.000886,-0.000082,-0.064710,0.065073
0.005161,0.002688,-0.057038,0.074205
0.000909,0.000527,-0.061768,0.060944
-0.003027,-0.003208,-0.066766,0.058654
0.000455,-0.000171,-0.063615,0.066458
0.000735,0.001470,-0.065137,0.067430
0.001483,0.002298,-0.062887,0.065482
-0.001191,-0.001747,-0.066127,0.061197
-0.000195,0.000411,-0.064146,0.065529
-0.000943,-0.001208,-0.065384,0.063328
0.000586,0.001238,-0.066441,0.067863
-0.002428,-0.000957,-0.065272,0.057190
-0.001761,-0.000889,-0.068517,0.062390
0.000448,-0.000862,-0.062623,0.065734
0.002478,0.002135,-0.060589,0.070625
-0.001589,-0.000912,-0.065530,0.062070
-0.000416,-0.000924,-0.064537,0.063258
-0.000576,-0.000614,-0.065884,0.063936
0.001712,-0.000004,-0.059294,0.064288
0.000281,-0.001835,-0.063096,0.064666
0.002510,0.000510,-0.060535,0.063727
-0.000255,0.000429,-0.062984,0.064771
0.004937,0.002955,-0.058751,0.070778
-0.001114,-0.001000,-0.068679,0.066507
-0.002084,-0.001624,-0.068575,0.063532
0.000890,0.000932,-0.060859,0.062189
0.002630,0.001831,-0.061961,0.069514
0.002446,0.002931,-0.064405,0.066051
-0.001521,-0.001795,-0.065244,0.066369
-0.002935,-0.001831,-0.066090,0.064772
-0.003377,-0.001212,-0.069201,0.057558
-0.000453,0.001273,-0.067160,0.062571
-0.000744,-0.001338,-0.069331,0.065982
-0.001402,0.000100,-0.065586,0.059432
0.000484,0.001342,-0.060691,0.063841
-0.004314,-0.000540,-0.066929,0.057945
0.000825,0.000284,-0.058552,0.061386
-0.000378,-0.000640,-0.068946,0.064095
0.000314,0.000591,-0.065750,0.062078
-0.001308,0.000656,-0.063052,0.060697
0.000730,0.002099,-0.065128,0.065900
-0.003276,-0.002645,-0.065928,0.060752
0.002357,0.001579,-0.057907,0.066819
-0.002329,-0.002752,-0.068727,0.063975
-0.000091,-0.002515,-0.064758,0.064700
-0.003922,-0.002739,-0.066817,0.059598
0.002633,0.000828,-0.059461,0.069262
0.000282,0.000068,-0.063653,0.059684
-0.001430,-0.001059,-0.067215,0.062089
0.001943,0.000310,-0.062746,0.064678
-0.000414,0.000841,-0.062727,0.059339
0.000545,0.000340,-0.062054,0.061086
-0.001279,0.000243,-0.061422,0.058696
0.001011,0.000855,-0.063940,0.063451
-0.000903,-0.000721,-0.061918,0.062207
0.000162,-0.000669,-0.066186,0.069992
-0.001578,-0.002252,-0.067198,0.061899
-0.002550,-0.002211,-0.065582,0.060026
-0.001664,-0.002261,-0.066634,0.061775
-0.000699,0.000430,-0.064743,0.060740
0.003594,0.002267,-0.059174,0.072114
0.000422,0.001293,-0.066342,0.065638
0.001793,0.002277,-0.063428,0.064410
-0.000091,-0.001269,-0.061515,0.065812
-0.000657,-0.000991,-0.066450,0.067467
-0.001045,-0.000367,-0.063550,0.062441
-0.000976,0.000232,-0.066646,0.060057
-0.001313,-0.001355,-0.066357,0.063882
-0.002626,-0.000409,-0.068055,0.062372
-0.000117,0.000481,-0.064482,0.067921
0.002653,0.002394,-0.063492,0.067184
0.003012,0.002393,-0.056473,0.064838
-0.000985,0.000050,-0.065448,0.064285
-0.001607,-0.002777,-0.065248,0.061040
0.002071,0.001366,-0.063684,0.066724
-0.000589,0.000788,-0.064725,0.064367
-0.000862,-0.001924,-0.069196,0.067027
0.000582,0.000165,-0.062343,0.063565
-0.000431,-0.002168,-0.064683,0.065389
-0.000054,0.000187,-0.064424,0.066256
0.001498,0.001540,-0.060565,0.062712
0.002291,0.000309,-0.057529,0.068556
-0.001835,-0.001844,-0.067324,0.061082
-0.001109,-0.001300,-0.068616,0.063823
-0.001343,-0.000021,-0.067635,0.065895
-0.001112,-0.000475,-0.068064,0.065013
0.002546,0.001547,-0.065495,0.072243
0.000083,-0.000165,-0.064203,0.066034
0.001357,0.000959,-0.063367,0.065459
-0.000133,0.000557,-0.062262,0.063895
0.002485,0.003323,-0.060428,0.065239
-0.001476,-0.001841,-0.070073,0.068630
-0.003512,-0.000614,-0.070511,0.062461
-0.000637,-0.000516,-0.067201,0.064895
-0.001556,-0.001866,-0.064827,0.062499
0.000162,-0.000422,-0.059677,0.063138
-0.000198,-0.000328,-0.064290,0.064393
0.001488,-0.000576,-0.055228,0.064524
0.002659,0.002562,-0.060796,0.067093
0.001510,0.001212,-0.061949,0.066562
-0.001115,-0.002004,-0.061520,0.060584
0.001328,0.001316,-0.061755,0.066458
0.005007,0.002970,-0.058101,0.066401
-0.000765,-0.000468,-0.062274,0.064536
-0.002626,-0.000486,-0.068969,0.061210
0.002754,0.001323,-0.060015,0.065983
0.001406,0.002517,-0.061301,0.069781
0.001415,0.000294,-0.065478,0.067927
0.001298,0.000868,-0.063988,0.070802
0.000396,0.001015,-0.061243,0.064987
0.002035,0.000231,-0.059286,0.064208
-0.001491,-0.000654,-0.072316,0.066840
-0.001737,-0.001472,-0.066799,0.060825
0.001643,0.003399,-0.062139,0.062273
0.005624,0.002369,-0.058774,0.071545
0.002280,0.001899,-0.061888,0.065949
0.001128,0.000098,-0.060481,0.060796
0.000958,0.000629,-0.065521,0.066385
0.000460,0.000208,-0.065868,0.071604
-0.000152,0.000325,-0.066019,0.063593
0.000015,0.001113,-0.068640,0.062303
-0.000544,-0.001934,-0.067785,0.065099
0.000378,0.000223,-0.065618,0.065826
0.000872,0.001296,-0.066228,0.064740
0.001834,-0.000332,-0.059923,0.068303
0.001116,-0.000919,-0.064389,0.068063
-0.001873,-0.001569,-0.068872,0.065012
-0.009559,-0.005982,-0.075231,0.052901
-0.000339,-0.000612,-0.064032,0.063396
0.001245,0.000380,-0.061879,0.065600
-0.000935,-0.001235,-0.065369,0.064450
0.000812,0.000886,-0.061814,0.065203
0.003900,0.001659,-0.063878,0.069735
-0.000362,0.000151,-0.061556,0.061598
0.004605,0.001180,-0.060144,0.071215
0.005542,0.003423,-0.056350,0.071121
-0.001210,-0.001848,-0.063862,0.063800
-0.001733,-0.000929,-0.064645,0.063133
0.001333,0.001691,-0.065055,0.069461
-0.001546,-0.000681,-0.066041,0.066384
-0.001030,0.000077,-0.063048,0.062029
-0.000146,-0.000477,-0.064609,0.064402
0.000012,0.000634,-0.064932,0.062433
0.004329,0.002072,-0.057772,0.068398
0.004530,0.004204,-0.060933,0.070785
0.004483,0.003199,-0.061889,0.069100
0.001620,0.000319,-0.059427,0.063968
0.001643,0.001430,-0.065031,0.067608
0.001888,0.003255,-0.060299,0.064593
0.003298,0.003223,-0.061131,0.065168
0.000813,-0.000491,-0.063108,0.065658
0.001601,-0.000270,-0.063335,0.067457
0.003197,0.002726,-0.057898,0.067499
-0.000956,-0.000557,-0.067241,0.066792
0.001931,0.001147,-0.068722,0.063685
0.003957,0.002245,-0.055183,0.069659
-0.000262,-0.000750,-0.065424,0.065818
-0.000832,-0.000093,-0.066839,0.063152
-0.002170,-0.001973,-0.070077,0.063590
0.001276,0.001280,-0.057159,0.063745
0.001913,0.002387,-0.063364,0.066969
0.000959,0.000306,-0.058719,0.063503
-0.002420,-0.001440,-0.067890,0.064148
0.001045,0.000548,-0.061475,0.066550
-0.003647,-0.003212,-0.066232,0.057419
-0.000879,-0.000435,-0.064579,0.062422
0.002380,0.000864,-0.060365,0.066893
-0.001387,0.000165,-0.065014,0.062828
0.001585,0.000895,-0.057561,0.066818
-0.002834,-0.000334,-0.072446,0.060808
0.000585,0.001058,-0.062104,0.070184
-0.000485,0.001945,-0.065888,0.064258
0.001713,0.003000,-0.064945,0.065705
0.001559,0.000838,-0.063549,0.063830
0.000737,-0.002349,-0.060877,0.065476
0.000539,-0.000545,-0.062263,0.064131
0.003200,0.000962,-0.059139,0.068073
-0.002220,-0.002577,-0.065215,0.062673
0.000331,0.001990,-0.064495,0.063011
0.002396,0.002047,-0.065538,0.066909
0.000767,0.000937,-0.061509,0.061493
-0.000650,-0.001666,-0.066640,0.064106
0.000961,0.001355,-0.066134,0.069406
-0.001346,-0.000397,-0.060976,0.060718
0.001234,0.000504,-0.058802,0.065179
0.000526,0.000308,-0.064089,0.065318
0.000085,0.000935,-0.064481,0.061162
-0.001258,0.000221,-0.070516,0.066331
-0.001622,-0.001907,-0.068600,0.062940
-0.005487,-0.003073,-0.073512,0.061287
-0.003234,-0.001528,-0.068084,0.056216
-0.002114,0.000076,-0.066023,0.058945
0.001790,0.002167,-0.064228,0.065618
-0.001270,-0.000482,-0.064312,0.060282
0.000629,0.000952,-0.068631,0.069525
-0.000736,-0.001335,-0.063986,0.064312
0.000367,0.001038,-0.068319,0.068191
-0.005576,-0.003033,-0.070168,0.055659
0.000853,0.000225,-0.067157,0.067566
-0.001461,0.000007,-0.069917,0.064151
-0.002125,-0.000653,-0.067667,0.060617
0.002225,0.000820,-0.058386,0.069592
-0.000144,0.000342,-0.065997,0.068472
0.002289,-0.000189,-0.057379,0.065775
0.003752,0.001135,-0.060514,0.072107
-0.002231,-0.001456,-0.068273,0.062538
0.001163,-0.000331,-0.066296,0.067176
0.003294,0.002178,-0.057047,0.066007
0.000462,-0.000235,-0.062046,0.063996
0.001214,0.002197,-0.065166,0.063858
-0.002742,-0.000091,-0.070818,0.058304
0.000383,-0.001088,-0.064583,0.064224
-0.001867,-0.002217,-0.062208,0.063503
0.001159,0.001089,-0.065297,0.069758
-0.003088,-0.000909,-0.069689,0.058894
-0.000420,-0.001522,-0.061310,0.060585
0.003080,0.000881,-0.055492,0.067346
-0.001481,-0.001069,-0.067515,0.063822
-0.002300,0.000405,-0.065706,0.057816
0.005618,0.005931,-0.060265,0.069245
-0.002045,-0.000426,-0.067864,0.061315
-0.004456,-0.001303,-0.069601,0.057887
-0.003126,-0.003308,-0.072385,0.061649
0.001698,0.001399,-0.061384,0.066575
-0.003313,-0.002001,-0.069066,0.059679
0.000663,0.000687,-0.058690,0.061668
-0.000496,-0.003140,-0.061617,0.065171
0.003040,0.000820,-0.059472,0.070957
0.004346,0.001795,-0.059303,0.069220
0.001348,0.000338,-0.061642,0.063960
-0.001469,-0.000111,-0.063431,0.058623
-0.001602,-0.001631,-0.065456,0.062237
0.001056,0.001127,-0.062353,0.068820
0.001341,0.000347,-0.059712,0.067102
0.000217,-0.000339,-0.061957,0.063553
-0.002737,-0.000682,-0.070867,0.060857
0.002384,0.002804,-0.061921,0.065788
-0.003740,-0.000293,-0.067803,0.056551
0.003428,0.000970,-0.058716,0.071434
-0.003056,-0.001871,-0.066562,0.061626
0.003235,0.001383,-0.057675,0.068468
0.000710,0.001008,-0.061189,0.064948
0.002458,0.000612,-0.062810,0.065442
-0.001416,-0.000091,-0.064830,0.064918
0.002906,0.000916,-0.061260,0.065146
0.000760,-0.000821,-0.064121,0.066361
0.001651,0.001573,-0.059421,0.065932
0.000376,-0.000133,-0.065514,0.067223
-0.001408,0.000250,-0.063010,0.061610
-0.001115,-0.001300,-0.065625,0.063957
-0.000953,-0.002141,-0.063525,0.061526
-0.000367,-0.000734,-0.060304,0.062831
0.005163,0.002141,-0.055933,0.071366
-0.001064,0.000378,-0.066274,0.064311
0.000057,-0.000239,-0.064583,0.064039
0.000347,0.000892,-0.065636,0.060538
-0.002791,-0.000160,-0.073146,0.065004
0.000785,0.001264,-0.062984,0.068033
-0.001438,-0.000432,-0.063398,0.062436
0.000270,-0.000278,-0.068425,0.065618
0.003480,0.001937,-0.058631,0.066960
-0.002706,-0.003041,-0.065815,0.061609
-0.008255,-0.003865,-0.072035,0.052529
0.001792,0.000653,-0.060825,0.070172
0.000375,0.000457,-0.067128,0.068930
-0.000590,-0.000616,-0.064777,0.063762
-0.002400,-0.000835,-0.065017,0.059585
-0.001099,-0.001896,-0.066743,0.061264
-0.002150,-0.001091,-0.070883,0.060527
-0.000271,0.001742,-0.063933,0.063732
0.002254,0.001167,-0.061675,0.071879
-0.002051,-0.001293,-0.062479,0.062873
0.004206,0.001842,-0.059279,0.070245
0.001559,0.000378,-0.064293,0.063791
0.000395,0.000599,-0.065272,0.063569
0.003245,0.001458,-0.061843,0.066708
0.002322,0.001727,-0.064568,0.070476
0.001123,0.000654,-0.063852,0.068492
-0.002434,-0.002952,-0.066184,0.061884
0.000013,0.000824,-0.065914,0.066169
-0.000744,0.002122,-0.063833,0.061825
0.000474,0.001403,-0.066744,0.065933
-0.001142,-0.001863,-0.067262,0.065216
0.000820,-0.000286,-0.063336,0.066412
-0.001160,-0.001691,-0.066304,0.064290
-0.001223,-0.000222,-0.066970,0.063035
-0.004172,-0.002823,-0.072654,0.059454
-0.002834,-0.002341,-0.070885,0.063698
0.004292,0.002217,-0.058032,0.071207
0.003049,0.001972,-0.057611,0.065685
0.001116,0.000239,-0.062473,0.065212
0.000588,0.000329,-0.059630,0.061004
-0.003333,-0.001085,-0.071556,0.057472
0.001868,-0.000342,-0.064176,0.068967
-0.002029,0.001228,-0.066773,0.059111
-0.000965,-0.000900,-0.066586,0.066597
-0.002513,-0.002174,-0.065424,0.059162
-0.003168,-0.002134,-0.067939,0.057659
-0.004725,-0.002536,-0.071668,0.055910
-0.000266,0.000143,-0.067028,0.064202
-0.000990,0.000051,-0.067257,0.062255
-0.001200,-0.000808,-0.067947,0.065103
-0.000184,0.001088,-0.066106,0.059368
0.003589,0.002965,-0.061601,0.064606
-0.001840,-0.003774,-0.063067,0.062137
0.001950,0.001673,-0.065233,0.068170
-0.001057,-0.001061,-0.070930,0.065827
0.001859,0.001368,-0.063322,0.068109
-0.002147,-0.001232,-0.069849,0.061667
-0.000411,0.000361,-0.064172,0.061660
0.001044,0.001726,-0.066544,0.065564
-0.000886,-0.000506,-0.067146,0.063675
0.001817,0.000029,-0.062173,0.069543
-0.000935,-0.001379,-0.066943,0.064596
-0.001358,0.000695,-0.065184,0.061236
-0.001139,-0.000120,-0.065253,0.059363
-0.000936,0.001385,-0.069868,0.064060
0.002624,0.000184,-0.063705,0.073202
-0.000833,-0.000284,-0.068522,0.065433
-0.000749,-0.001193,-0.064686,0.066732
0.002822,0.000190,-0.062818,0.068040
0.002285,0.001404,-0.067802,0.069901
0.003052,0.002049,-0.064643,0.072622
-0.000505,-0.000985,-0.067220,0.065178
0.003699,0.001215,-0.062023,0.068020
0.001770,0.001121,-0.059173,0.068206
-0.003929,-0.001515,-0.069441,0.058040
0.003290,0.000952,-0.060560,0.070434
-0.002452,-0.003410,-0.067246,0.060854
0.003806,0.002329,-0.062384,0.067034
0.001105,0.002129,-0.065025,0.069040
0.000288,0.000501,-0.064326,0.068751
-0.003035,-0.000423,-0.068598,0.058443
-0.001873,-0.001372,-0.070419,0.062423
0.000940,0.001372,-0.065198,0.063017
0.000537,0.001254,-0.061558,0.062782
-0.001090,-0.000117,-0.065738,0.064271
0.000709,-0.001046,-0.062968,0.064623
-0.007575,-0.003304,-0.072527,0.058532
-0.000935,-0.002428,-0.069252,0.067343
0.000742,0.000669,-0.061142,0.066363
0.000249,0.001141,-0.066046,0.065831
0.001019,0.000786,-0.063377,0.064835
-0.000469,0.001461,-0.065448,0.063912
-0.001769,-0.000779,-0.068778,0.059393
0.003851,0.002246,-0.058200,0.066038
-0.001494,-0.000766,-0.066828,0.062982
0.002758,0.000469,-0.061070,0.067202
-0.000725,0.000937,-0.063290,0.059493
-0.002610,-0.003138,-0.064223,0.064555
0.001357,-0.000259,-0.059404,0.068139
-0.002524,-0.001450,-0.069947,0.060078
-0.001192,-0.001323,-0.066557,0.065563
0.000478,-0.000234,-0.064893,0.068226
-0.004644,-0.003304,-0.067292,0.061110
-0.002479,-0.001612,-0.066536,0.060287
-0.002007,-0.001561,-0.071730,0.062609
0.000530,-0.000848,-0.066878,0.062936
-0.001059,-0.000002,-0.066297,0.063097
0.004650,0.000732,-0.059914,0.070139
-0.000290,-0.001417,-0.064463,0.067935
-0.001237,-0.000697,-0.064111,0.066391
-0.002404,-0.000137,-0.065652,0.063133
0.001498,-0.000479,-0.057119,0.062823
-0.000357,-0.000137,-0.067085,0.067513
0.001743,0.001105,-0.063708,0.066918
0.000743,0.002424,-0.064162,0.064219
0.000807,0.000173,-0.063048,0.065547
-0.000077,0.000147,-0.064814,0.060354
-0.000227,-0.000507,-0.065424,0.065119
-0.000490,0.000798,-0.062077,0.058886
0.001334,-0.000172,-0.063389,0.065878
-0.001571,-0.001473,-0.063867,0.060478
-0.001104,-0.000824,-0.063334,0.059839
0.004784,0.002490,-0.055924,0.068763
-0.001443,0.000360,-0.065483,0.059084
0.002906,0.002288,-0.060601,0.067214
0.001001,0.000436,-0.062800,0.065558
-0.002264,-0.001594,-0.068656,0.063128
-0.000883,-0.000820,-0.061316,0.060644
0.001755,0.000968,-0.060740,0.066402
0.003336,0.003145,-0.062431,0.068006
0.001806,0.000248,-0.059855,0.064232
-0.001119,0.000692,-0.063945,0.056128
0.003970,0.002153,-0.060198,0.072761
0.002404,0.002071,-0.062030,0.068801
0.006021,0.003356,-0.061104,0.076617
-0.001573,0.000154,-0.068328,0.063258
0.000385,0.000134,-0.064678,0.068498
-0.001218,-0.000648,-0.063482,0.062637
-0.000965,-0.000785,-0.069984,0.066523
0.000025,-0.000266,-0.066113,0.068642
0.001484,0.002855,-0.061665,0.065229
0.002585,0.003814,-0.059860,0.066490
0.001948,0.001018,-0.063396,0.067778
0.000796,0.000176,-0.060319,0.064730
-0.000586,-0.000032,-0.064999,0.064789
0.002330,0.001870,-0.058231,0.068863
0.004658,0.003016,-0.054548,0.069429
0.002745,-0.000178,-0.057319,0.071824
-0.000150,-0.000031,-0.066940,0.068116
0.001242,0.000860,-0.065968,0.065787
0.001096,-0.000059,-0.063087,0.066432
-0.004887,-0.003535,-0.070730,0.060659
0.000890,0.002519,-0.066604,0.066612
0.001148,0.000193,-0.062876,0.065048
0.000864,-0.000816,-0.061881,0.062859
-0.002091,-0.002084,-0.065345,0.057361
0.000721,0.000081,-0.062785,0.066549
0.000082,0.000029,-0.067714,0.063610
0.000005,-0.000159,-0.061312,0.060875
0.001247,0.001075,-0.062632,0.062628
0.001667,0.001061,-0.066092,0.064765
-0.001725,-0.001864,-0.065087,0.061293
0.002308,0.003472,-0.063947,0.070320
-0.001378,0.000622,-0.066770,0.060971
-0.001594,-0.001190,-0.066336,0.067139
-0.001872,-0.001485,-0.069415,0.066227
0.000459,-0.000526,-0.064967,0.065235
0.001538,0.001926,-0.062482,0.064764
-0.001665,-0.000636,-0.064354,0.060751
-0.000555,0.000283,-0.061470,0.063614
-0.000497,-0.000316,-0.071295,0.061635
0.002133,0.000092,-0.060531,0.066904
0.003974,0.002959,-0.058367,0.062918
-0.000738,-0.000508,-0.066612,0.062295
0.002365,0.000812,-0.060446,0.069506
0.002071,0.002070,-0.064570,0.067004
-0.000104,-0.001377,-0.064141,0.064310
-0.000658,-0.001091,-0.063530,0.062845
-0.002194,-0.002992,-0.067232,0.063940
-0.001896,-0.002909,-0.065807,0.066050
-0.004010,-0.001619,-0.067407,0.058523
-0.000778,-0.000631,-0.061920,0.060526
-0.000507,0.001315,-0.067779,0.063517
0.000405,0.001109,-0.066172,0.066950
0.002667,0.002705,-0.060933,0.069831
-0.000676,-0.001588,-0.067380,0.062360
-0.001101,-0.002063,-0.065053,0.068200
0.000078,-0.001723,-0.065259,0.064964
0.001326,-0.001313,-0.060384,0.064645
0.002119,0.002758,-0.058949,0.065340
-0.001772,-0.001423,-0.068371,0.064083
-0.001121,-0.001724,-0.064396,0.063957
0.000343,-0.001204,-0.063024,0.066858
-0.001276,-0.000310,-0.065551,0.062898
0.002101,0.001391,-0.064969,0.066452
0.000385,0.000772,-0.067761,0.066461
-0.000706,0.001300,-0.067317,0.061926
-0.001348,-0.001628,-0.068175,0.062768
-0.001477,0.000330,-0.068466,0.060926
-0.005100,-0.002250,-0.070737,0.057552
-0.000789,0.000487,-0.065958,0.062993
0.000006,0.000184,-0.069751,0.064960
0.001032,0.000142,-0.065590,0.064446
-0.001408,-0.002651,-0.065594,0.064831
0.002804,0.002635,-0.062806,0.066263
-0.001059,-0.001158,-0.067112,0.064824
0.000560,-0.001114,-0.062041,0.065881
0.001061,-0.000152,-0.059560,0.062514
-0.000619,-0.000825,-0.064283,0.060489
0.002786,0.003250,-0.065968,0.070860
0.000668,-0.000087,-0.061466,0.062214
-0.000096,0.001321,-0.066744,0.058185
0.000388,-0.000688,-0.066184,0.062895
0.002710,0.001733,-0.059278,0.065767
0.002039,0.000660,-0.054549,0.066662
0.001046,-0.000964,-0.064840,0.067057
-0.001971,-0.001213,-0.071212,0.065859
-0.001624,-0.001436,-0.071109,0.065826
0.000894,0.001255,-0.063713,0.063712
-0.001938,-0.000767,-0.066990,0.062363
0.000879,0.001288,-0.058309,0.064368
-0.000951,0.000302,-0.066711,0.060297
-0.002323,-0.000569,-0.068033,0.064239
0.000306,0.000666,-0.062153,0.061393
0.000660,0.000273,-0.060537,0.064107
-0.000277,-0.001064,-0.066667,0.065865
0.001185,0.001656,-0.068193,0.068471
0.001454,0.001165,-0.064700,0.067693
0.002633,0.001213,-0.064344,0.071727
0.002308,0.000869,-0.059458,0.067190
0.001514,0.002305,-0.061323,0.068292
-0.001716,-0.000478,-0.066148,0.062831
0.000093,0.000632,-0.064378,0.063066
-0.004436,-0.001231,-0.075131,0.059449
-0.002912,-0.001077,-0.065981,0.061963
0.001172,-0.002130,-0.056929,0.064674
0.001154,-0.000005,-0.064548,0.064963
-0.000633,-0.001998,-0.066597,0.062086
-0.004150,-0.002015,-0.070024,0.059132
-0.001782,-0.000583,-0.067755,0.059761
-0.001613,-0.000410,-0.065698,0.064749
0.001486,-0.000543,-0.059709,0.064353
-0.001371,-0.001023,-0.068029,0.061364
-0.000012,-0.001784,-0.065030,0.066867
0.000685,-0.000271,-0.064000,0.063529
-0.000142,0.000035,-0.062714,0.061271
0.000591,0.000340,-0.064354,0.063276
-0.001237,-0.003356,-0.064550,0.065338
0.000661,0.000413,-0.067520,0.066466
-0.001389,-0.001777,-0.065269,0.063889
-0.001732,0.000238,-0.069218,0.061851
0.002019,0.001567,-0.063359,0.068643
-0.000223,0.000490,-0.063162,0.062769
-0.002590,-0.002351,-0.064879,0.061643
-0.001884,-0.001908,-0.065339,0.057677
0.000587,0.000598,-0.070170,0.065343
-0.000324,-0.000849,-0.063218,0.060288
0.000420,0.000727,-0.065310,0.068580
0.000387,0.000614,-0.064992,0.063163
0.000273,0.000137,-0.061652,0.063977
0.002365,0.000761,-0.058020,0.063885
0.003286,0.002710,-0.059736,0.065311
0.000573,0.000858,-0.064221,0.066698
-0.003798,-0.003460,-0.067468,0.057599
-0.001698,-0.000167,-0.067905,0.060921
-0.000070,0.000277,-0.063028,0.064279
-0.002358,-0.001757,-0.071695,0.062529
-0.003993,-0.002861,-0.070135,0.061751
-0.000114,0.000791,-0.065152,0.066878
-0.004207,-0.003215,-0.073347,0.060681
0.001796,0.002316,-0.065767,0.074371
0.000349,0.000429,-0.065384,0.064796
0.000273,0.000121,-0.065964,0.067731
0.000744,0.000843,-0.061655,0.061776
-0.000349,0.002843,-0.067525,0.061098
-0.005262,-0.002840,-0.068543,0.055559
-0.002278,-0.001172,-0.068906,0.065733
-0.002283,-0.001752,-0.066746,0.061924
-0.000712,0.001914,-0.067802,0.061474
-0.000504,0.000001,-0.064059,0.066563
0.002584,0.002030,-0.058638,0.065779
0.001737,0.001049,-0.064394,0.063733
0.001447,-0.000680,-0.058220,0.063512
-0.000668,-0.000594,-0.067416,0.062211
-0.000538,-0.001100,-0.061429,0.061832
-0.005069,-0.004605,-0.070751,0.059853
0.001704,0.000743,-0.064273,0.062746
0.000116,-0.000907,-0.064858,0.068158
0.003577,0.002190,-0.059808,0.068465
-0.003319,-0.002874,-0.072322,0.060117
-0.001370,0.001948,-0.067977,0.059421
0.001456,0.002035,-0.060451,0.063795
0.002073,0.001489,-0.059657,0.065325
0.001915,0.000211,-0.062527,0.067017
-0.000615,-0.000514,-0.068254,0.064077
0.000940,0.001576,-0.061043,0.062962
-0.000581,-0.001568,-0.061388,0.063273
0.000968,0.001102,-0.066721,0.063994
-0.000224,0.000237,-0.065167,0.064434
-0.002773,-0.002578,-0.069930,0.064213
-0.000274,-0.000102,-0.064689,0.062761
-0.001018,-0.001631,-0.065486,0.067355
-0.000995,-0.000325,-0.063977,0.062750
0.001019,0.000861,-0.065556,0.067808
0.000090,-0.001333,-0.066819,0.065497
-0.002093,-0.001753,-0.065266,0.059773
-0.002572,-0.000637,-0.064357,0.058331
0.004070,0.004972,-0.060747,0.069770
0.002391,0.003513,-0.063175,0.061904
0.001441,0.000604,-0.064616,0.064834
0.000402,0.000994,-0.064303,0.064667
0.002447,0.001608,-0.062227,0.070259
0.000581,0.000511,-0.062398,0.065646
-0.001779,-0.002320,-0.069177,0.067237
-0.006238,-0.005183,-0.076830,0.058416
0.002781,0.001709,-0.062732,0.068738
0.000646,0.001134,-0.063522,0.064856
-0.000351,0.001350,-0.064677,0.063325
0.001177,-0.000362,-0.063729,0.064861
-0.000715,0.000163,-0.066095,0.065394
0.003984,0.001560,-0.058209,0.065995
-0.003513,-0.001192,-0.073740,0.060278
0.001418,0.000058,-0.058799,0.062376
-0.002322,-0.000909,-0.068778,0.061760
-0.001202,0.000235,-0.068889,0.063903
0.002574,0.000317,-0.054975,0.067912
-0.000365,0.000230,-0.060871,0.062879
-0.000887,-0.001217,-0.063970,0.066300
-0.001375,-0.000146,-0.064516,0.059560
0.004044,0.003163,-0.059108,0.072573
-0.003437,-0.002780,-0.068490,0.058365
-0.000182,-0.000249,-0.063566,0.065588
0.001511,0.002092,-0.060685,0.065033
0.000285,0.001332,-0.064796,0.063446
-0.001823,-0.001438,-0.068904,0.064644
-0.000443,0.000517,-0.066066,0.060447
0.002707,0.002641,-0.064894,0.068484
-0.001381,-0.000155,-0.066416,0.061679
0.003445,0.002518,-0.062146,0.067854
-0.004177,-0.001896,-0.067379,0.056779
-0.006386,-0.005163,-0.075332,0.059024
-0.000076,-0.000339,-0.066809,0.066942
-0.000681,-0.001177,-0.066632,0.067400
-0.001363,0.000711,-0.064211,0.062146
-0.000071,0.000201,-0.063136,0.064760
-0.000395,-0.001190,-0.067241,0.062666
-0.003152,-0.001166,-0.073772,0.064000
0.001240,0.000659,-0.060667,0.066563
-0.001421,-0.002354,-0.068459,0.065161
-0.000098,0.000327,-0.062627,0.059824
0.003439,0.001905,-0.059150,0.072916
-0.002085,-0.002979,-0.063875,0.064596
0.001153,-0.000242,-0.063761,0.062662
0.001995,0.000045,-0.059725,0.063849
0.001838,0.001028,-0.062464,0.064235
0.000348,0.000319,-0.066622,0.062970
0.000584,-0.000690,-0.065503,0.066038
-0.000080,-0.000438,-0.063295,0.063947
-0.002033,-0.002639,-0.067523,0.063665
-0.000574,0.000656,-0.064731,0.061976
-0.000728,0.001156,-0.067068,0.064022
0.001470,0.000025,-0.062074,0.067560
-0.000275,-0.001043,-0.062822,0.064025
0.001906,0.001077,-0.061370,0.067628
0.000574,0.001603,-0.062970,0.064671
0.003456,0.001851,-0.059203,0.068504
0.001302,0.001809,-0.061724,0.063133
-0.001748,-0.001928,-0.065684,0.067237
-0.001547,-0.001563,-0.064672,0.064838
-0.001117,-0.000536,-0.064740,0.060064
0.001422,0.001872,-0.061252,0.063087
0.001976,0.001895,-0.059686,0.065449
0.002122,0.001513,-0.065072,0.067333
-0.000201,-0.000344,-0.069724,0.065554
-0.000652,-0.001176,-0.063219,0.064220
-0.000130,-0.000433,-0.063392,0.064397
0.001318,0.001266,-0.064604,0.064517
-0.000186,0.000376,-0.060845,0.062184
-0.001063,0.001400,-0.063870,0.062672
0.001485,0.001354,-0.064158,0.067338
-0.001556,-0.000577,-0.064849,0.058926
0.002256,0.000184,-0.060512,0.065748
0.000491,0.000118,-0.064908,0.069436
-0.000266,-0.000478,-0.066322,0.066746
0.001941,0.000693,-0.058303,0.064124
-0.001083,0.000535,-0.069668,0.066603
0.001816,0.001189,-0.058065,0.065909
0.003964,0.003070,-0.058508,0.065529
-0.000853,0.000519,-0.067395,0.061706
-0.001636,-0.000604,-0.065095,0.065598
-0.001097,-0.001695,-0.067872,0.063836
-0.001270,-0.000780,-0.065705,0.063212
0.002250,0.000179,-0.062261,0.064132
0.000557,0.000544,-0.059751,0.065058
0.000899,0.001431,-0.069068,0.066203
0.001708,-0.000368,-0.060067,0.066065
0.004000,0.001579,-0.060209,0.070348
-0.000507,-0.001006,-0.064968,0.069273
0.001120,-0.000335,-0.063178,0.067517
0.004293,0.001338,-0.059256,0.070432
-0.000324,0.000896,-0.062850,0.059606
-0.001706,-0.002150,-0.067674,0.068798
0.002114,0.002625,-0.061021,0.064568
0.000235,-0.000641,-0.062819,0.065305
-0.002464,-0.002607,-0.067959,0.060741
-0.004627,-0.005446,-0.067084,0.057426
-0.000026,0.000315,-0.069398,0.067749
-0.000048,-0.001639,-0.065936,0.064518
0.000097,-0.000550,-0.064869,0.062850
0.002480,0.002242,-0.061454,0.067727
-0.000109,0.001609,-0.061736,0.067464
-0.001316,-0.001443,-0.068006,0.063063
0.001815,0.001567,-0.067296,0.070544
-0.003428,-0.002205,-0.063493,0.060549
0.002107,-0.000596,-0.061798,0.069068
0.000333,0.000411,-0.063277,0.066176
0.001854,0.000503,-0.061732,0.061439
0.000990,-0.000870,-0.061253,0.068095
0.000058,-0.001065,-0.065751,0.059573
0.003800,0.000489,-0.057775,0.065929
0.000721,0.000263,-0.069096,0.067617
-0.001735,-0.000669,-0.062224,0.058271
0.000722,0.000856,-0.064820,0.064651
-0.000190,0.001014,-0.062277,0.063878
-0.001298,0.000030,-0.064819,0.065313
0.002790,0.001581,-0.060654,0.069823
0.004177,0.004287,-0.063547,0.065825
-0.001564,-0.003327,-0.066095,0.065450
-0.001926,-0.002462,-0.062068,0.063722
-0.001160,-0.001122,-0.064099,0.063014
-0.002398,-0.000145,-0.064504,0.058176
-0.002152,-0.001883,-0.064395,0.060750
-0.000299,-0.000418,-0.065741,0.061997
-0.002602,-0.002696,-0.070690,0.062319
-0.001463,-0.003192,-0.066794,0.064645
-0.001268,-0.002301,-0.067715,0.062987
0.004155,0.002599,-0.057648,0.068188
0.000841,0.001351,-0.067391,0.061877
0.000890,0.001617,-0.062628,0.066117
0.002080,0.000823,-0.060222,0.068076
0.000253,0.001212,-0.067696,0.066987
0.000389,-0.000802,-0.064865,0.069970
-0.000681,-0.000480,-0.064644,0.058415
-0.000544,-0.000130,-0.067794,0.065334
-0.000304,-0.000298,-0.065612,0.068317
0.001781,0.000600,-0.063326,0.059606
0.001789,0.001804,-0.067261,0.064850
-0.002584,-0.001065,-0.069582,0.059295
0.000588,-0.000643,-0.065547,0.061732
-0.000374,0.000410,-0.064097,0.062692
0.001292,-0.000784,-0.063038,0.065086
0.001326,0.000674,-0.064952,0.066527
0.000289,-0.000342,-0.067210,0.065407
0.000779,-0.000651,-0.059843,0.066690
0.001168,0.000980,-0.060955,0.068004
0.002255,0.001445,-0.064549,0.071183
-0.002751,-0.001361,-0.070438,0.062288
-0.000172,-0.001159,-0.061500,0.061472
0.002827,0.000961,-0.065776,0.068681
0.001135,0.000435,-0.061173,0.063907
-0.001612,-0.000846,-0.065695,0.059082
0.000104,-0.000331,-0.063875,0.065945
0.002469,0.001079,-0.060588,0.064635
-0.003927,-0.003548,-0.066703,0.058858
0.003489,0.002783,-0.060515,0.072175
0.001621,0.000980,-0.063731,0.065253
0.003635,0.003701,-0.060407,0.066575
0.001275,0.000833,-0.064912,0.067259
-0.003046,-0.001115,-0.066707,0.058969
-0.000224,-0.000895,-0.061006,0.061963
0.000831,0.000359,-0.062677,0.063300
0.002065,0.001334,-0.062364,0.062712
0.000840,-0.000800,-0.061123,0.066702
0.001122,0.002684,-0.064517,0.067279
-0.000949,-0.000336,-0.062982,0.060005
0.002426,0.001853,-0.063751,0.067986
0.000763,-0.000264,-0.064536,0.063972
0.001153,-0.000201,-0.062125,0.066602
-0.000774,0.000527,-0.066945,0.063168
-0.004219,-0.000406,-0.072152,0.056933
0.004333,0.001967,-0.058079,0.067771
0.000769,0.000835,-0.070660,0.067341
-0.002012,-0.002141,-0.069081,0.064066
0.003172,0.002047,-0.057942,0.065447
-0.000278,0.000718,-0.065884,0.062487
0.001114,0.003435,-0.063035,0.064367
0.000622,0.000106,-0.064041,0.063064
-0.000239,0.000617,-0.062869,0.065116
0.001824,0.001420,-0.061801,0.066805
-0.000060,-0.001355,-0.065123,0.066539
0.000978,0.000250,-0.062583,0.062547
0.001479,0.000536,-0.062540,0.063764
0.002129,0.001391,-0.066491,0.071991
-0.000753,-0.001462,-0.066883,0.066647
0.003365,0.001528,-0.055799,0.066726
-0.003679,-0.003387,-0.065658,0.061405
0.001189,0.001754,-0.060282,0.062229
-0.002540,-0.000460,-0.065700,0.059783
-0.000334,0.000933,-0.067453,0.067997
-0.004694,-0.003396,-0.070396,0.055760
-0.001604,-0.001040,-0.065370,0.066720
-0.003078,-0.001352,-0.070503,0.058497
-0.002826,-0.002632,-0.070617,0.062818
0.000608,-0.000122,-0.062990,0.065450
0.002003,0.002225,-0.062898,0.067571
-0.001919,-0.000660,-0.073920,0.064246
-0.001602,-0.003238,-0.064565,0.061943
0.000577,-0.000425,-0.063158,0.065026
0.001782,0.000703,-0.061110,0.068770
-0.002362,-0.000444,-0.067483,0.062644
-0.001718,-0.000741,-0.071282,0.062877
0.003250,0.003433,-0.058623,0.068421
0.000310,0.001545,-0.064350,0.064672
-0.000782,-0.000109,-0.068973,0.063261
0.001038,0.002113,-0.064812,0.067840
-0.001398,-0.001969,-0.065370,0.065027
0.000414,0.000220,-0.063436,0.065896
0.000438,0.000277,-0.060555,0.065306
-0.000002,-0.000536,-0.060956,0.060879
0.000672,0.001587,-0.062102,0.061779
0.000857,0.000892,-0.062111,0.063083
-0.003805,-0.002488,-0.071077,0.063780
-0.001535,-0.001567,-0.064565,0.058371
0.000371,0.000846,-0.062581,0.065092
0.001901,0.001219,-0.060127,0.067223
0.004326,0.002765,-0.063281,0.069244
-0.000413,-0.000796,-0.067776,0.069605
-0.000122,0.000664,-0.063008,0.063798
0.000230,0.000353,-0.065114,0.066821
-0.000197,-0.001628,-0.070057,0.064942
0.000483,0.000198,-0.061942,0.060820
0.000507,0.000582,-0.061113,0.066424
-0.000117,-0.002516,-0.063330,0.065925
0.000705,-0.001583,-0.063764,0.061963
0.000399,0.002134,-0.062776,0.060660
0.000834,0.001810,-0.060492,0.062580
0.000768,-0.001727,-0.062164,0.067302
-0.003854,-0.002084,-0.070585,0.063209
0.002089,0.001962,-0.062319,0.066129
0.001781,0.000865,-0.065031,0.067175
-0.001488,-0.000857,-0.061308,0.063709
0.000613,0.000916,-0.062210,0.064876
0.003621,0.002302,-0.065951,0.068123
-0.000271,-0.001024,-0.066495,0.065680
-0.002456,-0.000964,-0.064485,0.060639
0.001236,0.000593,-0.063462,0.065383
-0.001916,-0.000549,-0.068170,0.064968
0.001824,-0.000106,-0.065042,0.069192
-0.000405,-0.000648,-0.066845,0.068946
-0.000890,-0.000308,-0.060840,0.062568
0.002906,0.000427,-0.060220,0.070244
0.001625,0.002222,-0.063940,0.067640
-0.000713,-0.000146,-0.064693,0.060299
-0.000515,-0.000856,-0.062564,0.063827
-0.000374,0.001250,-0.066660,0.064243
-0.000616,-0.001651,-0.062631,0.066442
-0.000901,-0.000454,-0.066992,0.062703
0.000742,0.001242,-0.062893,0.068484
-0.001047,-0.001485,-0.061360,0.062295
0.001791,-0.000625,-0.060578,0.066957
-0.000472,0.002433,-0.069389,0.062778
0.000561,0.000028,-0.066652,0.063879
0.000485,0.001769,-0.061216,0.064256
0.002204,0.002910,-0.060550,0.064452
0.000810,0.000897,-0.060730,0.065251
0.001387,0.000699,-0.060641,0.065885
-0.002510,-0.001480,-0.065152,0.060305
-0.002104,-0.000626,-0.067060,0.062660
-0.000754,0.000062,-0.068682,0.066147
-0.000771,-0.000209,-0.064453,0.064701
-0.002032,-0.001554,-0.067150,0.062756
-0.000494,-0.000609,-0.061383,0.063003
-0.000176,0.000398,-0.061430,0.063451
0.002312,0.000960,-0.065457,0.069752
-0.001872,-0.002975,-0.063321,0.069020
0.000296,-0.000900,-0.063785,0.067099
0.001027,0.001100,-0.066034,0.066201
0.003094,0.002710,-0.062441,0.067911
-0.001469,0.000655,-0.065743,0.067536
-0.000294,0.000462,-0.062311,0.061955
0.000609,0.001414,-0.069972,0.067569
0.001321,0.001304,-0.061613,0.064598
-0.000813,-0.001434,-0.063708,0.062703
0.001996,0.000631,-0.061613,0.066033
0.001063,-0.001337,-0.058605,0.065966
0.000552,0.001808,-0.065473,0.068435
0.000174,0.000587,-0.063510,0.065035
0.002427,0.000580,-0.061204,0.068824
0.001386,0.002595,-0.065347,0.065439
-0.000625,-0.000656,-0.063826,0.062117
-0.001324,-0.000481,-0.065228,0.064960
0.000531,-0.000125,-0.065996,0.065668
0.002110,0.001955,-0.062153,0.064437
-0.004222,-0.002597,-0.071900,0.065751
-0.000179,-0.000693,-0.067682,0.067077
0.000911,0.000666,-0.065297,0.066272
0.000810,-0.000145,-0.067161,0.067109
0.001269,0.000883,-0.065144,0.063801
0.002919,0.002946,-0.060571,0.066953
0.000914,0.001083,-0.061015,0.061138
0.003256,0.001111,-0.061736,0.069116
0.000345,-0.000458,-0.065890,0.065865
-0.000408,0.000055,-0.063134,0.063497
0.001829,0.001041,-0.060587,0.065193
-0.000681,0.001054,-0.066300,0.063954
-0.002381,-0.000126,-0.068044,0.061701
-0.001851,-0.000671,-0.066220,0.063945
-0.000804,-0.000220,-0.068042,0.063453
0.002775,0.001888,-0.059724,0.066337
-0.002457,-0.003020,-0.066716,0.060971
0.000151,-0.000864,-0.067971,0.067293
0.001793,0.000407,-0.062013,0.067580
-0.000296,-0.000710,-0.067945,0.067075
-0.000065,0.000443,-0.068024,0.066013
0.000822,0.000000,-0.062683,0.065531
0.001192,-0.000634,-0.058960,0.065493
-0.000929,0.000529,-0.067845,0.062101
-0.001390,-0.000383,-0.067837,0.061267
-0.001569,-0.002115,-0.062858,0.058178
0.001196,0.000180,-0.063153,0.071403
-0.000448,-0.000028,-0.061106,0.064854
-0.000475,0.000100,-0.069640,0.064810
-0.000785,-0.002031,-0.066593,0.065352
-0.000893,-0.001330,-0.061152,0.064549
-0.001552,-0.000616,-0.065394,0.060245
-0.001080,0.000105,-0.066656,0.059099
0.003583,0.002054,-0.057595,0.067502
-0.000647,-0.000245,-0.063187,0.062649
-0.003029,-0.001853,-0.069296,0.057885
-0.000518,-0.001344,-0.067340,0.064592
-0.000682,-0.000277,-0.062927,0.061754
-0.000275,-0.000711,-0.067823,0.059342
-0.002079,-0.001447,-0.067061,0.061000
-0.002352,-0.002438,-0.066313,0.062875
0.000289,0.000725,-0.063431,0.073454
0.000153,0.001156,-0.058855,0.064474
0.002083,0.001362,-0.062770,0.062209
0.002624,0.000971,-0.059419,0.068015
-0.001392,0.000193,-0.068589,0.062504
-0.000450,-0.000145,-0.065965,0.061498
-0.001922,-0.001621,-0.068601,0.063437
0.001088,0.001051,-0.067373,0.071200
-0.002197,-0.000068,-0.066610,0.056032
0.001846,-0.000139,-0.060873,0.067744
-0.000154,0.001089,-0.066741,0.061651
0.001906,0.001471,-0.058347,0.067180
-0.001232,0.000016,-0.069372,0.061615
