0.514670,0.522772,0.110234,0.899139
0.503098,0.509235,0.111605,0.893833
0.508284,0.521150,0.108965,0.900318
0.498150,0.493805,0.101830,0.905489
0.521419,0.539965,0.110359,0.908074
0.494898,0.490728,0.100745,0.905165
0.506305,0.503446,0.103263,0.907016
0.501643,0.510324,0.087633,0.911649
0.514138,0.528501,0.113126,0.900410
0.505327,0.500614,0.106855,0.897284
0.499611,0.507285,0.092701,0.895783
0.486252,0.475856,0.093175,0.891797
0.506149,0.519499,0.099703,0.907710
0.500338,0.504890,0.094607,0.900062
0.505502,0.496430,0.107194,0.895193
0.497459,0.495018,0.102330,0.902888
0.475293,0.461691,0.078784,0.892877
0.501411,0.500304,0.097531,0.909590
0.512066,0.508688,0.120403,0.910836
0.485790,0.475980,0.089795,0.893550
0.498097,0.485992,0.101114,0.905987
0.500273,0.510397,0.100388,0.899814
0.496652,0.486222,0.103754,0.906481
0.481845,0.474151,0.088482,0.891097
0.504233,0.512277,0.109354,0.902352
0.501695,0.505443,0.100507,0.894474
0.495187,0.495474,0.089910,0.901725
0.490486,0.476076,0.098075,0.894421
0.507631,0.520677,0.104602,0.902773
0.510730,0.530164,0.102914,0.901696
0.517830,0.527393,0.114081,0.908382
0.512163,0.528249,0.101616,0.894415
0.499693,0.505678,0.099513,0.904951
0.497424,0.483946,0.103916,0.878130
0.502640,0.506645,0.108053,0.899419
0.503247,0.507148,0.089688,0.909291
0.508397,0.514743,0.107264,0.897798
0.513057,0.520256,0.103117,0.908216
0.500069,0.503810,0.086268,0.901201
0.517846,0.534387,0.105599,0.905077
0.493129,0.490592,0.092705,0.895081
0.507711,0.514339,0.108468,0.897755
0.498878,0.500144,0.093209,0.904424
0.503068,0.508785,0.096924,0.903698
0.501033,0.502425,0.107583,0.892212
0.480998,0.471176,0.092228,0.893336
0.509125,0.517831,0.095922,0.904313
0.508267,0.511184,0.094488,0.909921
0.487854,0.484897,0.100559,0.888555
0.479333,0.471276,0.084493,0.877112
0.497216,0.491505,0.096316,0.894957
0.509353,0.516655,0.112080,0.906199
0.498479,0.492284,0.098287,0.900127
0.482744,0.481256,0.096439,0.894315
0.504642,0.501398,0.099553,0.901271
0.485206,0.475211,0.086719,0.890155
0.521606,0.521064,0.102271,0.914601
0.504124,0.512695,0.095376,0.911100
0.495746,0.485153,0.106052,0.899907
0.497698,0.490510,0.096421,0.902437
0.489241,0.490811,0.081883,0.904452
0.478382,0.469530,0.084657,0.896097
0.498158,0.497921,0.097761,0.899429
0.510577,0.515464,0.105033,0.895740
0.498161,0.488572,0.095435,0.894745
0.498543,0.496465,0.100690,0.900896
0.478554,0.468283,0.088498,0.885411
0.497070,0.479547,0.100861,0.898602
0.526828,0.533051,0.129883,0.912552
0.499741,0.512008,0.089383,0.899529
0.501966,0.508082,0.092131,0.890286
0.498907,0.505367,0.098304,0.894094
0.507745,0.509814,0.105748,0.902008
0.485141,0.479609,0.091062,0.894931
0.498187,0.493554,0.105691,0.892546
0.499786,0.486990,0.103063,0.910145
0.523811,0.535410,0.112288,0.910554
0.493996,0.490385,0.097457,0.894572
0.474929,0.462577,0.095064,0.881501
0.491459,0.485985,0.093493,0.890305
0.494616,0.494655,0.093523,0.890894
0.494458,0.483361,0.111490,0.890245
0.487082,0.485146,0.100503,0.896506
0.490798,0.480278,0.085569,0.891825
0.502524,0.512954,0.104115,0.895077
0.493725,0.486429,0.099899,0.889081
0.494337,0.485403,0.097767,0.889892
0.496500,0.499277,0.096335,0.894335
0.500138,0.503572,0.105911,0.894303
0.497275,0.501088,0.112494,0.897344
0.502326,0.502214,0.087077,0.892792
0.491353,0.480746,0.089118,0.891389
0.481930,0.470974,0.093630,0.887847
0.499461,0.509873,0.101613,0.893660
0.507950,0.518405,0.094982,0.914573
0.496973,0.488984,0.098686,0.896908
0.506768,0.505357,0.109153,0.896591
0.487671,0.483080,0.091102,0.892124
0.506740,0.510617,0.096387,0.902508
0.491843,0.485228,0.094434,0.901196
0.507564,0.507812,0.107222,0.906843
0.496691,0.499793,0.096880,0.876709
0.496586,0.495061,0.091935,0.895326
0.497552,0.498320,0.106618,0.899689
0.491497,0.486833,0.097914,0.894027
0.493307,0.499608,0.084606,0.907802
0.491263,0.490720,0.095450,0.883430
0.503755,0.497671,0.109612,0.898157
0.486111,0.473505,0.095667,0.890129
0.492158,0.501454,0.092104,0.909349
0.519819,0.521239,0.111971,0.909779
0.498677,0.499641,0.090662,0.888056
0.493135,0.490333,0.099170,0.881235
0.495889,0.496172,0.107314,0.895174
0.489579,0.482458,0.098546,0.903638
0.477655,0.462945,0.092477,0.880324
0.503062,0.510107,0.106097,0.895412
0.505786,0.503513,0.117494,0.902395
0.497884,0.496013,0.110169,0.904916
0.520368,0.537055,0.109527,0.907069
0.515020,0.534125,0.105138,0.905667
0.489500,0.485680,0.097821,0.877728
0.511708,0.515524,0.097546,0.913853
0.492776,0.494926,0.106630,0.894527
0.498295,0.485053,0.096148,0.912873
0.498930,0.507838,0.091104,0.894799
0.509764,0.510359,0.101214,0.903821
0.511412,0.518147,0.112211,0.902674
0.496768,0.486891,0.095997,0.900283
0.506237,0.505120,0.096231,0.903303
0.511205,0.520219,0.101232,0.906398
0.509854,0.507513,0.114178,0.899018
0.487624,0.475274,0.095814,0.897075
0.517339,0.519327,0.100537,0.919513
0.502772,0.509739,0.094206,0.903541
0.508331,0.509317,0.102514,0.909461
0.500786,0.496738,0.102698,0.896682
0.505375,0.513015,0.112159,0.901787
0.485583,0.479581,0.093454,0.895807
0.497091,0.494555,0.099064,0.900543
0.502429,0.515336,0.099727,0.905189
0.500564,0.509599,0.105197,0.887104
0.498637,0.501905,0.091164,0.904558
0.494922,0.489675,0.106526,0.880652
0.497827,0.488371,0.106077,0.897272
0.502850,0.511038,0.093018,0.893046
0.534430,0.564223,0.121621,0.910847
0.503898,0.504645,0.101443,0.895409
0.492364,0.482878,0.100562,0.908085
0.518955,0.524814,0.107869,0.899853
0.510219,0.510474,0.105686,0.912992
0.504543,0.508110,0.108575,0.907008
0.504357,0.515275,0.106518,0.895265
0.516358,0.517670,0.111717,0.896090
0.508123,0.519706,0.108995,0.900419
0.496422,0.499657,0.102753,0.904372
0.482075,0.473136,0.085701,0.887778
0.498936,0.500815,0.101065,0.898863
0.492532,0.495330,0.102494,0.895731
0.493485,0.486675,0.094714,0.899388
0.505144,0.496822,0.108471,0.920008
0.490527,0.480734,0.098964,0.888386
0.493049,0.485076,0.088522,0.897451
0.507554,0.506612,0.115042,0.893046
0.492853,0.486267,0.090380,0.893781
0.515921,0.526809,0.101987,0.909025
0.503895,0.503801,0.092194,0.916018
0.498212,0.497631,0.108595,0.890254
0.499794,0.498214,0.098394,0.895257
0.496510,0.477715,0.104027,0.894870
0.475965,0.462953,0.095353,0.889996
0.484749,0.481229,0.094044,0.887271
0.505729,0.521047,0.094780,0.896532
0.499484,0.503614,0.093297,0.903331
0.500148,0.510226,0.095215,0.901126
0.485140,0.481926,0.096490,0.869357
0.495676,0.489519,0.097612,0.895701
0.488113,0.501916,0.078192,0.898438
0.499681,0.491792,0.099375,0.908884
0.502649,0.500764,0.101471,0.903500
0.516901,0.516783,0.116808,0.910178
0.493735,0.489841,0.099006,0.881978
0.518703,0.529221,0.110014,0.904343
0.504280,0.499275,0.106265,0.906743
0.523109,0.526682,0.118610,0.901120
0.494488,0.494728,0.103768,0.893670
0.511849,0.520337,0.113451,0.886619
0.520891,0.534869,0.108282,0.910809
0.506330,0.503630,0.106023,0.911084
0.516352,0.531396,0.119278,0.907651
0.474306,0.463315,0.094330,0.880339
0.529953,0.535194,0.116550,0.909543
0.524717,0.545077,0.120314,0.906392
0.490579,0.479706,0.085280,0.910489
0.493239,0.485230,0.085936,0.901561
0.497304,0.498463,0.094058,0.901447
0.503717,0.501951,0.097642,0.908942
0.510524,0.518465,0.101217,0.904729
0.494228,0.491115,0.102025,0.896475
0.477348,0.461557,0.087190,0.892353
0.485689,0.478172,0.102464,0.895519
0.496225,0.502819,0.100366,0.887806
0.505781,0.520388,0.091022,0.895999
0.503015,0.515498,0.097532,0.898171
0.492083,0.490457,0.090995,0.879165
0.499958,0.500563,0.100688,0.897128
0.488799,0.471253,0.099549,0.900122
0.485282,0.485807,0.093066,0.894074
0.505555,0.521123,0.091150,0.902250
0.490765,0.488209,0.086980,0.896294
0.510430,0.515768,0.104235,0.897517
0.523259,0.528454,0.132052,0.895252
0.505699,0.514626,0.103120,0.885171
0.511842,0.514726,0.125878,0.891507
0.502037,0.487351,0.102372,0.908982
0.518386,0.523800,0.117443,0.910682
0.522397,0.542038,0.115681,0.911599
0.496844,0.502014,0.098224,0.896195
0.488959,0.481483,0.088524,0.900361
0.505763,0.507184,0.101151,0.900345
0.511681,0.528930,0.091951,0.912631
0.497738,0.502366,0.099277,0.887938
0.507801,0.511231,0.105828,0.902886
0.480663,0.472444,0.092348,0.890716
0.508963,0.520913,0.098201,0.896845
0.498456,0.504620,0.099667,0.903079
0.518513,0.520099,0.110341,0.915853
0.508712,0.518454,0.104793,0.901063
0.497837,0.504478,0.104099,0.883140
0.503760,0.506378,0.101431,0.910839
0.487428,0.489713,0.093942,0.893824
0.477716,0.474294,0.075286,0.890020
0.496115,0.494502,0.103238,0.901416
0.504605,0.503401,0.088178,0.906997
0.501828,0.501326,0.112002,0.899364
0.480144,0.469086,0.092510,0.885943
0.505141,0.510411,0.109315,0.898764
0.487400,0.468319,0.100439,0.894243
0.476522,0.467380,0.084163,0.879915
0.503522,0.511748,0.088044,0.903982
0.498346,0.499412,0.101433,0.904042
0.494758,0.490523,0.095463,0.881593
0.495804,0.498914,0.086984,0.892411
0.479366,0.466013,0.082794,0.902740
0.510921,0.514823,0.108289,0.905743
0.494532,0.497533,0.098540,0.898569
0.483034,0.480346,0.080746,0.896468
0.503131,0.512115,0.092157,0.913207
0.518223,0.530361,0.114631,0.903495
0.514387,0.522450,0.104143,0.902048
0.493025,0.482540,0.097521,0.904427
0.500830,0.505237,0.102617,0.890968
0.506480,0.507622,0.111849,0.898375
0.509208,0.519917,0.107802,0.909977
0.516084,0.532825,0.124598,0.909106
0.508176,0.519572,0.106855,0.897176
0.481853,0.467654,0.086854,0.889682
0.523468,0.538349,0.107443,0.898281
0.508898,0.517471,0.112595,0.898297
0.504621,0.514299,0.092561,0.904514
0.498186,0.499334,0.097377,0.894767
0.505386,0.513287,0.109685,0.910407
0.519954,0.534197,0.112922,0.902202
0.502804,0.503842,0.103912,0.896230
0.487455,0.481729,0.085437,0.891349
0.488275,0.480683,0.112159,0.880613
0.489838,0.488019,0.096840,0.891088
0.503087,0.502323,0.109062,0.898076
0.493595,0.488257,0.108474,0.890883
0.493318,0.501695,0.103299,0.888145
0.502789,0.512391,0.094277,0.891103
0.508198,0.508095,0.108848,0.906875
0.491213,0.489124,0.102542,0.889739
0.503982,0.500807,0.100775,0.910753
0.496983,0.479391,0.103770,0.902031
0.511057,0.527994,0.102383,0.908800
0.513269,0.521114,0.112753,0.914513
0.502912,0.510706,0.095274,0.906562
0.495224,0.493266,0.106135,0.890348
0.485636,0.490844,0.099852,0.873068
0.519280,0.530601,0.106416,0.904546
0.499845,0.501592,0.103386,0.900925
0.497600,0.499908,0.086819,0.894684
0.486734,0.479791,0.082232,0.891810
0.503107,0.501305,0.089972,0.906239
0.480606,0.461040,0.098045,0.896378
0.498415,0.492896,0.110170,0.900572
0.488333,0.489378,0.099038,0.892873
0.490433,0.484806,0.101117,0.901485
0.477180,0.462573,0.084840,0.896705
0.504078,0.514845,0.091053,0.912040
0.479194,0.487208,0.078530,0.887643
0.468546,0.444282,0.082875,0.891761
0.505173,0.505131,0.097339,0.901066
0.499683,0.502413,0.105344,0.902681
0.498500,0.497428,0.099654,0.898390
0.512455,0.524941,0.100875,0.905719
0.482629,0.466467,0.097482,0.889212
0.496481,0.485394,0.095316,0.893750
0.495538,0.492214,0.091859,0.899527
0.496112,0.493529,0.105857,0.894961
0.501141,0.507170,0.094073,0.897927
0.499027,0.494906,0.104225,0.887652
0.503904,0.503304,0.092912,0.901680
0.494239,0.495520,0.093473,0.889812
0.488649,0.501332,0.073610,0.903313
0.510743,0.527443,0.097421,0.907811
0.499806,0.509750,0.090166,0.901838
0.493738,0.492830,0.102126,0.897643
0.487017,0.473941,0.091815,0.895095
0.493763,0.495664,0.099691,0.892907
0.511394,0.523947,0.107872,0.913964
0.488204,0.485444,0.093362,0.894216
0.500958,0.496509,0.106069,0.908449
0.503743,0.504160,0.104597,0.908839
0.498176,0.498018,0.099966,0.903680
0.503541,0.505535,0.096880,0.903375
0.510081,0.516296,0.106053,0.904289
0.479112,0.477314,0.093522,0.872712
0.500650,0.511927,0.093479,0.889288
0.492087,0.491373,0.098406,0.887693
0.501217,0.505383,0.111396,0.896596
0.511418,0.515704,0.123320,0.911155
0.498182,0.493873,0.102627,0.893960
0.490157,0.492403,0.093286,0.893589
0.491626,0.481260,0.084043,0.895243
0.482981,0.475794,0.082391,0.895565
0.497624,0.491180,0.103853,0.901418
0.493619,0.498726,0.093932,0.908652
0.498785,0.494600,0.094568,0.900134
0.499658,0.499087,0.104787,0.907967
0.486274,0.468361,0.098295,0.886560
0.517833,0.538650,0.107774,0.910630
0.492544,0.502729,0.092913,0.895926
0.485045,0.478120,0.091994,0.891321
0.510955,0.519521,0.105730,0.906522
0.510443,0.500522,0.107828,0.914811
0.504269,0.509201,0.110413,0.906767
0.498176,0.493508,0.099226,0.908749
0.491243,0.474056,0.087428,0.895566
0.498760,0.495260,0.100733,0.893649
0.500970,0.499599,0.106825,0.898948
0.516979,0.518380,0.113747,0.905026
0.510208,0.532014,0.103825,0.896658
0.528298,0.534436,0.121929,0.918147
0.515415,0.518446,0.114840,0.912346
0.515873,0.520961,0.129206,0.895448
0.517965,0.514455,0.111441,0.911540
0.500642,0.499410,0.097566,0.914525
0.497464,0.502577,0.098509,0.904917
0.489108,0.479792,0.092063,0.897123
0.497354,0.493544,0.091935,0.900196
0.510910,0.509479,0.112604,0.914806
0.510735,0.514238,0.109255,0.905564
0.501226,0.499784,0.107799,0.896509
0.503357,0.508592,0.099968,0.904129
0.494073,0.496470,0.095486,0.898145
0.507953,0.508003,0.099235,0.910495
0.512432,0.512457,0.111767,0.910565
0.501856,0.500742,0.099921,0.899501
0.497000,0.500680,0.096347,0.896824
0.507999,0.510479,0.110929,0.893831
0.491722,0.487720,0.090843,0.899481
0.511074,0.520902,0.106835,0.905976
0.509792,0.511443,0.112121,0.912975
0.496154,0.496878,0.096556,0.905935
0.478448,0.469164,0.091959,0.879964
0.496671,0.487622,0.099822,0.904196
0.481661,0.481482,0.081811,0.879097
0.504219,0.521469,0.095917,0.903976
0.483039,0.470561,0.099757,0.896444
0.497089,0.496828,0.107796,0.895632
0.522567,0.527387,0.100603,0.911087
0.514161,0.526745,0.099999,0.909517
0.501370,0.490363,0.096920,0.897887
0.495062,0.493168,0.105760,0.898964
0.501764,0.501463,0.094778,0.902067
0.518681,0.534072,0.113607,0.900308
0.500763,0.491440,0.103695,0.892766
0.485268,0.480206,0.094211,0.893213
0.476819,0.458707,0.083220,0.885189
0.501020,0.504684,0.107398,0.897283
0.501884,0.504767,0.101913,0.894222
0.504234,0.501799,0.099936,0.900819
0.495679,0.488162,0.097070,0.884265
0.487008,0.481963,0.090028,0.899048
0.493706,0.492717,0.091840,0.900606
0.504901,0.512041,0.105082,0.907654
0.496554,0.492482,0.090842,0.898439
0.507672,0.509264,0.108672,0.911229
0.491181,0.488567,0.082566,0.892402
0.489484,0.485317,0.092902,0.907014
0.493133,0.489478,0.091464,0.887257
0.480175,0.471496,0.095278,0.890238
0.500575,0.496726,0.101035,0.906613
0.497151,0.499950,0.101036,0.898073
0.501755,0.499154,0.106461,0.891228
0.501984,0.508249,0.104791,0.885710
0.498807,0.482524,0.101861,0.913357
0.493089,0.490993,0.100341,0.891870
0.487246,0.478695,0.089810,0.885722
0.497207,0.500072,0.106689,0.892039
0.506599,0.503847,0.113162,0.893942
0.510500,0.516527,0.093493,0.896097
0.493905,0.493323,0.092647,0.889395
0.494324,0.476471,0.096449,0.904011
0.498368,0.492406,0.114727,0.901375
0.503617,0.510663,0.094497,0.905694
0.505569,0.513266,0.098721,0.910651
0.528402,0.536266,0.124267,0.906909
0.511470,0.518682,0.105246,0.905997
0.487801,0.484631,0.096550,0.889504
0.507524,0.501895,0.112749,0.909015
0.504527,0.499026,0.102672,0.904074
0.503166,0.495971,0.100907,0.902527
0.472490,0.461230,0.095171,0.876107
0.503325,0.507213,0.087603,0.908929
0.487834,0.481588,0.097314,0.887562
0.479650,0.473752,0.076552,0.889139
0.513600,0.522946,0.096498,0.920268
0.491094,0.482736,0.093603,0.901920
0.498349,0.499815,0.109796,0.896712
0.512229,0.511888,0.108193,0.906112
0.497459,0.495078,0.104472,0.899382
0.506086,0.517843,0.101495,0.898808
0.488039,0.487361,0.098914,0.888218
0.524513,0.526655,0.130488,0.908625
0.494900,0.491999,0.083424,0.900703
0.494638,0.493306,0.086732,0.895348
0.498974,0.498757,0.100862,0.890571
0.488297,0.480218,0.106287,0.896819
0.484566,0.476928,0.079600,0.895412
0.498250,0.502965,0.085587,0.907853
0.496837,0.491416,0.090451,0.897262
0.516622,0.531690,0.102061,0.904232
0.506901,0.512409,0.107053,0.908819
0.508259,0.500643,0.114992,0.906954
0.486022,0.475609,0.091621,0.895014
0.493541,0.490143,0.092123,0.904285
0.505829,0.507814,0.113098,0.911811
0.482006,0.470251,0.089596,0.882116
0.505168,0.526186,0.095916,0.892624
0.504808,0.509922,0.115061,0.891816
0.491125,0.486087,0.097221,0.886295
0.519271,0.542107,0.114778,0.902632
0.490982,0.484314,0.087667,0.902527
0.494997,0.493558,0.098314,0.893879
0.503520,0.509493,0.096045,0.899812
0.523290,0.531643,0.120840,0.911801
0.499723,0.492381,0.100857,0.905192
0.504785,0.506184,0.113956,0.907583
0.497214,0.504138,0.100928,0.892498
0.503538,0.512762,0.098421,0.892197
0.489589,0.477072,0.103704,0.892673
0.446828,0.422808,0.064969,0.863899
0.491158,0.490550,0.104379,0.902081
0.496930,0.494583,0.099980,0.896329
0.505773,0.500634,0.112520,0.901183
0.497676,0.484281,0.115607,0.888392
0.514583,0.517434,0.091552,0.930597
0.508165,0.525174,0.100792,0.913291
0.512861,0.533754,0.096337,0.904314
0.493025,0.494165,0.103548,0.884221
0.515625,0.517641,0.114317,0.912407
0.511497,0.515302,0.103254,0.915129
0.505412,0.511669,0.099984,0.895885
0.528053,0.548559,0.117836,0.913984
0.499941,0.495919,0.110764,0.883663
0.499391,0.490740,0.100682,0.893563
0.493429,0.495341,0.087771,0.881317
0.501606,0.504880,0.104631,0.905028
0.507576,0.519006,0.102477,0.896409
0.504406,0.508857,0.097485,0.909110
0.495248,0.491477,0.092003,0.905550
0.493616,0.488048,0.101199,0.903694
0.501623,0.504692,0.096891,0.917425
0.501299,0.497082,0.100029,0.895533
0.485186,0.473240,0.098839,0.892263
0.502086,0.507092,0.100605,0.906720
0.488260,0.487178,0.089801,0.891459
0.494845,0.492534,0.098630,0.889603
0.493993,0.490006,0.098398,0.897517
0.512519,0.519875,0.103570,0.897782
0.491425,0.490454,0.099980,0.897730
0.497369,0.492951,0.104879,0.903450
0.495882,0.502571,0.094090,0.900412
0.493145,0.498307,0.084411,0.901141
0.488516,0.486254,0.101622,0.889541
0.499532,0.499021,0.098523,0.889526
0.532575,0.553901,0.108065,0.911177
0.512210,0.511696,0.104612,0.903280
0.500927,0.501167,0.102696,0.901139
0.494918,0.495846,0.091150,0.894857
0.503522,0.494409,0.101332,0.902316
0.490804,0.495431,0.086217,0.892131
0.499652,0.494625,0.101308,0.901393
0.505967,0.518992,0.116850,0.899685
0.496876,0.493208,0.097234,0.897572
0.512577,0.515701,0.111158,0.896769
0.498488,0.504849,0.085055,0.899285
0.486234,0.473007,0.088441,0.897272
0.500582,0.494940,0.093504,0.900633
0.512339,0.509849,0.109836,0.913272
0.520656,0.527111,0.120361,0.906352
0.500923,0.498241,0.099820,0.907267
0.518238,0.525273,0.116127,0.915037
0.510208,0.510433,0.100357,0.913595
0.499526,0.515315,0.090320,0.891062
0.504204,0.499967,0.106756,0.906596
0.503826,0.506312,0.096711,0.897544
0.496436,0.486046,0.103087,0.892446
0.499947,0.500936,0.095590,0.897832
0.497936,0.492287,0.097386,0.897753
0.505748,0.499763,0.111307,0.905505
0.494539,0.484437,0.087317,0.895941
0.522231,0.540183,0.119121,0.912582
0.508796,0.518524,0.091555,0.901218
0.489080,0.487067,0.085792,0.897674
0.508990,0.513331,0.108893,0.893410
0.498732,0.506509,0.101127,0.889259
0.475147,0.459315,0.091122,0.885883
0.491364,0.497457,0.089243,0.898151
0.499658,0.505061,0.105133,0.908083
0.507699,0.511180,0.101589,0.910914
0.486003,0.476267,0.093098,0.882529
0.503385,0.504205,0.105270,0.898343
0.490095,0.482757,0.092519,0.890947
0.515626,0.525283,0.115870,0.907760
0.497747,0.489132,0.101547,0.904507
0.507760,0.508474,0.114602,0.913472
0.516557,0.521743,0.111398,0.914322
0.499677,0.505253,0.096118,0.908453
0.516826,0.518302,0.107887,0.899116
0.503278,0.493111,0.114392,0.901360
0.511864,0.511110,0.101649,0.914360
0.486575,0.472393,0.099392,0.885476
0.489799,0.487829,0.094922,0.883291
0.504312,0.493087,0.104752,0.900613
0.500742,0.514028,0.104370,0.886298
0.501197,0.504033,0.096898,0.904211
0.509815,0.513885,0.103977,0.896558
0.496119,0.492025,0.101672,0.895352
0.506189,0.508542,0.106993,0.908521
0.482675,0.478239,0.085184,0.890376
0.485417,0.482958,0.083567,0.897065
0.501019,0.518866,0.095418,0.888596
0.507566,0.510649,0.122713,0.894547
0.496819,0.505052,0.096813,0.879002
0.502321,0.510259,0.107042,0.902685
0.491304,0.484705,0.105648,0.885487
0.507058,0.515245,0.092387,0.913501
0.486092,0.476676,0.090160,0.901232
0.488699,0.471313,0.100204,0.887612
0.494796,0.495699,0.103990,0.892893
0.480531,0.464977,0.088857,0.896995
0.500100,0.499919,0.105621,0.889723
0.504445,0.513848,0.105520,0.889282
0.491499,0.498515,0.076916,0.891129
0.516814,0.517052,0.109173,0.910132
0.495421,0.488324,0.098440,0.900540
0.501105,0.511500,0.088288,0.904087
0.513393,0.520174,0.105562,0.917275
0.520370,0.519646,0.118966,0.923107
0.500658,0.502756,0.111531,0.891714
0.489584,0.485930,0.096872,0.889349
0.501456,0.493376,0.104459,0.899759
0.514021,0.526601,0.104222,0.904770
0.499026,0.499965,0.099401,0.901670
0.513977,0.525260,0.117255,0.903210
0.498622,0.500074,0.089411,0.898744
0.510906,0.515218,0.097153,0.903803
0.497174,0.486302,0.092852,0.904654
0.498689,0.496310,0.089274,0.895503
0.509703,0.522517,0.103351,0.903589
0.508010,0.514744,0.100821,0.908091
0.505830,0.502074,0.099725,0.911877
0.517191,0.521881,0.102791,0.924733
0.514885,0.522172,0.097819,0.911908
0.494645,0.490596,0.095506,0.885366
0.491443,0.490943,0.093194,0.891989
0.498297,0.490684,0.103023,0.903163
0.498902,0.497050,0.096154,0.904010
0.494753,0.500545,0.104838,0.882667
0.505227,0.503964,0.104715,0.898473
0.509196,0.498346,0.114592,0.903508
0.510382,0.515354,0.111166,0.898516
0.509876,0.508548,0.111838,0.901615
0.508390,0.517686,0.113284,0.914512
0.515386,0.524155,0.117189,0.899667
0.495200,0.488671,0.113146,0.893750
0.499482,0.501336,0.095244,0.898995
0.508334,0.514331,0.104258,0.913244
0.498592,0.497910,0.100531,0.894170
0.486963,0.486199,0.092395,0.889949
0.475262,0.451628,0.083232,0.896046
0.512448,0.510233,0.116051,0.897176
0.504439,0.513675,0.103495,0.902014
0.498317,0.503540,0.091257,0.896285
0.495130,0.498461,0.102703,0.894225
0.510817,0.519950,0.112492,0.897923
0.510978,0.502823,0.115143,0.905822
0.519269,0.532947,0.117277,0.909350
0.505083,0.496878,0.102477,0.906199
0.499087,0.499044,0.092980,0.899181
0.503444,0.492969,0.103257,0.911894
0.520773,0.526436,0.113842,0.907979
0.518090,0.527166,0.104006,0.912401
0.519997,0.532651,0.102384,0.908745
0.503275,0.499457,0.112344,0.902869
0.496353,0.496798,0.095158,0.909088
0.513066,0.529944,0.102986,0.905066
0.514607,0.513339,0.114058,0.906586
0.520191,0.541394,0.102529,0.917589
0.466993,0.448695,0.079987,0.883906
0.498661,0.493271,0.099438,0.904530
0.493478,0.494869,0.102086,0.896306
0.486152,0.482651,0.094212,0.895524
0.505619,0.509137,0.115556,0.899415
0.506585,0.511784,0.093213,0.903029
0.488361,0.477049,0.101985,0.899899
0.493549,0.482193,0.094994,0.910544
0.498279,0.509486,0.097080,0.891238
0.489367,0.481151,0.103885,0.894012
0.494771,0.494509,0.094397,0.891298
0.499865,0.504806,0.100551,0.885695
0.475703,0.475905,0.087665,0.875397
0.499524,0.505612,0.091566,0.898523
0.492414,0.491519,0.084419,0.904067
0.504735,0.507295,0.101705,0.907125
0.511378,0.520546,0.105952,0.910171
0.493830,0.496940,0.105091,0.887600
0.508165,0.519004,0.104373,0.899046
0.512102,0.514074,0.098981,0.911648
0.528674,0.556059,0.108721,0.915793
0.525852,0.541635,0.122057,0.925597
0.496668,0.490511,0.099516,0.898810
0.491186,0.481354,0.102397,0.900883
0.475331,0.466570,0.098353,0.888213
0.494075,0.493999,0.106334,0.886618
0.515269,0.519380,0.113617,0.905456
0.527942,0.539192,0.111338,0.917685
0.486610,0.483814,0.099085,0.900090
0.494158,0.494105,0.092100,0.906206
0.496524,0.484332,0.092966,0.899912
0.502030,0.502272,0.101184,0.903102
0.491013,0.482855,0.094707,0.883225
0.502297,0.500161,0.092577,0.895929
0.484753,0.477979,0.094119,0.881801
0.498149,0.500639,0.092407,0.903988
0.502244,0.522858,0.093979,0.894559
0.497571,0.506789,0.103997,0.888068
0.490375,0.486841,0.087098,0.899167
0.504663,0.507787,0.097492,0.908302
0.510343,0.521737,0.097555,0.896723
0.522357,0.521318,0.114605,0.914223
0.491277,0.488227,0.092614,0.888559
0.492387,0.485037,0.092595,0.896344
0.508204,0.519333,0.097098,0.906251
0.502572,0.495799,0.111089,0.901936
0.491091,0.489542,0.089080,0.891720
0.505621,0.515333,0.110596,0.900276
0.495910,0.491368,0.097040,0.906516
0.516253,0.531741,0.111341,0.899357
0.498000,0.502117,0.092389,0.897168
0.498104,0.494525,0.087654,0.903111
0.497785,0.505529,0.097012,0.897669
0.491068,0.484382,0.095449,0.902607
0.499392,0.490282,0.107984,0.897907
0.479233,0.468029,0.088593,0.893713
0.501200,0.506508,0.111932,0.900815
0.500749,0.498186,0.100875,0.906058
0.511627,0.518556,0.106556,0.895739
0.518599,0.531256,0.111624,0.918694
0.508792,0.523716,0.097747,0.897956
0.499836,0.500986,0.105073,0.896814
0.490751,0.485204,0.093177,0.886589
0.507532,0.525077,0.098755,0.908272
0.504956,0.510364,0.101602,0.898861
0.493113,0.486136,0.092023,0.891792
0.496880,0.495187,0.102978,0.891713
0.501018,0.501808,0.097475,0.897596
0.511151,0.527672,0.093965,0.917866
0.512237,0.510795,0.100754,0.919975
0.517727,0.523061,0.114033,0.908361
0.496540,0.490665,0.103343,0.893830
0.509291,0.520969,0.101416,0.902945
0.480281,0.471342,0.101031,0.890996
0.507609,0.500655,0.108360,0.909495
0.476332,0.465307,0.076398,0.880071
0.486293,0.473068,0.095602,0.887071
0.512342,0.512369,0.110402,0.904325
0.491046,0.491650,0.101770,0.881574
0.505921,0.509776,0.092486,0.906927
0.504157,0.502523,0.110648,0.898374
0.524666,0.529111,0.111119,0.920477
0.489208,0.485928,0.110198,0.892687
0.503292,0.496669,0.112274,0.909203
0.502155,0.503934,0.098538,0.904679
0.518693,0.517042,0.104138,0.918951
0.503984,0.502619,0.092919,0.905216
0.504559,0.517104,0.096011,0.903895
0.512029,0.520084,0.109079,0.906827
0.496686,0.490398,0.108107,0.891989
0.493580,0.488763,0.093718,0.889051
0.507651,0.499774,0.117581,0.895851
0.501769,0.508840,0.091962,0.909211
0.510446,0.514924,0.112083,0.900742
0.494609,0.492849,0.102282,0.889519
0.507828,0.502590,0.105278,0.904178
0.502193,0.516632,0.101166,0.895375
0.489836,0.490530,0.095077,0.893114
0.507877,0.508928,0.110811,0.898385
0.483531,0.485845,0.093280,0.882690
0.504847,0.494368,0.095248,0.910245
0.473951,0.456645,0.084001,0.881670
0.495045,0.494449,0.087180,0.900186
0.504921,0.500188,0.110451,0.903713
0.479528,0.461964,0.093960,0.894874
0.498236,0.502064,0.094570,0.905662
0.502624,0.494179,0.109433,0.892759
0.505560,0.518602,0.095717,0.898806
0.505276,0.510919,0.100199,0.893304
0.492909,0.490768,0.110282,0.891872
0.500535,0.507116,0.104402,0.893686
0.507109,0.503859,0.105710,0.903835
0.498688,0.490285,0.104022,0.897342
0.503216,0.503888,0.090511,0.920607
0.497273,0.491664,0.101300,0.906782
0.509923,0.516088,0.108473,0.906978
0.500818,0.491223,0.101873,0.901207
0.488397,0.487297,0.088576,0.883656
0.494054,0.491922,0.101921,0.895268
0.490118,0.485410,0.092180,0.894658
0.477099,0.465962,0.084682,0.883870
0.510368,0.509790,0.132346,0.890868
0.492410,0.485633,0.099384,0.902153
0.495124,0.499632,0.095834,0.898233
0.473052,0.452412,0.100667,0.881050
0.501157,0.507100,0.092217,0.904129
0.507454,0.509363,0.111575,0.905615
0.501891,0.508487,0.102410,0.898070
0.491701,0.498668,0.105199,0.900199
0.496850,0.494621,0.104446,0.892506
0.497937,0.502640,0.093533,0.898013
0.496013,0.500920,0.094677,0.886954
0.509141,0.512921,0.104479,0.904076
0.497110,0.490831,0.099282,0.887198
0.480356,0.468366,0.087122,0.876805
0.480362,0.468960,0.097172,0.889741
0.505813,0.500913,0.111940,0.894616
0.490099,0.488518,0.090994,0.897925
0.484465,0.472987,0.088022,0.896592
0.507061,0.520260,0.107116,0.892565
0.483986,0.466996,0.100277,0.888257
0.507207,0.514567,0.115912,0.894687
0.498227,0.494905,0.093837,0.908547
0.500964,0.497302,0.094751,0.910270
0.506016,0.517901,0.096387,0.900290
0.518837,0.516872,0.110177,0.902121
0.523882,0.532659,0.109967,0.919427
0.502251,0.505018,0.098243,0.902205
0.501355,0.499435,0.103167,0.902618
0.487765,0.491210,0.087700,0.890894
0.486284,0.474269,0.085928,0.892498
0.495286,0.498045,0.092378,0.894644
0.496111,0.498467,0.087914,0.901585
0.507542,0.503601,0.105392,0.910764
0.469492,0.452129,0.089151,0.874741
0.492898,0.486078,0.089787,0.893240
0.502183,0.497547,0.098024,0.910130
0.526277,0.519361,0.133116,0.918662
0.486538,0.486715,0.103316,0.889178
0.509367,0.505980,0.099398,0.909475
0.501092,0.512980,0.087644,0.904585
0.502036,0.501987,0.087469,0.899726
0.483368,0.470888,0.100669,0.885186
0.492756,0.483913,0.096386,0.889315
0.496971,0.493804,0.089876,0.900360
0.485181,0.480421,0.089172,0.892671
0.498592,0.498192,0.097579,0.900042
0.503843,0.492820,0.095043,0.900948
0.477111,0.461098,0.086375,0.902353
0.513662,0.499626,0.116513,0.923611
0.476545,0.466961,0.091849,0.892608
0.481164,0.469761,0.089489,0.879272
0.501789,0.501970,0.104902,0.895411
0.503541,0.500288,0.113428,0.905130
0.490311,0.478143,0.089472,0.901655
0.488748,0.480350,0.084328,0.900006
0.492392,0.488146,0.104413,0.896552
0.473081,0.458918,0.090733,0.877346
0.483457,0.466626,0.096035,0.896122
0.488455,0.478930,0.083822,0.900872
0.487171,0.474544,0.080014,0.903973
0.497129,0.501179,0.093196,0.902811
0.494608,0.498732,0.091274,0.895095
0.511291,0.518809,0.095289,0.899044
0.516723,0.526223,0.119659,0.904686
0.478723,0.464972,0.091251,0.883906
0.490790,0.482917,0.087971,0.893056
0.486656,0.485894,0.094426,0.887908
0.499985,0.499650,0.089207,0.905977
0.479931,0.466321,0.095153,0.891955
0.509259,0.518793,0.107950,0.906266
0.510935,0.520420,0.104053,0.909763
0.486593,0.488708,0.084686,0.889555
0.500710,0.500984,0.105100,0.903223
0.501595,0.501904,0.099369,0.901176
0.489255,0.486958,0.082107,0.888618
0.479106,0.473903,0.084016,0.887637
0.477169,0.476768,0.084827,0.882288
0.486411,0.486889,0.101567,0.882469
0.483500,0.476885,0.079744,0.892473
0.505210,0.508436,0.100416,0.897136
0.504284,0.494665,0.103303,0.897359
0.494787,0.493752,0.091492,0.902509
0.513121,0.511666,0.107760,0.908230
0.501742,0.493716,0.102452,0.905834
0.498655,0.496284,0.100398,0.892674
0.512969,0.516139,0.120220,0.905065
0.512700,0.518544,0.123449,0.889625
0.495662,0.486029,0.103441,0.903407
0.523265,0.536072,0.114040,0.916277
0.492329,0.480891,0.108503,0.896900
0.500727,0.504435,0.092430,0.901261
0.493969,0.501979,0.088471,0.895141
0.509049,0.511340,0.109457,0.913872
0.519481,0.528685,0.103332,0.912569
0.500624,0.509311,0.094513,0.888907
0.487916,0.484336,0.096893,0.903304
0.492024,0.481087,0.089463,0.894773
0.508750,0.512591,0.107254,0.897440
0.505617,0.507817,0.098365,0.904093
0.487296,0.480211,0.098719,0.886812
0.500890,0.498910,0.095864,0.899704
0.466891,0.454797,0.081752,0.883952
0.485495,0.491373,0.085441,0.898422
0.498396,0.499145,0.085353,0.900942
0.473020,0.459204,0.082152,0.889530
0.496397,0.493286,0.093388,0.898632
0.504746,0.505600,0.095709,0.900873
0.512795,0.514623,0.104313,0.905635
0.501846,0.494766,0.101943,0.901039
0.519327,0.529137,0.118933,0.905183
0.520990,0.533805,0.110536,0.905867
0.502588,0.505877,0.098549,0.904575
0.508564,0.505042,0.113728,0.907193
0.515617,0.522968,0.112798,0.911495
0.514760,0.524014,0.104854,0.901112
0.497366,0.497286,0.096148,0.895009
0.494639,0.488075,0.098589,0.901170
0.499353,0.493738,0.111459,0.897695
0.492421,0.474758,0.101543,0.900307
0.508192,0.502680,0.109989,0.902759
0.507009,0.511790,0.107973,0.899098
0.494233,0.484947,0.100831,0.895184
0.505646,0.497021,0.123786,0.902153
0.499944,0.487598,0.099855,0.895035
0.503480,0.514695,0.085009,0.898238
0.527621,0.544694,0.113409,0.914645
0.495300,0.483857,0.099360,0.899894
0.495377,0.488861,0.106550,0.886434
0.495164,0.485619,0.103609,0.901980
0.488653,0.478713,0.089744,0.897161
0.493038,0.498767,0.094684,0.897917
0.508877,0.514456,0.109218,0.910194
0.489339,0.487335,0.098313,0.889287
0.496808,0.495140,0.105025,0.894957
0.488314,0.473330,0.085095,0.900123
0.489799,0.475120,0.094698,0.898100
0.489654,0.480611,0.091412,0.898749
0.474866,0.449368,0.083566,0.901447
0.486203,0.486440,0.090098,0.890490
0.474031,0.461781,0.089006,0.893825
0.499421,0.505349,0.100381,0.900521
0.504346,0.502503,0.102700,0.905804
0.507366,0.515993,0.115772,0.895415
0.498482,0.487148,0.102907,0.901624
0.507694,0.516575,0.105284,0.903997
0.510169,0.512429,0.117988,0.907480
0.503811,0.507908,0.098198,0.913687
0.510034,0.525732,0.092196,0.908046
0.512578,0.518662,0.102795,0.907987
0.505764,0.513711,0.098507,0.886822
0.495037,0.496893,0.107888,0.892884
0.485523,0.471693,0.086736,0.898900
0.493754,0.486881,0.095557,0.899075
0.512332,0.527792,0.105780,0.904489
0.516139,0.539565,0.103789,0.907730
0.486064,0.475817,0.089836,0.891903
0.507340,0.507751,0.104205,0.901026
0.511540,0.510187,0.122220,0.901886
0.495880,0.494661,0.086250,0.910661
0.503442,0.510440,0.099211,0.901918
0.506862,0.493464,0.106775,0.908790
0.503888,0.505463,0.101894,0.899184
0.522115,0.535567,0.106194,0.910790
0.511002,0.513307,0.113983,0.908064
0.493951,0.484581,0.095303,0.895391
0.495343,0.496702,0.093826,0.903623
0.506204,0.495246,0.117319,0.901824
0.510482,0.518150,0.103092,0.911299
0.520290,0.522578,0.111117,0.911873
0.515334,0.515484,0.116123,0.901666
0.517759,0.530296,0.112245,0.900840
0.509721,0.514903,0.118006,0.895085
0.483355,0.481085,0.092966,0.895242
0.475714,0.469936,0.086297,0.879956
0.499154,0.493411,0.106170,0.889551
0.508349,0.499173,0.106042,0.918985
0.504606,0.505884,0.114198,0.894879
0.510141,0.511739,0.111743,0.895191
0.511377,0.521978,0.109147,0.902405
0.505193,0.500297,0.109402,0.891303
0.503452,0.501902,0.091372,0.913445
0.490982,0.494788,0.086006,0.898669
0.506939,0.509864,0.102138,0.896127
0.505246,0.518117,0.101359,0.898380
0.491209,0.495730,0.094163,0.892087
0.492459,0.485921,0.091655,0.901003
0.509874,0.506697,0.115932,0.910522
0.478422,0.461506,0.097933,0.891181
0.479271,0.471909,0.089149,0.885035
0.512777,0.515646,0.102580,0.905591
0.489457,0.484357,0.096835,0.890798
0.476654,0.466920,0.094811,0.880826
0.497680,0.509883,0.087295,0.896797
0.487226,0.478887,0.088247,0.894041
0.497238,0.508513,0.098435,0.899813
0.491404,0.496468,0.096464,0.892041
0.526711,0.537460,0.125833,0.920175
0.502782,0.500768,0.099404,0.907615
0.507753,0.513307,0.105267,0.906666
0.501337,0.489199,0.105688,0.912924
0.487341,0.480952,0.091787,0.894414
0.502486,0.495231,0.096271,0.911380
0.524543,0.549011,0.110389,0.918231
0.491317,0.487677,0.085813,0.899191
0.511705,0.528368,0.103840,0.904356
0.497549,0.500343,0.096397,0.894179
0.498136,0.491441,0.100209,0.895797
0.507575,0.511982,0.107442,0.905582
0.496483,0.509262,0.090721,0.901345
0.510284,0.514051,0.102017,0.907593
0.486036,0.480572,0.091071,0.898548
0.474565,0.472604,0.092873,0.887269
0.500797,0.492329,0.112756,0.904891
0.505518,0.503987,0.118819,0.900271
0.508597,0.501956,0.097390,0.920953
0.496547,0.506431,0.102104,0.886144
0.479597,0.469857,0.090772,0.889091
0.497871,0.489990,0.092041,0.901525
0.501650,0.501667,0.098532,0.890344
0.501868,0.507338,0.098329,0.905140
0.486710,0.476151,0.100939,0.898190
0.504621,0.510128,0.100111,0.891922
0.499393,0.493520,0.102613,0.904697
0.506654,0.503277,0.092637,0.913432
0.496281,0.502441,0.090256,0.901236
0.499905,0.501758,0.102192,0.885086
0.494014,0.496528,0.096921,0.899344
0.524928,0.533825,0.110051,0.906869
0.519800,0.520524,0.119876,0.913510
0.516095,0.525404,0.114552,0.912431
0.520913,0.524006,0.122627,0.916029
0.500468,0.517642,0.100541,0.894696
0.506959,0.512896,0.096672,0.912128
0.509085,0.513639,0.114322,0.898543
0.503690,0.496147,0.097340,0.912100
0.494997,0.482836,0.088934,0.894510
0.521740,0.525339,0.111581,0.915438
0.497393,0.502089,0.095873,0.897729
0.515554,0.531692,0.102904,0.905050
0.517279,0.523332,0.114413,0.906890
0.496573,0.494791,0.093433,0.897060
0.494235,0.486890,0.089804,0.895852
0.494820,0.495591,0.099713,0.896309
0.500661,0.503446,0.090170,0.900070
0.500591,0.498693,0.106199,0.893264
0.489396,0.482025,0.094080,0.892114
0.537313,0.559454,0.109303,0.922673
0.491072,0.483547,0.097077,0.914203
0.505192,0.518025,0.108749,0.897488
0.517327,0.527254,0.106267,0.909257
0.500262,0.497263,0.089450,0.904114
0.490989,0.485616,0.098037,0.894824
0.501369,0.500780,0.105894,0.897807
0.477625,0.479126,0.081163,0.888357
0.507468,0.511129,0.106425,0.905858
0.499582,0.499585,0.115866,0.892082
0.500283,0.501175,0.103694,0.899250
0.495665,0.494921,0.098922,0.889784
0.486062,0.487227,0.083545,0.889846
0.520072,0.534376,0.110239,0.911101
0.511606,0.513269,0.114663,0.904460
0.517718,0.527200,0.110211,0.909091
0.506976,0.499795,0.110289,0.902754
0.515460,0.528369,0.112886,0.912189
0.505969,0.508181,0.104236,0.899608
0.483495,0.477042,0.088696,0.886286
0.488902,0.477730,0.101112,0.885195
0.497910,0.503768,0.100159,0.900585
0.508223,0.517686,0.098724,0.907815
0.497277,0.487752,0.110868,0.896720
0.491502,0.479861,0.088389,0.895932
0.481970,0.485754,0.093182,0.891249
0.505523,0.500123,0.099585,0.904714
0.506386,0.505064,0.113504,0.906805
0.496540,0.490576,0.096570,0.899229
0.504519,0.501849,0.098120,0.909964
0.494200,0.494551,0.098993,0.889073
0.497038,0.497458,0.108577,0.894093
0.500394,0.506646,0.096295,0.894429
0.507521,0.510450,0.109060,0.895545
0.497625,0.497603,0.093650,0.885268
0.499671,0.509325,0.100354,0.897859
0.510300,0.511769,0.107045,0.898820
0.501486,0.503564,0.108946,0.900555
0.487503,0.464945,0.101525,0.887687
0.492814,0.488747,0.093712,0.897827
0.492179,0.489552,0.103239,0.898596
0.506632,0.512784,0.101820,0.900917
0.487769,0.468705,0.095935,0.896616
0.518822,0.535105,0.105354,0.918589
0.489464,0.487351,0.087926,0.906515
0.490497,0.496386,0.099672,0.896297
0.491580,0.481000,0.099738,0.901693
0.486818,0.476426,0.089272,0.894098
0.496874,0.498598,0.099034,0.894866
0.514327,0.516347,0.109808,0.905462
0.498608,0.514157,0.087456,0.894086
0.483388,0.471571,0.105395,0.893390
0.496826,0.493840,0.106374,0.889998
0.501120,0.491450,0.107538,0.891132
0.491259,0.471787,0.098792,0.901845
0.499211,0.494663,0.105154,0.889063
0.498759,0.488943,0.110217,0.902846
0.495722,0.504757,0.085550,0.897385
0.523089,0.544341,0.113566,0.911041
0.501766,0.508552,0.111112,0.884632
0.518861,0.527007,0.111600,0.902004
0.501748,0.502550,0.099488,0.894124
0.497847,0.496473,0.088341,0.897103
0.500580,0.501405,0.105285,0.903182
0.500911,0.499344,0.096362,0.899478
0.496443,0.488073,0.112225,0.893884
0.510767,0.515915,0.106438,0.914831
0.499788,0.508394,0.103284,0.891063
0.505107,0.514307,0.100363,0.907989
0.509893,0.505377,0.103434,0.908006
0.479832,0.472329,0.089706,0.884722
0.500983,0.497477,0.102206,0.901931
0.504017,0.502633,0.105750,0.902010
0.497888,0.506562,0.097094,0.899407
0.501538,0.498664,0.101562,0.894936
0.494162,0.490365,0.093648,0.893101
0.514233,0.525686,0.101703,0.897465
0.492086,0.478652,0.103296,0.901910
0.517921,0.520940,0.101415,0.912964
0.489172,0.480205,0.092569,0.897816
0.502642,0.501680,0.101766,0.907586
0.490662,0.481892,0.106381,0.889163
0.511341,0.512134,0.095951,0.908996
0.499008,0.503613,0.100660,0.892776
0.507677,0.513324,0.095860,0.912972
0.515835,0.526481,0.103843,0.906443
0.494482,0.499335,0.079627,0.896930
0.498532,0.502646,0.101183,0.897733
0.504335,0.501492,0.123662,0.900180
0.486556,0.482725,0.099585,0.890489
0.515621,0.526682,0.119508,0.899128
0.493183,0.496197,0.091563,0.896329
0.508936,0.516856,0.102796,0.902902
0.498987,0.498884,0.104455,0.891554
0.503268,0.507857,0.107335,0.903476
0.504200,0.510665,0.108373,0.892421
0.484580,0.473641,0.099055,0.900173
0.506462,0.510513,0.105620,0.901814
0.515546,0.527622,0.103062,0.914999
0.496214,0.494034,0.106406,0.893435
0.503944,0.504716,0.099947,0.910718
0.502628,0.503144,0.094401,0.907012
0.507887,0.510542,0.108091,0.906367
0.496752,0.497358,0.103702,0.894883
0.507883,0.513065,0.099741,0.898658
0.490732,0.477847,0.094859,0.892899
0.501889,0.508676,0.116311,0.889990
0.502815,0.497592,0.105603,0.894244
0.495094,0.480443,0.111524,0.895874
0.535693,0.556727,0.119509,0.912618
0.499419,0.483324,0.091727,0.903012
0.494822,0.494008,0.097033,0.890264
0.490123,0.499783,0.091318,0.895777
0.495591,0.496801,0.089614,0.897017
0.489187,0.488544,0.085731,0.886331
0.512095,0.521946,0.109229,0.896149
0.501368,0.498538,0.105843,0.898563
0.503257,0.491639,0.106608,0.908768
0.505387,0.518940,0.103898,0.901568
0.489661,0.483608,0.084499,0.898780
0.524974,0.531351,0.128070,0.916680
0.506799,0.506472,0.090735,0.914625
0.509355,0.501007,0.123671,0.901782
0.514554,0.522367,0.114661,0.895057
0.504377,0.510070,0.102539,0.902736
0.501031,0.500044,0.099526,0.896354
0.495555,0.495860,0.093286,0.892014
0.509072,0.510530,0.100132,0.913810
0.498562,0.502949,0.096670,0.889770
0.496977,0.499037,0.100494,0.894225
0.513514,0.505871,0.116144,0.908727
0.516234,0.527701,0.116774,0.916697
0.513764,0.515947,0.113856,0.906389
0.513912,0.528505,0.109378,0.900322
0.500143,0.506748,0.092191,0.897813
0.486321,0.476994,0.087235,0.887978
0.492989,0.491419,0.101704,0.891290
0.507718,0.503355,0.105396,0.904950
0.487632,0.483568,0.096381,0.889032
0.500239,0.493606,0.094357,0.902129
0.500722,0.495550,0.102343,0.907406
0.474763,0.466853,0.089226,0.890916
0.510962,0.522661,0.112664,0.901762
0.494321,0.489500,0.105852,0.891849
0.473169,0.462277,0.078611,0.893031
0.494128,0.491193,0.105296,0.898452
0.492651,0.492368,0.104686,0.889404
0.482319,0.468778,0.104090,0.892548
0.500134,0.501204,0.100623,0.901230
0.515031,0.520423,0.111891,0.898536
0.501574,0.500852,0.096667,0.899755
0.497910,0.502619,0.107784,0.893887
0.491084,0.480762,0.094380,0.902958
0.494937,0.492010,0.106640,0.904367
0.497351,0.492752,0.108233,0.892156
0.495834,0.497480,0.085651,0.908388
0.508084,0.496904,0.108681,0.908640
0.501182,0.495547,0.098746,0.891484
0.495470,0.491657,0.101338,0.896711
0.497916,0.497797,0.107747,0.896050
0.504010,0.504139,0.095092,0.898309
0.497458,0.497267,0.095795,0.901637
0.467453,0.460002,0.076557,0.889370
0.528495,0.547413,0.111685,0.918036
0.530940,0.552398,0.135770,0.904773
0.499505,0.488317,0.103256,0.904916
0.495480,0.485406,0.098756,0.895784
0.492713,0.485099,0.102434,0.891081
0.520363,0.539988,0.119518,0.906305
0.502193,0.498659,0.103881,0.891567
0.501673,0.497124,0.099002,0.902316
0.515829,0.535275,0.104203,0.910280
0.494221,0.498612,0.098935,0.888853
0.511919,0.520054,0.104269,0.911374
0.510195,0.510458,0.104586,0.902767
0.494000,0.498914,0.100547,0.887637
0.504651,0.508504,0.094637,0.901389
0.502367,0.497058,0.109696,0.902194
0.495525,0.489448,0.090935,0.897423
0.493823,0.494107,0.099186,0.892450
0.494475,0.502944,0.094568,0.894655
0.493640,0.507720,0.076111,0.884512
0.485845,0.476898,0.097054,0.893806
0.500423,0.510304,0.099930,0.893423
0.482866,0.480246,0.085019,0.901646
0.487558,0.485447,0.095788,0.896084
0.495592,0.495692,0.094424,0.899449
0.501459,0.505602,0.093538,0.902339
0.497550,0.494250,0.101519,0.889893
0.502141,0.506169,0.095169,0.903471
0.496735,0.510725,0.101232,0.883996
0.503525,0.503393,0.094793,0.902233
0.490428,0.486394,0.104042,0.877706
0.490112,0.496345,0.094256,0.900306
0.491552,0.487655,0.091412,0.898886
0.497455,0.496732,0.099359,0.885367
0.513150,0.517703,0.114820,0.905668
0.495603,0.496663,0.104561,0.898822
0.483370,0.486610,0.082941,0.883796
0.511395,0.505329,0.107643,0.910334
0.491588,0.484965,0.088335,0.904243
0.497041,0.492442,0.105314,0.901393
0.473630,0.455438,0.084252,0.876248
0.509112,0.514198,0.114080,0.904976
0.497598,0.491284,0.088900,0.891639
0.506636,0.509337,0.102471,0.896615
0.519531,0.526015,0.119703,0.908822
0.491273,0.492327,0.087883,0.896444
0.504166,0.521591,0.097090,0.896026
0.500186,0.492872,0.100347,0.913103
0.499919,0.507528,0.092251,0.904654
0.490386,0.476325,0.097001,0.900121
0.499704,0.497182,0.097480,0.903388
0.501859,0.504689,0.103719,0.904836
0.496933,0.480699,0.108882,0.891670
0.514567,0.522637,0.109682,0.907063
0.499519,0.495913,0.120560,0.897880
0.522366,0.533948,0.109744,0.909399
0.493095,0.485716,0.101434,0.891506
0.507096,0.500587,0.109839,0.896487
0.491520,0.480602,0.099108,0.903854
0.501870,0.513159,0.109959,0.907061
0.493888,0.496490,0.083737,0.893616
0.484644,0.470350,0.099398,0.882245
0.493330,0.498070,0.075408,0.902951
0.500791,0.499548,0.102790,0.893200
0.495066,0.495985,0.099119,0.888031
0.507686,0.514211,0.105612,0.914669
0.493326,0.498926,0.089602,0.898886
0.509807,0.523129,0.103468,0.899346
0.493239,0.482493,0.098668,0.903985
0.497558,0.486924,0.100060,0.901276
0.505951,0.502794,0.094413,0.909893
0.493977,0.501045,0.088241,0.898292
0.475869,0.472372,0.076530,0.888001
0.490807,0.493074,0.089492,0.883558
0.481555,0.478220,0.087908,0.884904
0.503521,0.502888,0.107927,0.880760
0.501005,0.516442,0.084495,0.889083
0.470807,0.471955,0.076051,0.877111
0.508192,0.513869,0.103087,0.894495
0.499820,0.495164,0.106593,0.888570
0.496659,0.496497,0.098667,0.891636
0.500936,0.501182,0.107802,0.902390
0.496044,0.492327,0.094511,0.897986
0.515260,0.505279,0.119200,0.925183
0.499019,0.495166,0.104218,0.893310
0.492772,0.495368,0.101999,0.898568
0.488029,0.482966,0.090993,0.896634
0.498430,0.501208,0.104233,0.894658
0.494550,0.487070,0.104365,0.894826
0.501183,0.491699,0.101435,0.905406
0.499480,0.491058,0.104251,0.901084
0.498608,0.484176,0.108535,0.905294
0.506028,0.507848,0.107386,0.896369
0.500803,0.501988,0.092622,0.897428
0.480898,0.461479,0.092756,0.896017
0.509280,0.512536,0.111742,0.897735
0.501323,0.495995,0.103023,0.901082
0.498800,0.498077,0.100959,0.902310
0.495456,0.485895,0.096375,0.902897
0.494894,0.480735,0.109464,0.891004
0.505062,0.506514,0.099463,0.901494
0.510262,0.521833,0.102330,0.903137
0.506446,0.495641,0.114703,0.909126
0.495562,0.485487,0.100342,0.888215
0.494029,0.505541,0.084401,0.892771
0.495454,0.499337,0.095559,0.892333
0.511938,0.514696,0.108993,0.898268
0.503749,0.508092,0.104358,0.900729
0.495387,0.507155,0.096545,0.881112
0.506693,0.507162,0.099109,0.899551
0.491713,0.503339,0.077174,0.896122
0.489899,0.486268,0.090344,0.890913
0.496253,0.493505,0.098923,0.903110
0.490848,0.482864,0.089032,0.891000
0.495257,0.480439,0.088143,0.900600
0.489566,0.478861,0.102984,0.894877
0.497892,0.497411,0.087828,0.890669
0.493970,0.484963,0.096334,0.898534
0.493468,0.502094,0.091436,0.893296
0.517732,0.530682,0.108602,0.908188
0.498886,0.506901,0.092707,0.903245
0.498401,0.495980,0.092419,0.894241
0.506280,0.515022,0.097273,0.905511
0.490141,0.480346,0.103607,0.891613
0.491773,0.496137,0.098665,0.887114
0.486386,0.476740,0.079656,0.890401
0.504445,0.500945,0.111853,0.908915
0.494283,0.492296,0.101459,0.887940
0.512476,0.521026,0.110635,0.902130
0.508949,0.515263,0.109072,0.897021
0.494607,0.491804,0.095107,0.896576
0.504056,0.499429,0.106526,0.897200
0.493933,0.479735,0.101000,0.894687
0.496331,0.493188,0.097602,0.894090
0.490430,0.486339,0.095768,0.889373
0.493214,0.485951,0.095008,0.909980
0.502113,0.505834,0.095503,0.901150
0.493353,0.487074,0.105403,0.897515
0.502809,0.491864,0.113457,0.902761
0.491310,0.480093,0.093748,0.890722
0.498722,0.490610,0.099275,0.899873
0.500814,0.500752,0.092694,0.893974
0.495706,0.498574,0.091356,0.900291
0.496001,0.487521,0.104404,0.900203
0.500398,0.494052,0.101552,0.906868
0.502879,0.502921,0.105371,0.903316
0.493235,0.487071,0.107734,0.878212
0.481257,0.468961,0.094369,0.889094
0.494099,0.496309,0.095325,0.897195
0.494581,0.484308,0.104106,0.895211
0.501852,0.504608,0.099815,0.903402
0.505430,0.505263,0.106787,0.901867
0.515975,0.516678,0.101460,0.906969
0.509428,0.510490,0.094088,0.914780
0.497621,0.499064,0.101407,0.905568
0.491744,0.483191,0.109555,0.893740
0.503721,0.510685,0.098239,0.892833
0.510539,0.518553,0.111813,0.901422
0.484900,0.482242,0.094043,0.885324
0.507498,0.513245,0.111947,0.902128
0.510173,0.512890,0.116078,0.884887
0.524790,0.543439,0.121492,0.899435
0.497474,0.502544,0.102054,0.892304
0.494887,0.492953,0.097700,0.893095
0.509010,0.506343,0.104822,0.919146
0.526474,0.543127,0.116891,0.913108
0.510451,0.526232,0.100936,0.902115
0.490611,0.483222,0.093928,0.895824
0.513526,0.516758,0.108095,0.902849
0.493974,0.496360,0.087236,0.910334
0.491554,0.493438,0.091326,0.890972
0.490285,0.495359,0.100148,0.883551
0.481713,0.474582,0.078091,0.894122
0.476639,0.456340,0.096199,0.880556
0.500499,0.499972,0.092641,0.906696
0.499368,0.504453,0.107060,0.893042
0.513306,0.519644,0.105417,0.905962
0.487942,0.476546,0.099033,0.884270
0.505426,0.508170,0.105041,0.902634
0.480915,0.464881,0.091568,0.898753
0.505094,0.503981,0.108731,0.900755
0.486729,0.474290,0.086811,0.889372
0.486155,0.468639,0.101440,0.892241
0.517363,0.522758,0.112392,0.897052
0.498309,0.504360,0.103993,0.899739
0.512397,0.519578,0.111555,0.901769
0.506894,0.514209,0.107192,0.898725
0.511506,0.511513,0.117980,0.903949
0.495236,0.495766,0.094450,0.881154
0.511043,0.520095,0.097659,0.903461
0.494888,0.486924,0.101529,0.890939
0.484326,0.480458,0.089198,0.895465
0.501924,0.506805,0.104111,0.898075
0.502193,0.507054,0.093549,0.900452
0.500314,0.514094,0.088147,0.901917
0.521705,0.531984,0.132999,0.911878
0.522162,0.522139,0.122004,0.917867
0.515321,0.524187,0.113285,0.899112
0.493310,0.487508,0.096867,0.894061
0.488536,0.479177,0.090534,0.896367
0.497251,0.498934,0.105735,0.888536
0.491121,0.495696,0.091691,0.891603
0.503134,0.511177,0.108437,0.891736
0.501847,0.484506,0.104808,0.912126
0.491093,0.485600,0.099261,0.892646
0.504328,0.513433,0.111290,0.893756
0.504691,0.505156,0.107165,0.899097
0.509865,0.509279,0.112610,0.899679
0.507257,0.512336,0.091639,0.903520
0.487606,0.481174,0.087075,0.892451
0.499719,0.491435,0.095458,0.902041
0.497214,0.497037,0.094356,0.901092
0.488035,0.482091,0.094508,0.895667
0.480143,0.480845,0.082577,0.890971
0.498456,0.486077,0.097249,0.908266
0.490551,0.498060,0.095401,0.889727
0.499355,0.498338,0.100998,0.896192
0.514627,0.525112,0.106270,0.902990
0.506731,0.503042,0.116760,0.897814
0.506249,0.513879,0.113046,0.901994
0.480189,0.474076,0.083136,0.888781
0.501962,0.504118,0.130445,0.890324
0.515578,0.522056,0.111413,0.892546
0.489370,0.489039,0.092197,0.891048
0.496544,0.495730,0.105970,0.894198
0.492083,0.474865,0.099424,0.899288
0.505428,0.502969,0.106101,0.911418
0.503690,0.501011,0.110047,0.915833
0.498245,0.502677,0.097856,0.896720
0.507383,0.505104,0.103430,0.909493
0.505881,0.512158,0.094634,0.890234
0.484521,0.471676,0.094879,0.886612
0.519616,0.531981,0.114026,0.910892
0.490701,0.487098,0.098932,0.896481
0.499998,0.499740,0.105030,0.894888
0.508463,0.520174,0.091853,0.899892
0.508945,0.513479,0.111184,0.901342
0.514158,0.511910,0.112015,0.909740
0.500796,0.508131,0.106885,0.886752
0.506246,0.496405,0.103852,0.897393
0.491260,0.485189,0.081729,0.894016
0.509415,0.523945,0.104358,0.894744
0.495895,0.485614,0.096696,0.892798
0.502377,0.510623,0.104135,0.907517
0.487326,0.474043,0.085916,0.898137
0.504548,0.507040,0.091215,0.906137
0.502450,0.507878,0.084804,0.899955
0.532980,0.557070,0.127351,0.916622
0.495994,0.489280,0.101157,0.901098
0.490503,0.466630,0.098476,0.899839
0.487446,0.481031,0.093900,0.872374
0.505587,0.496904,0.088862,0.919587
0.495258,0.486488,0.097281,0.897400
0.482481,0.486470,0.090638,0.888494
0.484841,0.486356,0.096247,0.874524
0.496447,0.487494,0.093560,0.899788
0.506911,0.521516,0.098142,0.904888
0.516135,0.518837,0.115110,0.902420
0.496604,0.495582,0.095654,0.898355
0.486338,0.471290,0.099242,0.879956
0.490321,0.488591,0.090467,0.891280
0.500966,0.499465,0.109252,0.897166
0.499165,0.503083,0.100945,0.883945
0.506029,0.505886,0.098051,0.902631
0.501884,0.499185,0.101833,0.912879
0.488144,0.483010,0.100112,0.888480
0.510323,0.514955,0.107841,0.906919
0.507551,0.506193,0.108775,0.898313
0.516691,0.511739,0.111076,0.910942
0.507205,0.505983,0.100310,0.902399
0.506338,0.511405,0.105112,0.901076
0.496834,0.502594,0.100397,0.898333
0.494658,0.487237,0.103604,0.902494
0.498567,0.489780,0.109296,0.894354
0.498845,0.493476,0.109900,0.891824
0.491492,0.473890,0.104166,0.899937
0.495032,0.511146,0.092041,0.881426
0.502418,0.502444,0.100569,0.909869
0.491440,0.480929,0.087364,0.899549
0.505467,0.504410,0.100531,0.901141
0.506143,0.503116,0.115752,0.888500
0.505840,0.503671,0.104259,0.896211
0.505476,0.496985,0.115502,0.902803
0.515995,0.521980,0.113989,0.906618
0.503782,0.503543,0.095625,0.896503
0.510351,0.519789,0.108077,0.907825
0.499763,0.492089,0.108057,0.903975
0.502113,0.495251,0.099088,0.899338
0.489120,0.491090,0.087299,0.886194
0.517665,0.515835,0.119408,0.909428
0.506020,0.513599,0.097483,0.901675
0.490850,0.488274,0.102768,0.901289
0.503111,0.500225,0.103709,0.904829
0.494394,0.487057,0.101111,0.894376
0.499609,0.512855,0.096424,0.894361
0.483465,0.473520,0.089308,0.897527
0.484266,0.477875,0.092462,0.896458
0.516022,0.517380,0.099750,0.908791
0.499268,0.492172,0.103911,0.908404
0.493603,0.498981,0.103322,0.892918
0.489468,0.483853,0.085803,0.897103
0.508022,0.513994,0.092661,0.908618
0.510329,0.526151,0.108911,0.901185
0.494754,0.494920,0.099302,0.893772
0.486508,0.472637,0.091938,0.905503
0.504945,0.494388,0.109245,0.912778
0.497814,0.491543,0.106146,0.896018
0.486940,0.468522,0.105658,0.897217
0.487826,0.486608,0.094517,0.887955
0.507250,0.496798,0.106846,0.900581
0.501708,0.495428,0.105532,0.904725
0.510572,0.513913,0.099630,0.904063
0.505687,0.510492,0.097462,0.902122
0.503822,0.508456,0.103442,0.896100
0.499120,0.500227,0.104513,0.890526
0.499638,0.508070,0.093597,0.902824
0.493280,0.491301,0.096408,0.894364
0.488811,0.471357,0.114278,0.884530
0.503641,0.514733,0.091941,0.910078
0.505500,0.497704,0.110889,0.909093
0.505991,0.515274,0.098756,0.910903
0.516828,0.529583,0.105096,0.910773
0.479795,0.472916,0.079870,0.892607
0.497197,0.501072,0.103505,0.892824
0.508143,0.520079,0.108166,0.900041
0.515899,0.523254,0.098862,0.910928
0.523653,0.529068,0.122559,0.921260
0.524509,0.535238,0.113369,0.917015
0.498065,0.500455,0.103091,0.906905
0.496839,0.497606,0.089300,0.903476
0.488885,0.481725,0.100314,0.877805
0.503688,0.493914,0.114429,0.906112
0.490307,0.491680,0.099243,0.890106
0.507373,0.511948,0.096045,0.901750
0.498509,0.507241,0.091789,0.897667
0.492391,0.485136,0.098438,0.887466
0.507607,0.503944,0.110971,0.902205
0.497281,0.496924,0.092945,0.889105
0.489498,0.481409,0.101541,0.882821
0.487926,0.475374,0.093810,0.892499
0.508299,0.511051,0.115184,0.910281
0.493742,0.501486,0.095780,0.897887
0.506828,0.518210,0.096308,0.910452
0.505412,0.505673,0.089928,0.903703
0.520958,0.528400,0.116497,0.911822
0.493621,0.491930,0.099561,0.883700
0.509445,0.514980,0.097484,0.907190
0.491144,0.480334,0.092399,0.903215
0.507311,0.513674,0.106077,0.909189
0.492029,0.491822,0.097332,0.893342
0.493329,0.491085,0.094498,0.893579
0.506057,0.504470,0.100288,0.909147
0.489569,0.471456,0.109425,0.888341
0.490791,0.488751,0.099233,0.895311
0.500514,0.497691,0.098238,0.888595
0.488521,0.477453,0.094216,0.893036
0.490934,0.479595,0.079760,0.900268
0.492438,0.484192,0.084755,0.901476
0.498084,0.490919,0.109462,0.899582
0.484487,0.473272,0.090512,0.886708
0.487293,0.491351,0.077323,0.883869
0.503087,0.506018,0.093546,0.908492
0.504648,0.505797,0.101205,0.905768
0.508246,0.513151,0.108140,0.908133
0.485224,0.474608,0.085593,0.901075
0.471871,0.460529,0.077890,0.876733
0.494867,0.487241,0.090947,0.918781
0.503461,0.501260,0.111812,0.915340
0.506090,0.510707,0.097546,0.906828
0.497588,0.485638,0.104381,0.905354
0.486003,0.478044,0.096895,0.895512
0.501773,0.503075,0.104731,0.904073
0.495679,0.505115,0.095961,0.901012
0.495815,0.503742,0.092918,0.890791
0.500276,0.485596,0.107903,0.905935
0.502162,0.499245,0.100895,0.905963
0.523237,0.535713,0.115608,0.909159
0.509486,0.517044,0.104968,0.903229
0.487582,0.486143,0.095096,0.887189
0.506875,0.497187,0.111286,0.906395
0.504189,0.518298,0.091112,0.904923
0.495087,0.478097,0.107914,0.893665
0.499832,0.501934,0.101143,0.900896
0.490664,0.495617,0.093219,0.904875
0.501197,0.498420,0.105904,0.903685
0.499406,0.486609,0.094528,0.914051
0.496232,0.501908,0.081141,0.899821
0.494372,0.489189,0.100654,0.890236
0.498861,0.498569,0.104067,0.900236
0.472860,0.462936,0.083413,0.876317
0.513104,0.525588,0.111061,0.897643
0.473495,0.466440,0.084454,0.890877
0.504353,0.507160,0.102705,0.904687
0.487565,0.486602,0.097779,0.882957
0.493171,0.492203,0.101036,0.893243
0.494862,0.491874,0.102820,0.898013
0.498025,0.494669,0.093671,0.909002
0.492747,0.490312,0.103555,0.884170
0.492277,0.500779,0.082952,0.893698
0.489348,0.486640,0.099182,0.895822
0.496360,0.491461,0.109454,0.895402
0.495900,0.504262,0.092512,0.896384
0.507524,0.508702,0.103172,0.904187
0.535571,0.539441,0.142851,0.912517
0.487450,0.483646,0.079033,0.896325
0.506682,0.515994,0.097094,0.896733
0.502342,0.494739,0.107091,0.904702
0.495157,0.489580,0.108738,0.901245
0.509423,0.501205,0.109439,0.912973
0.500600,0.503001,0.097145,0.897872
0.480988,0.476534,0.088605,0.890846
0.507772,0.519621,0.107068,0.896487
0.495135,0.480503,0.100331,0.900497
0.497090,0.492644,0.098979,0.899321
0.486318,0.473834,0.096219,0.890331
0.515995,0.522450,0.108501,0.908916
0.503055,0.512794,0.089713,0.907751
0.500248,0.489518,0.114386,0.907788
0.499970,0.493145,0.119712,0.888469
0.502338,0.514726,0.080580,0.908702
0.500368,0.513985,0.091967,0.889816
0.506151,0.507978,0.102656,0.910634
0.511166,0.518324,0.112296,0.906458
0.505924,0.506825,0.106991,0.891981
0.496645,0.474044,0.105564,0.905575
0.491086,0.487715,0.100639,0.883066
0.504959,0.509635,0.114969,0.896153
0.505648,0.497177,0.110854,0.900796
0.504066,0.497756,0.107035,0.900621
0.497579,0.493935,0.115393,0.903829
0.503239,0.504780,0.104526,0.897638
0.511412,0.514717,0.090476,0.922513
0.485801,0.488462,0.084883,0.882955
0.496665,0.500731,0.095379,0.879383
0.503323,0.505803,0.096109,0.895251
0.494197,0.484194,0.100439,0.903710
0.498897,0.509329,0.098347,0.900638
0.481346,0.461020,0.096345,0.891214
0.512180,0.521160,0.103928,0.899652
0.501944,0.511476,0.097896,0.896704
0.508513,0.523238,0.095780,0.900364
0.495260,0.491368,0.097939,0.897599
0.497300,0.490159,0.106913,0.900880
0.500130,0.493032,0.103887,0.910442
0.489273,0.484852,0.084306,0.891945
0.502848,0.497970,0.112056,0.900075
0.505736,0.514015,0.103737,0.912080
0.508343,0.514452,0.100285,0.907019
0.515684,0.520379,0.117251,0.908353
0.501472,0.499833,0.101827,0.907003
0.505474,0.510869,0.097448,0.908805
0.490604,0.496588,0.103276,0.894317
0.483574,0.465135,0.098952,0.885171
0.516399,0.521590,0.105396,0.906766
0.497211,0.496137,0.095837,0.893807
0.505834,0.511066,0.102878,0.896148
0.523783,0.533548,0.106732,0.915789
0.517130,0.524796,0.109734,0.908294
0.493683,0.489215,0.099437,0.897740
0.498430,0.497457,0.105055,0.904502
0.505372,0.502408,0.106354,0.908671
0.513744,0.518070,0.105629,0.906155
0.520017,0.523643,0.116088,0.914950
0.497908,0.496844,0.100107,0.892676
0.497976,0.478462,0.100932,0.898892
0.503030,0.509722,0.097400,0.898114
0.506158,0.495078,0.118307,0.905296
0.497179,0.497498,0.093401,0.913583
0.505762,0.507814,0.106002,0.902405
0.511936,0.515405,0.111439,0.896851
0.496788,0.496016,0.106534,0.883394
0.495371,0.502132,0.104514,0.891586
0.507892,0.498024,0.114924,0.907903
0.512745,0.517180,0.103514,0.913930
0.509564,0.508766,0.112204,0.897154
0.500881,0.504309,0.093804,0.902567
0.508404,0.514813,0.105393,0.908568
0.494970,0.500559,0.100591,0.894095
0.483998,0.484089,0.091251,0.886971
0.502617,0.502000,0.101993,0.891054
0.487741,0.493805,0.094940,0.884860
0.490521,0.486109,0.092211,0.899457
0.506379,0.501671,0.093893,0.908889
0.496663,0.507118,0.098733,0.885967
0.498953,0.498775,0.095137,0.897363
0.500197,0.499452,0.094787,0.895920
0.524462,0.545003,0.116277,0.914591
0.514117,0.521777,0.096797,0.913016
0.504466,0.512182,0.109377,0.888136
0.502013,0.511168,0.098019,0.905450
0.495246,0.495638,0.103041,0.898011
0.513426,0.513842,0.108609,0.924351
0.516518,0.533745,0.118081,0.902300
0.505121,0.518106,0.102871,0.903020
0.494084,0.492468,0.090967,0.900678
0.489995,0.483453,0.099839,0.887020
0.499372,0.500863,0.106116,0.899627
0.505461,0.497704,0.101734,0.902826
0.536283,0.558643,0.130186,0.913566
0.498542,0.501313,0.088677,0.893496
0.516195,0.515328,0.118831,0.906866
0.476926,0.475679,0.097593,0.874143
0.503201,0.506164,0.106350,0.903653
0.488853,0.486908,0.104005,0.888835
0.494172,0.493908,0.084704,0.892497
0.487407,0.488742,0.088318,0.894176
0.503842,0.509387,0.100993,0.904815
0.506205,0.506594,0.104342,0.905071
0.518311,0.522560,0.109635,0.902929
0.486991,0.478132,0.098463,0.893007
0.495488,0.487099,0.105671,0.894831
0.485295,0.474893,0.094056,0.891657
0.511836,0.512087,0.108925,0.904712
0.501841,0.504572,0.112310,0.890252
0.500660,0.499290,0.106212,0.904582
0.484994,0.484274,0.089105,0.893617
0.489228,0.497618,0.095710,0.887155
0.510864,0.514644,0.112084,0.905536
0.506972,0.510318,0.103565,0.904644
0.501701,0.499124,0.100833,0.900688
0.488937,0.494470,0.107778,0.889060
0.497745,0.505662,0.095350,0.902799
0.502949,0.500446,0.090777,0.911994
0.497792,0.501990,0.094942,0.895793
0.502134,0.503563,0.106823,0.904235
0.497653,0.496525,0.096175,0.895166
0.495371,0.488228,0.107026,0.881418
0.501306,0.507129,0.099288,0.889365
0.505800,0.498914,0.110507,0.904311
0.504719,0.510743,0.113760,0.894941
0.478526,0.470075,0.083911,0.884242
0.500325,0.510227,0.104274,0.898159
0.493011,0.495012,0.087953,0.900419
0.491796,0.488989,0.097689,0.896946
0.498483,0.505360,0.099313,0.893220
0.495421,0.515014,0.094237,0.901784
0.497256,0.500604,0.098444,0.897599
0.504513,0.501295,0.107379,0.892864
0.490635,0.487501,0.103962,0.898887
0.497834,0.500440,0.098966,0.904432
0.488308,0.483365,0.091348,0.885318
0.493541,0.487659,0.102648,0.892455
0.504562,0.511970,0.099470,0.883694
0.508077,0.511000,0.110906,0.907748
0.517501,0.529871,0.104831,0.913465
0.496975,0.496495,0.098425,0.898905
0.492429,0.484440,0.107531,0.891849
0.497247,0.492628,0.099729,0.895929
0.472550,0.463577,0.083568,0.878014
0.505010,0.506662,0.108731,0.906369
0.494515,0.493770,0.100550,0.895565
0.509948,0.513313,0.097014,0.905248
0.465906,0.454709,0.073409,0.885532
0.508412,0.514879,0.112391,0.903635
0.504924,0.501924,0.095686,0.916181
0.494319,0.496622,0.092676,0.895145
0.512659,0.523936,0.108581,0.911411
0.510557,0.513214,0.110652,0.904619
0.485264,0.479518,0.090329,0.894483
0.491855,0.495434,0.090073,0.884956
0.495368,0.507860,0.095821,0.895735
0.494714,0.492661,0.105813,0.888253
0.515549,0.520575,0.099962,0.904333
0.518399,0.525599,0.110653,0.904874
0.504655,0.504922,0.110733,0.907874
0.502994,0.492602,0.103943,0.897883
0.498656,0.491819,0.102769,0.901931
0.492612,0.480233,0.098024,0.901375
0.491022,0.499251,0.088822,0.896282
0.509309,0.505466,0.104213,0.908465
0.498026,0.491138,0.102654,0.897449
0.513345,0.514257,0.107963,0.910864
0.494916,0.498075,0.096816,0.900540
0.486951,0.485720,0.084800,0.894108
0.481736,0.472481,0.094195,0.883001
0.507353,0.509559,0.115837,0.899955
0.506934,0.507451,0.106717,0.904566
0.509925,0.513844,0.107599,0.893321
0.503198,0.513066,0.100988,0.902848
0.491387,0.484188,0.084506,0.906164
0.512479,0.524654,0.104710,0.909893
0.503020,0.509387,0.097824,0.909995
0.514315,0.529158,0.093665,0.902278
0.498915,0.487752,0.106871,0.908874
0.509038,0.508286,0.093721,0.915597
0.487327,0.475399,0.097882,0.895184
0.498534,0.511341,0.108871,0.901869
0.514751,0.508165,0.114907,0.903248
0.500363,0.513736,0.100503,0.901819
0.496325,0.490248,0.100781,0.895694
0.511537,0.516106,0.117895,0.901150
0.505826,0.507086,0.108058,0.899602
0.496199,0.490912,0.106135,0.901754
0.500194,0.507507,0.108135,0.884721
0.486366,0.480694,0.082874,0.892859
0.490676,0.475066,0.097077,0.905584
0.489282,0.478926,0.093490,0.901260
0.492337,0.497028,0.088963,0.904229
0.518109,0.526867,0.114711,0.917064
0.504003,0.502857,0.114463,0.900001
0.498974,0.504197,0.101347,0.891699
0.500951,0.506270,0.091259,0.899385
0.493892,0.483727,0.114148,0.892029
0.497441,0.502132,0.097337,0.911087
0.502817,0.506336,0.106344,0.901851
0.502709,0.507492,0.097210,0.907098
0.497256,0.503640,0.095687,0.900641
0.501803,0.503408,0.090743,0.902626
0.509931,0.516088,0.096954,0.915163
0.504800,0.515058,0.099896,0.891050
0.491841,0.491800,0.091925,0.894915
0.488665,0.482254,0.095637,0.899586
0.494748,0.483111,0.098669,0.898011
0.513286,0.524953,0.116866,0.886226
0.490662,0.481550,0.100522,0.898543
0.497970,0.490516,0.105910,0.889401
0.508150,0.514460,0.103179,0.903216
0.493461,0.494620,0.084345,0.905781
0.484037,0.469847,0.081929,0.903344
0.485149,0.476983,0.085651,0.885603
0.490116,0.495694,0.085205,0.880807
0.504643,0.514376,0.096909,0.902436
0.477496,0.471766,0.092535,0.887258
0.497425,0.490847,0.096484,0.897636
0.501758,0.496653,0.092091,0.918579
0.492865,0.483216,0.099735,0.897822
0.491625,0.475687,0.099119,0.900954
0.479158,0.460077,0.092401,0.889663
0.496212,0.495104,0.103432,0.903984
0.507055,0.507531,0.108871,0.914406
0.495318,0.491818,0.092793,0.896374
0.498926,0.506476,0.102229,0.892176
0.513121,0.523957,0.107081,0.900603
0.496503,0.503978,0.101799,0.898437
0.496225,0.482521,0.100961,0.908689
0.502815,0.510923,0.103908,0.892341
0.515450,0.529808,0.104544,0.907150
0.494073,0.492169,0.088649,0.900882
0.491540,0.489966,0.093090,0.885837
0.508188,0.504832,0.111387,0.911692
0.506409,0.504670,0.107219,0.900453
0.496409,0.492025,0.102859,0.892806
0.487617,0.485558,0.089574,0.889229
0.498621,0.491778,0.092767,0.905113
0.496314,0.500426,0.089571,0.906208
0.501260,0.495031,0.099125,0.904367
0.503071,0.497378,0.097329,0.898691
0.510139,0.521294,0.094705,0.908752
0.501028,0.487837,0.114949,0.895254
0.486766,0.476302,0.088316,0.895045
0.510896,0.496903,0.108390,0.914854
0.500756,0.497035,0.100484,0.907793
0.514477,0.527746,0.107613,0.902063
0.496511,0.499749,0.101831,0.887226
0.513740,0.527819,0.102541,0.898785
0.493854,0.492650,0.100437,0.893750
0.507374,0.506416,0.102016,0.914220
0.498565,0.496774,0.094930,0.905382
0.492848,0.485868,0.092582,0.896160
0.500086,0.480018,0.119793,0.909546
0.499502,0.496230,0.111359,0.903674
0.501687,0.496058,0.092563,0.905613
0.510750,0.511460,0.109694,0.908996
0.506382,0.510880,0.101457,0.911602
0.510839,0.523986,0.098031,0.913235
0.511633,0.515905,0.091163,0.905164
0.490336,0.492539,0.093837,0.892706
0.509628,0.508768,0.106973,0.898359
0.512624,0.514114,0.107659,0.908940
0.498517,0.504434,0.095396,0.900921
0.502191,0.486661,0.111640,0.911703
0.483884,0.477185,0.086618,0.896343
0.503474,0.502699,0.104238,0.907397
0.512584,0.511848,0.119651,0.899508
0.507778,0.509269,0.104151,0.909531
0.494839,0.480054,0.095649,0.903086
0.517266,0.528512,0.108369,0.910455
0.499891,0.503738,0.086456,0.909652
0.518055,0.527626,0.101172,0.920224
0.499015,0.506832,0.095979,0.899812
0.516173,0.527130,0.113891,0.901903
0.496011,0.509903,0.105001,0.877282
0.491370,0.485102,0.102995,0.895576
0.499879,0.502762,0.098304,0.902335
0.487523,0.480053,0.084532,0.904391
0.496480,0.498643,0.099662,0.895108
0.512293,0.523237,0.107913,0.907093
0.514358,0.518166,0.121386,0.900765
0.501336,0.500895,0.102344,0.890163
0.487766,0.483801,0.078480,0.897028
0.488063,0.483206,0.088782,0.893132
0.502713,0.510467,0.092250,0.898281
0.486426,0.472471,0.091659,0.896962
0.496169,0.486021,0.098922,0.902171
0.502542,0.494874,0.106589,0.902469
0.490124,0.486626,0.099529,0.896699
0.505499,0.517376,0.098119,0.903950
0.511583,0.522239,0.124435,0.891919
0.515493,0.532940,0.103810,0.904590
0.510758,0.514162,0.102810,0.903924
0.498543,0.499300,0.105975,0.891102
0.500455,0.501594,0.100668,0.890726
0.507685,0.511053,0.110307,0.905293
0.495430,0.497517,0.097862,0.894534
0.510807,0.520618,0.112192,0.911575
0.486994,0.491867,0.093472,0.887080
0.498782,0.508821,0.099331,0.881756
0.501271,0.504214,0.105034,0.909244
0.504806,0.505841,0.095279,0.904679
0.509262,0.499610,0.107506,0.900207
0.502431,0.512429,0.101845,0.886547
0.494088,0.491547,0.098596,0.914535
0.493321,0.486821,0.091872,0.898674
0.505432,0.509541,0.105328,0.895252
0.495620,0.484956,0.100857,0.894203
0.495257,0.497493,0.086092,0.897037
0.489557,0.488255,0.105491,0.894184
0.476303,0.460898,0.088515,0.874258
0.502357,0.507122,0.100015,0.893024
0.509498,0.504525,0.103718,0.909754
0.528875,0.532363,0.118730,0.922681
0.528620,0.538325,0.124331,0.907184
0.494072,0.506757,0.091040,0.898961
0.515215,0.523836,0.110555,0.903757
0.510226,0.504800,0.106525,0.904338
0.499864,0.496969,0.095887,0.903452
0.505725,0.500929,0.100639,0.908245
0.475156,0.471279,0.088877,0.879036
0.492452,0.484190,0.105441,0.891286
0.495295,0.500060,0.101204,0.896201
0.502034,0.507178,0.102137,0.909052
0.493020,0.505106,0.090031,0.890758
0.504502,0.497943,0.113285,0.899580
0.496518,0.496189,0.102197,0.891171
0.505336,0.521307,0.097932,0.909173
0.500193,0.494179,0.085485,0.911763
0.502542,0.510015,0.089186,0.896320
0.497648,0.490738,0.101689,0.899925
0.502342,0.497506,0.100277,0.904382
0.487833,0.476230,0.105601,0.885014
0.491524,0.485822,0.090852,0.887774
0.503834,0.504311,0.105000,0.896120
0.495272,0.474486,0.089713,0.907863
0.509918,0.524364,0.100725,0.914040
0.498693,0.497829,0.099201,0.910031
0.506666,0.515973,0.104289,0.904843
0.481517,0.470360,0.089511,0.894797
0.492062,0.488803,0.096006,0.879323
0.491221,0.489905,0.105870,0.878393
0.499498,0.488849,0.098967,0.896327
0.498817,0.501984,0.095679,0.894766
0.496816,0.494797,0.105041,0.900358
0.478467,0.470741,0.096666,0.888388
0.495075,0.489139,0.103505,0.887158
0.510533,0.521357,0.116847,0.897600
0.523718,0.529686,0.125980,0.898913
0.500167,0.500124,0.101864,0.900251
0.503249,0.498844,0.107476,0.908221
0.505113,0.508179,0.106893,0.900353
0.504738,0.513791,0.096557,0.913231
0.512090,0.520152,0.106647,0.904875
0.497222,0.482373,0.093846,0.903237
0.503363,0.512047,0.102274,0.896303
0.499021,0.493881,0.103511,0.907519
0.492428,0.478386,0.103056,0.903437
0.507381,0.507547,0.104535,0.900970
0.496856,0.495417,0.114309,0.895442
0.489833,0.487282,0.099074,0.885761
0.497545,0.498529,0.092975,0.910260
0.494243,0.500721,0.088450,0.898371
0.524480,0.530710,0.110005,0.913746
0.500996,0.490628,0.098272,0.911591
0.500314,0.504154,0.098712,0.910991
0.496890,0.486038,0.111842,0.898929
0.491066,0.485592,0.099074,0.886128
0.512980,0.526531,0.096793,0.907568
0.505390,0.499352,0.098442,0.906508
0.484108,0.485767,0.089976,0.886653
0.499046,0.495120,0.106496,0.908652
0.507193,0.507994,0.100391,0.909404
0.500741,0.504189,0.096881,0.902122
0.502662,0.508663,0.088143,0.902688
0.494640,0.501071,0.091881,0.889955
0.495230,0.486039,0.091041,0.905832
0.506059,0.513501,0.111231,0.899085
0.502445,0.496372,0.099373,0.899645
0.494329,0.482173,0.096467,0.904416
0.496414,0.495999,0.105282,0.892792
0.496145,0.499328,0.099320,0.900521
0.509040,0.514230,0.096004,0.910261
0.490329,0.491731,0.094538,0.874334
0.490211,0.490996,0.084553,0.889628
0.515379,0.519042,0.118002,0.899044
0.505766,0.512988,0.098075,0.900396
0.485150,0.478649,0.092568,0.894263
0.501087,0.502749,0.105157,0.911742
0.484190,0.481536,0.091475,0.876815
0.491569,0.490583,0.103778,0.892777
0.508934,0.503527,0.114476,0.907251
0.492858,0.480025,0.096034,0.903630
0.511791,0.515920,0.102325,0.900044
0.496883,0.500470,0.105173,0.888235
0.501033,0.503397,0.102226,0.896591
0.509823,0.507430,0.113295,0.913150
0.496114,0.490731,0.105539,0.887088
0.491623,0.491174,0.090772,0.898427
0.507992,0.514041,0.097691,0.903967
0.491157,0.485251,0.090108,0.906125
0.492130,0.489194,0.092079,0.901151
0.494115,0.487231,0.103548,0.890185
0.502775,0.491420,0.107236,0.899667
0.511031,0.523772,0.106760,0.906792
0.492706,0.485455,0.095388,0.897646
0.494837,0.494006,0.099416,0.893007
0.485568,0.487185,0.084770,0.900549
0.502124,0.513830,0.104595,0.888968
0.490530,0.487791,0.080891,0.896534
0.512096,0.512724,0.116370,0.908246
0.489295,0.486373,0.087894,0.898463
0.518759,0.523171,0.108371,0.913316
0.508630,0.521003,0.104476,0.892996
0.503151,0.512203,0.105007,0.890848
0.501805,0.508876,0.100670,0.896167
0.509926,0.504890,0.113592,0.906264
0.492495,0.480502,0.100637,0.889628
0.502926,0.504186,0.097934,0.904136
0.491062,0.487768,0.103060,0.884689
0.501028,0.504402,0.096788,0.913576
0.492042,0.492832,0.093550,0.900500
0.516909,0.524251,0.108331,0.910182
0.503017,0.507624,0.104065,0.892905
0.506993,0.507207,0.105687,0.897788
0.516194,0.527306,0.114927,0.905299
0.503133,0.502344,0.105912,0.895654
0.505576,0.512784,0.096576,0.898100
0.495315,0.481755,0.100326,0.891364
0.498461,0.482449,0.116143,0.897492
0.486724,0.491357,0.088806,0.871092
0.494066,0.490543,0.092251,0.897597
0.489424,0.489265,0.093186,0.899137
0.499005,0.500176,0.106053,0.902287
0.502929,0.493043,0.112688,0.898218
0.509796,0.519808,0.101362,0.903625
0.508844,0.508895,0.107269,0.912372
0.498224,0.493330,0.106437,0.895582
0.510818,0.526605,0.106239,0.904456
0.497537,0.502282,0.093012,0.900489
0.485556,0.460334,0.096070,0.909120
0.520574,0.544095,0.093424,0.913935
0.501054,0.501490,0.096386,0.909972
0.518765,0.535211,0.113690,0.906875
0.505106,0.506380,0.105349,0.897704
0.503921,0.502432,0.105002,0.898905
0.501586,0.504828,0.107498,0.910465
0.493073,0.488739,0.091751,0.891355
0.496556,0.489930,0.099717,0.906540
0.514101,0.524021,0.110925,0.920532
0.511143,0.516577,0.109586,0.904267
0.524724,0.538523,0.117081,0.915632
0.502203,0.502059,0.098457,0.905709
0.502570,0.505961,0.104486,0.902223
0.488119,0.486314,0.091872,0.897557
0.506049,0.514639,0.114710,0.907468
0.500214,0.487370,0.115580,0.892192
0.482013,0.481178,0.091093,0.883598
0.501964,0.502455,0.099516,0.883283
0.493604,0.495023,0.095286,0.886943
0.498102,0.485664,0.096756,0.905540
0.508070,0.521238,0.101597,0.898507
0.506705,0.513756,0.089012,0.914350
