0.497887,0.502989,0.085414,0.900150
0.494953,0.500589,0.097486,0.890834
0.482251,0.475515,0.095850,0.883101
0.514512,0.521621,0.105638,0.911936
0.491385,0.474968,0.102819,0.890526
0.501568,0.490228,0.100315,0.897823
0.495296,0.497936,0.097632,0.898309
0.496203,0.494645,0.094424,0.899968
0.508948,0.517223,0.097622,0.907389
0.504076,0.513352,0.100427,0.902744
0.498068,0.505292,0.100466,0.890506
0.496653,0.499681,0.093864,0.898888
0.491592,0.480844,0.089788,0.895488
0.501409,0.494059,0.095170,0.905926
0.493649,0.491829,0.102622,0.898162
0.509710,0.512811,0.108310,0.898731
0.508562,0.513140,0.104208,0.895939
0.498583,0.496823,0.093968,0.899612
0.507987,0.512340,0.110065,0.908352
0.507425,0.510149,0.103225,0.914343
0.515313,0.527299,0.109606,0.905143
0.498084,0.491774,0.104716,0.902076
0.494170,0.492030,0.091443,0.903835
0.505004,0.507952,0.111057,0.903684
0.504216,0.518469,0.092060,0.902463
0.485258,0.478651,0.089792,0.897884
0.502887,0.502439,0.098853,0.899993
0.498392,0.500422,0.095992,0.906889
0.492653,0.490846,0.096520,0.900461
0.484163,0.479598,0.097672,0.882584
0.498419,0.504725,0.101109,0.901512
0.508056,0.504546,0.110758,0.897459
0.503177,0.505700,0.104798,0.903572
0.498875,0.501137,0.093789,0.894422
0.500577,0.504619,0.104600,0.894430
0.494898,0.507571,0.093071,0.889329
0.503861,0.506615,0.102925,0.889836
0.503598,0.505362,0.101774,0.904675
0.493886,0.488593,0.103310,0.881459
0.492239,0.488262,0.084289,0.895230
0.500384,0.487862,0.111699,0.901824
0.502914,0.494292,0.098310,0.913413
0.475142,0.461687,0.090505,0.894316
0.503766,0.497758,0.103445,0.903468
0.501038,0.505487,0.085937,0.901029
0.510303,0.510747,0.112821,0.910818
0.495249,0.495602,0.096541,0.894243
0.494712,0.494726,0.094229,0.887031
0.501070,0.500707,0.086215,0.906635
0.494709,0.488990,0.106871,0.892898
0.522301,0.526662,0.114009,0.905978
0.497158,0.494606,0.092873,0.913130
0.521804,0.520498,0.115594,0.912402
0.500917,0.509562,0.088818,0.910148
0.508580,0.508414,0.099397,0.906263
0.497058,0.495927,0.091283,0.895687
0.512847,0.515053,0.102545,0.910487
0.499651,0.498725,0.096071,0.900171
0.500488,0.498363,0.108101,0.901793
0.498423,0.499957,0.100673,0.902655
0.494600,0.491188,0.106913,0.884211
0.502778,0.509810,0.096035,0.902065
0.489483,0.486614,0.095148,0.906597
0.497031,0.483534,0.105552,0.894213
0.492610,0.477086,0.089974,0.906950
0.495029,0.488139,0.104478,0.897554
0.503660,0.506067,0.113223,0.891561
0.482066,0.478126,0.087206,0.890221
0.502979,0.489039,0.109701,0.909954
0.499711,0.500037,0.096491,0.895739
0.492763,0.482947,0.092705,0.891440
0.507996,0.511898,0.106174,0.902587
0.506844,0.516505,0.097603,0.899035
0.495132,0.501588,0.098467,0.881675
0.501690,0.494328,0.111772,0.900948
0.501338,0.505008,0.097260,0.905265
0.497963,0.495855,0.093359,0.899616
0.486812,0.490256,0.087940,0.886426
0.514671,0.522410,0.119091,0.913099
0.484427,0.485859,0.092509,0.885855
0.513769,0.514065,0.105862,0.914065
0.516291,0.517090,0.114620,0.908442
0.506531,0.514637,0.099495,0.906148
0.497553,0.491237,0.097127,0.905048
0.506021,0.507092,0.093695,0.911802
0.506723,0.519571,0.097420,0.911126
0.501187,0.492731,0.099875,0.901705
0.492058,0.494804,0.094650,0.892219
0.513931,0.515245,0.106872,0.901800
0.501837,0.492271,0.101004,0.888132
0.512264,0.507625,0.110109,0.896736
0.511427,0.514292,0.113122,0.909809
0.531274,0.538797,0.120977,0.925395
0.501327,0.497289,0.092673,0.902966
0.505280,0.501123,0.099379,0.895820
0.514408,0.531678,0.115585,0.905546
0.502200,0.504573,0.095976,0.899836
0.515718,0.519525,0.107222,0.910446
0.495062,0.494131,0.095937,0.891218
0.507567,0.510659,0.096601,0.901214
0.503598,0.508272,0.105252,0.885031
0.507623,0.519338,0.103992,0.902468
0.503376,0.515688,0.100899,0.900538
0.498105,0.496724,0.093168,0.903006
0.503312,0.513102,0.096355,0.899826
0.502408,0.502872,0.097179,0.905831
0.511632,0.507156,0.109177,0.926138
0.489131,0.488105,0.085720,0.887766
0.504181,0.507394,0.107547,0.896269
0.498935,0.502840,0.103979,0.878162
0.481676,0.480289,0.089053,0.879752
0.493163,0.481897,0.104574,0.891290
0.510590,0.522162,0.113178,0.901237
0.502999,0.511245,0.102678,0.898237
0.492059,0.488695,0.095182,0.884355
0.524122,0.544575,0.113604,0.909060
0.490683,0.494119,0.085538,0.886281
0.492034,0.495466,0.086171,0.890960
0.479279,0.476562,0.081900,0.886387
0.486098,0.485654,0.089448,0.892207
0.491500,0.504328,0.086509,0.885993
0.505936,0.510598,0.105007,0.903999
0.502229,0.500967,0.096038,0.905066
0.506846,0.503260,0.105507,0.899191
0.493239,0.486024,0.104120,0.889301
0.502320,0.494918,0.099306,0.917297
0.505767,0.506529,0.096375,0.909802
0.504999,0.491980,0.107226,0.897509
0.494398,0.484415,0.098116,0.895028
0.497867,0.499677,0.088797,0.900295
0.490449,0.481801,0.100923,0.899900
0.496264,0.491545,0.101720,0.895274
0.507501,0.522230,0.093516,0.890705
0.502391,0.502840,0.105122,0.895624
0.494467,0.480728,0.105077,0.886043
0.517346,0.528073,0.119912,0.896541
0.501903,0.501186,0.103939,0.890804
0.493797,0.484612,0.103725,0.893847
0.467373,0.458940,0.086351,0.863787
0.502273,0.488975,0.099674,0.916158
0.508325,0.518359,0.117848,0.909785
0.495555,0.500043,0.093147,0.889389
0.490048,0.485956,0.097626,0.881861
0.495994,0.500764,0.101464,0.885307
0.486624,0.482805,0.088411,0.874638
0.511795,0.523719,0.098223,0.910413
0.484267,0.483002,0.090489,0.892712
0.510490,0.515517,0.112350,0.905089
0.509370,0.525564,0.102678,0.898835
0.500860,0.497201,0.099717,0.910404
0.480017,0.465468,0.094905,0.890596
0.506078,0.511010,0.101265,0.902752
0.508181,0.517135,0.101702,0.904421
0.491806,0.484515,0.098842,0.893881
0.478929,0.478511,0.091043,0.882324
0.501729,0.508683,0.099660,0.905985
0.522989,0.528511,0.127402,0.915979
0.497939,0.502412,0.097234,0.889533
0.493667,0.488970,0.099656,0.905435
0.503165,0.504124,0.115198,0.903507
0.504218,0.501258,0.102436,0.891071
0.502902,0.500836,0.110709,0.888893
0.528825,0.552643,0.115970,0.914331
0.494132,0.498218,0.101553,0.886033
0.493537,0.482604,0.102534,0.914351
0.499590,0.491664,0.096600,0.896260
0.493076,0.491485,0.095539,0.895777
0.519053,0.524934,0.115051,0.915780
0.492000,0.488862,0.097431,0.884956
0.487494,0.476091,0.094259,0.899560
0.473542,0.455040,0.089436,0.890415
0.494554,0.484209,0.093283,0.892842
0.488084,0.489248,0.091672,0.894177
0.506577,0.502011,0.109807,0.901525
0.503409,0.502690,0.091323,0.905661
0.497725,0.492857,0.092422,0.898009
0.507467,0.512996,0.105545,0.898393
0.505490,0.506880,0.098667,0.913119
0.500396,0.506811,0.100517,0.885636
0.479826,0.460120,0.091836,0.902130
0.508552,0.508182,0.109241,0.908239
0.509172,0.511814,0.108008,0.907600
0.493545,0.506466,0.090106,0.894934
0.499754,0.494005,0.092177,0.896860
0.495190,0.489060,0.093843,0.894843
0.497606,0.513933,0.086644,0.897883
0.490848,0.484035,0.092478,0.898913
0.488727,0.483941,0.094656,0.887037
0.493212,0.476821,0.107858,0.897531
0.472175,0.454471,0.082437,0.886706
0.520940,0.534070,0.107391,0.908559
0.509062,0.520852,0.105609,0.894141
0.482408,0.474637,0.094311,0.876615
0.505646,0.514296,0.119424,0.896434
0.494417,0.487589,0.089958,0.903403
0.496219,0.494639,0.095569,0.903153
0.495309,0.500567,0.094004,0.894475
0.490091,0.474168,0.092124,0.900917
0.506161,0.494248,0.125880,0.896863
0.513999,0.520267,0.119295,0.893718
0.506110,0.503434,0.117930,0.888080
0.480338,0.475226,0.088566,0.900968
0.489558,0.483933,0.106454,0.888821
0.503497,0.509484,0.110290,0.896131
0.511391,0.524346,0.107202,0.896408
0.497876,0.494480,0.103581,0.894248
0.490571,0.487032,0.091642,0.894541
0.497655,0.495497,0.104286,0.895965
0.501357,0.499533,0.114211,0.897660
0.510850,0.510039,0.106371,0.916067
0.478966,0.474074,0.100449,0.882852
0.511977,0.519131,0.098626,0.910841
0.505632,0.504187,0.103287,0.910482
0.505168,0.503909,0.109434,0.899633
0.507348,0.495048,0.111885,0.920813
0.494007,0.496320,0.089079,0.898348
0.489749,0.478223,0.094732,0.892668
0.504238,0.517410,0.097135,0.900980
0.478694,0.469822,0.086405,0.894095
0.496840,0.493725,0.108114,0.897583
0.496818,0.489898,0.103072,0.908516
0.489458,0.489399,0.100933,0.883842
0.506239,0.504116,0.097440,0.912941
0.493242,0.498102,0.093880,0.885746
0.501461,0.503994,0.100562,0.894683
0.508565,0.518767,0.107903,0.911807
0.490216,0.491162,0.103366,0.898422
0.504178,0.505499,0.090169,0.911251
0.500064,0.499280,0.104771,0.904356
0.500083,0.500228,0.105666,0.900295
0.494862,0.489755,0.096148,0.901727
0.505849,0.504378,0.101573,0.904796
0.507876,0.506522,0.104805,0.901547
0.502184,0.511333,0.096664,0.890020
0.493156,0.489873,0.092021,0.897142
0.513510,0.510163,0.104488,0.906434
0.496445,0.497880,0.098249,0.898057
0.497762,0.482124,0.107687,0.900808
0.508104,0.518493,0.104534,0.908261
0.499417,0.501542,0.095565,0.885023
0.525818,0.537619,0.119887,0.903928
0.522931,0.529369,0.110308,0.922421
0.496692,0.488105,0.104268,0.909778
0.501792,0.501755,0.096131,0.893466
0.493904,0.486042,0.104536,0.900006
0.510345,0.518509,0.102501,0.900741
0.482983,0.469078,0.097760,0.886188
0.490168,0.493127,0.089443,0.897342
0.493585,0.493421,0.095533,0.894930
0.498918,0.495320,0.097428,0.912229
0.512786,0.521722,0.095366,0.910730
0.503449,0.497797,0.115594,0.900571
0.497478,0.501952,0.088250,0.898051
0.498170,0.487529,0.110608,0.899307
0.501774,0.499607,0.108465,0.899669
0.503299,0.507345,0.102588,0.904286
0.499126,0.510327,0.092609,0.897547
0.506628,0.525081,0.108195,0.898451
0.498411,0.495759,0.101911,0.905729
0.498326,0.492090,0.119090,0.880317
0.507957,0.507380,0.129165,0.901150
0.502922,0.512075,0.097863,0.909166
0.515229,0.528667,0.103929,0.902069
0.494983,0.493287,0.098981,0.896471
0.491148,0.476610,0.103143,0.889257
0.517771,0.522728,0.100859,0.908370
0.491659,0.483878,0.105159,0.890942
0.488678,0.481756,0.095597,0.900516
0.502635,0.510846,0.098592,0.893679
0.501040,0.496191,0.094543,0.907485
0.491552,0.495713,0.093957,0.883935
0.491674,0.485224,0.102587,0.903331
0.492207,0.482452,0.104303,0.895843
0.505694,0.496844,0.107696,0.910296
0.501279,0.521086,0.092345,0.892128
0.499418,0.490223,0.092509,0.912577
0.491286,0.481366,0.089629,0.900884
0.490610,0.486895,0.093425,0.889177
0.500534,0.492440,0.109076,0.898121
0.506601,0.511732,0.100412,0.895938
0.496836,0.504166,0.090610,0.899204
0.490675,0.475595,0.093142,0.898756
0.518183,0.519237,0.106192,0.909703
0.501734,0.509568,0.100789,0.902430
0.500598,0.511924,0.099193,0.889837
0.490597,0.489802,0.101422,0.899054
0.497759,0.507300,0.092147,0.891665
0.501319,0.507270,0.100996,0.906468
0.509669,0.518867,0.107545,0.906216
0.512067,0.509474,0.119985,0.898597
0.501421,0.494677,0.106652,0.906093
0.499482,0.501092,0.101831,0.890622
0.517236,0.518799,0.118974,0.918282
0.499813,0.497011,0.103421,0.888490
0.495435,0.493898,0.094595,0.892140
0.496539,0.487577,0.105450,0.897870
0.490300,0.488826,0.097947,0.898309
0.500242,0.504220,0.101519,0.895868
0.514482,0.512001,0.113843,0.910307
0.494519,0.489312,0.105219,0.906791
0.502882,0.513991,0.093405,0.899880
0.504221,0.514516,0.116283,0.884864
0.500095,0.491726,0.093093,0.908567
0.502495,0.499869,0.094478,0.915889
0.509044,0.513544,0.104743,0.908440
0.502481,0.505870,0.110575,0.900824
0.508590,0.512553,0.100363,0.888205
0.501677,0.503731,0.116966,0.879520
0.522170,0.535615,0.105419,0.919643
0.504778,0.504581,0.103660,0.899175
0.512171,0.507076,0.121117,0.894135
0.498937,0.510397,0.101153,0.888028
0.501384,0.505774,0.087124,0.901502
0.496412,0.493068,0.093917,0.894387
0.515541,0.510843,0.127248,0.907673
0.503821,0.496994,0.102136,0.909179
0.507813,0.519141,0.099384,0.905250
0.497933,0.500269,0.090412,0.886741
0.504281,0.521350,0.087709,0.905902
0.504501,0.502426,0.095099,0.905574
0.497777,0.488248,0.096516,0.900952
0.495095,0.494772,0.104329,0.889994
0.501779,0.507434,0.089976,0.900322
0.517013,0.524221,0.120046,0.911340
0.506988,0.502117,0.100629,0.916364
0.491042,0.484557,0.088599,0.899962
0.511746,0.512654,0.102274,0.910585
0.516536,0.518342,0.098378,0.908904
0.505859,0.500218,0.104020,0.906608
0.513312,0.517200,0.111535,0.913354
0.491351,0.487508,0.097079,0.895048
0.499617,0.501694,0.106621,0.893694
0.487560,0.489147,0.093622,0.899065
0.506345,0.515231,0.099414,0.915191
0.498896,0.503245,0.112829,0.901637
0.509215,0.511328,0.091462,0.904067
0.494908,0.496229,0.098809,0.884729
0.499961,0.505589,0.102791,0.901247
0.498688,0.494361,0.087618,0.908224
0.524329,0.523156,0.106819,0.921219
0.500632,0.505579,0.091038,0.918294
0.484943,0.466400,0.093636,0.896355
0.503779,0.504918,0.099233,0.902519
0.503068,0.514478,0.094093,0.897596
0.479364,0.464791,0.102334,0.887666
0.499920,0.503993,0.093667,0.906199
0.483197,0.472202,0.088620,0.891698
0.490835,0.494944,0.094373,0.903438
0.504169,0.508461,0.104578,0.895569
0.507087,0.516469,0.100375,0.902944
0.494037,0.486227,0.098298,0.898268
0.492968,0.501656,0.098105,0.873915
0.485266,0.492639,0.087151,0.879703
0.492395,0.487217,0.093454,0.894214
0.490029,0.490608,0.101906,0.886639
0.490243,0.477560,0.090477,0.901928
0.499844,0.493437,0.096367,0.896176
0.492300,0.484226,0.094405,0.883845
0.509367,0.514312,0.106270,0.904773
0.498668,0.507797,0.097400,0.896821
0.507736,0.514610,0.093569,0.906556
0.502566,0.507407,0.099023,0.901565
0.511546,0.522469,0.114013,0.903388
0.495288,0.494484,0.100762,0.888721
0.511590,0.517659,0.100588,0.917435
0.512869,0.512954,0.116018,0.902898
0.509965,0.510625,0.100506,0.901662
0.506353,0.518923,0.091115,0.890496
0.501457,0.490121,0.093230,0.912788
0.495275,0.489258,0.097255,0.894019
0.482667,0.471488,0.085915,0.886686
0.490455,0.494898,0.099244,0.882176
0.500615,0.503302,0.107865,0.904122
0.493176,0.499084,0.096937,0.882043
0.475997,0.467145,0.100346,0.871679
0.501421,0.504554,0.089337,0.919079
0.504965,0.511722,0.096788,0.906739
0.494869,0.497014,0.102285,0.896757
0.505974,0.504228,0.109670,0.901981
0.504028,0.504598,0.093778,0.897364
0.498148,0.490051,0.092836,0.908470
0.500220,0.493036,0.098451,0.901567
0.497210,0.493275,0.092279,0.908834
0.522685,0.526300,0.114099,0.912465
0.491265,0.477754,0.102375,0.877666
0.505928,0.511400,0.107873,0.897912
0.513876,0.519225,0.100281,0.917317
0.506120,0.519554,0.101537,0.903643
0.506890,0.513255,0.106846,0.897484
0.506365,0.511337,0.102991,0.902628
0.491911,0.487934,0.100435,0.891287
0.493591,0.506030,0.086173,0.890804
0.495790,0.498341,0.095373,0.891134
0.501304,0.507927,0.092165,0.883739
0.510030,0.526274,0.100789,0.902752
0.484792,0.464760,0.093307,0.891518
0.501008,0.502099,0.098378,0.895132
0.494014,0.496893,0.090983,0.889945
0.476156,0.462271,0.090929,0.882759
0.499844,0.495748,0.099408,0.906044
0.492463,0.493172,0.086966,0.892882
0.492404,0.488664,0.091087,0.897325
0.488138,0.478726,0.108722,0.887294
0.491999,0.489482,0.092248,0.900224
0.490704,0.482758,0.087712,0.905306
0.501635,0.507450,0.105124,0.900155
0.494039,0.495318,0.096130,0.904965
0.492506,0.496024,0.089320,0.901655
0.510687,0.514282,0.108534,0.899348
0.488009,0.480965,0.090344,0.888702
0.490672,0.483882,0.084525,0.909953
0.462586,0.447412,0.069804,0.881936
0.500462,0.501204,0.104243,0.901268
0.497262,0.499436,0.109804,0.901431
0.499331,0.499625,0.091442,0.907003
0.500732,0.507375,0.092135,0.905657
0.506841,0.511683,0.106840,0.909425
0.493838,0.490027,0.097294,0.894678
0.494510,0.492383,0.087492,0.907005
0.513079,0.512437,0.110625,0.908523
0.494438,0.498158,0.107232,0.891144
0.508486,0.503965,0.110933,0.911961
0.488328,0.478257,0.099115,0.891938
0.501437,0.501287,0.115299,0.890234
0.501186,0.494906,0.108037,0.903712
0.508612,0.495572,0.097229,0.913743
0.499145,0.509232,0.100984,0.892113
0.504550,0.517558,0.083736,0.906818
0.496277,0.496781,0.086563,0.895670
0.511765,0.520580,0.109621,0.907528
0.512601,0.512994,0.112252,0.915955
0.502130,0.500153,0.099097,0.909694
0.500861,0.496750,0.095474,0.899615
0.499463,0.499991,0.103965,0.895896
0.503640,0.516947,0.096475,0.918363
0.496587,0.487156,0.104228,0.897097
0.506410,0.521105,0.096868,0.910767
0.503762,0.512019,0.104325,0.901857
0.486689,0.470829,0.084505,0.886730
0.503862,0.511884,0.096213,0.903828
0.495085,0.495709,0.095358,0.903755
0.512444,0.519967,0.097984,0.908069
0.497565,0.503748,0.109456,0.888996
0.490047,0.481290,0.086070,0.894413
0.491753,0.489416,0.093842,0.883044
0.504780,0.507892,0.110856,0.897911
0.494969,0.503026,0.092510,0.891610
0.495845,0.478942,0.104866,0.902117
0.489878,0.499688,0.100916,0.894994
0.493009,0.485324,0.099539,0.893679
0.499946,0.485151,0.107056,0.908808
0.510680,0.520006,0.111180,0.909986
0.514872,0.515319,0.119067,0.906567
0.509062,0.510967,0.107431,0.905540
0.489464,0.485897,0.094035,0.893244
0.497617,0.486039,0.100555,0.907045
0.493730,0.488541,0.096695,0.887466
0.491498,0.491982,0.102002,0.896156
0.493527,0.489438,0.115790,0.884982
0.492998,0.486198,0.097826,0.901149
0.491547,0.478088,0.109831,0.897393
0.493066,0.492804,0.092893,0.893185
0.501572,0.501009,0.099204,0.902400
0.500074,0.494172,0.101443,0.901480
0.510052,0.510031,0.107749,0.901719
0.497430,0.493847,0.105275,0.904602
0.493234,0.497705,0.089596,0.896580
0.511120,0.508947,0.108797,0.914937
0.501660,0.497913,0.112488,0.903359
0.504130,0.500971,0.102089,0.908123
0.503647,0.501797,0.111884,0.893315
0.482941,0.483854,0.086686,0.876139
0.512358,0.510556,0.107426,0.909685
0.498655,0.492575,0.104286,0.889964
0.490442,0.491109,0.088040,0.901393
0.504139,0.506556,0.100839,0.901411
0.501316,0.492835,0.102123,0.892591
0.496718,0.499375,0.094105,0.906186
0.495878,0.510893,0.091702,0.893244
0.498801,0.496905,0.100901,0.906497
0.492602,0.491402,0.085966,0.895889
0.506810,0.515306,0.102680,0.898141
0.486995,0.480697,0.086477,0.895314
0.495426,0.489654,0.116904,0.895503
0.487617,0.472564,0.099773,0.898327
0.511868,0.513338,0.102235,0.907396
0.497061,0.502119,0.099291,0.892948
0.497408,0.501905,0.099271,0.893077
0.490248,0.478556,0.089965,0.887998
0.475831,0.466934,0.079132,0.879639
0.504542,0.512556,0.105981,0.897370
0.497135,0.488199,0.100592,0.890576
0.501994,0.500710,0.094829,0.909609
0.517835,0.531233,0.121204,0.914392
0.501221,0.508917,0.098670,0.908043
0.501985,0.494994,0.106665,0.904302
0.492330,0.493110,0.086137,0.893034
0.502389,0.510362,0.097290,0.897817
0.501342,0.504509,0.101023,0.897757
0.488195,0.486516,0.088764,0.891605
0.495081,0.485195,0.098366,0.892116
0.504040,0.501796,0.108522,0.902772
0.491184,0.478636,0.098053,0.899099
0.496486,0.495655,0.100451,0.897550
0.510761,0.501403,0.110823,0.911193
0.503507,0.520636,0.097591,0.902251
0.495623,0.481112,0.091618,0.897539
0.500298,0.504033,0.095378,0.895786
0.489828,0.484628,0.099877,0.903257
0.513999,0.524027,0.114475,0.895831
0.478965,0.474866,0.094738,0.879306
0.503934,0.510941,0.100999,0.911580
0.494116,0.493565,0.094439,0.905202
0.485318,0.492227,0.082513,0.891350
0.492207,0.496573,0.099548,0.898898
0.486278,0.476890,0.087474,0.885281
0.498928,0.507559,0.098945,0.903174
0.505875,0.523201,0.093471,0.901415
0.494097,0.483233,0.099627,0.896911
0.498002,0.502495,0.097708,0.889168
0.505079,0.505670,0.110316,0.903305
0.506546,0.509473,0.100054,0.905351
0.509119,0.519064,0.113004,0.901970
0.511195,0.508190,0.113112,0.899743
0.503072,0.506191,0.096153,0.905787
0.493571,0.492919,0.100039,0.899452
0.505238,0.504756,0.102968,0.906997
0.502582,0.504347,0.101335,0.904238
0.504190,0.502588,0.104233,0.899331
0.494861,0.493459,0.106196,0.900106
0.503872,0.500387,0.094706,0.888847
0.506230,0.515647,0.108006,0.897502
0.495199,0.491536,0.111306,0.900317
0.499188,0.499000,0.105332,0.892087
0.488559,0.470473,0.103704,0.892070
0.501195,0.508676,0.096483,0.904594
0.485144,0.476966,0.094848,0.904959
0.494965,0.491994,0.106040,0.901147
0.497281,0.496422,0.092934,0.902806
0.500342,0.506775,0.094736,0.902223
0.505495,0.490700,0.114532,0.897393
0.499385,0.501524,0.097789,0.901991
0.503710,0.509090,0.109912,0.896278
0.511302,0.511100,0.115787,0.903609
0.503153,0.508317,0.101134,0.896991
0.514691,0.518723,0.116229,0.911109
0.496561,0.488939,0.094990,0.894423
0.504005,0.501466,0.112088,0.909331
0.498805,0.504803,0.105280,0.888774
0.516925,0.526428,0.107768,0.915569
0.493215,0.488611,0.088830,0.903764
0.513038,0.520276,0.109493,0.910587
0.501529,0.511127,0.095224,0.886469
0.493763,0.492189,0.097362,0.893598
0.481365,0.469782,0.091453,0.888949
0.515210,0.511282,0.119791,0.911271
0.501800,0.507408,0.104213,0.896808
0.511804,0.521712,0.106254,0.903378
0.488745,0.484175,0.088478,0.890119
0.503684,0.505423,0.090261,0.902240
0.504751,0.518998,0.101754,0.899703
0.502357,0.507659,0.089937,0.899110
0.494474,0.493043,0.094412,0.894291
0.491283,0.475810,0.084964,0.906977
0.502145,0.506157,0.103535,0.892956
0.501288,0.492484,0.105256,0.903912
0.508996,0.530415,0.087069,0.905659
0.505909,0.509741,0.102662,0.901330
0.495423,0.490837,0.096379,0.899101
0.495120,0.493561,0.098669,0.891908
0.490276,0.490149,0.095618,0.892923
0.500128,0.500834,0.105172,0.884812
0.507740,0.512466,0.109005,0.904374
0.505398,0.514920,0.106350,0.903172
0.502804,0.506477,0.097571,0.912967
0.499325,0.498759,0.100060,0.890742
0.506682,0.506030,0.105820,0.909796
0.489218,0.475310,0.090472,0.894589
0.494286,0.493755,0.098199,0.890194
0.495880,0.501516,0.097025,0.895529
0.487301,0.479988,0.110356,0.880986
0.497411,0.508265,0.094383,0.894956
0.504917,0.508316,0.108511,0.896729
0.489892,0.480119,0.093972,0.906314
0.492754,0.497567,0.094003,0.905490
0.494921,0.493764,0.097272,0.899949
0.489044,0.488669,0.099162,0.896481
0.507890,0.503707,0.104316,0.907656
0.488051,0.492471,0.101486,0.879766
0.513794,0.515856,0.122676,0.890515
0.498836,0.497393,0.098172,0.905115
0.504169,0.510072,0.104608,0.891818
0.507846,0.515384,0.107749,0.902438
0.502291,0.498002,0.096475,0.902201
0.507802,0.505130,0.103180,0.896476
0.503834,0.506319,0.093475,0.891528
0.496927,0.490064,0.094541,0.905227
0.500953,0.492169,0.099771,0.905781
0.494112,0.486396,0.096669,0.882325
0.495936,0.490729,0.103946,0.909131
0.491228,0.498213,0.092257,0.889662
0.504347,0.500870,0.101955,0.898027
0.509572,0.507313,0.117023,0.909471
0.485207,0.479160,0.094270,0.889802
0.496810,0.497956,0.105179,0.889873
0.512222,0.511241,0.119913,0.901070
0.497825,0.498837,0.096378,0.891849
0.492401,0.494238,0.105294,0.892687
0.495637,0.489889,0.099226,0.891163
0.495581,0.490268,0.096398,0.895796
0.479137,0.468170,0.079296,0.885275
0.491646,0.489001,0.082324,0.899140
0.496029,0.498167,0.099030,0.909000
0.502256,0.503128,0.096085,0.893634
0.486433,0.479454,0.090797,0.891944
0.498446,0.496804,0.098466,0.904701
0.510240,0.508601,0.104261,0.913638
0.508003,0.515807,0.102766,0.900297
0.498038,0.494315,0.109462,0.891753
0.493086,0.488389,0.081573,0.909770
0.506618,0.518397,0.106034,0.889679
0.499289,0.493782,0.103684,0.900555
0.504749,0.507623,0.097325,0.905819
0.510971,0.507026,0.112983,0.903327
0.516251,0.524212,0.105049,0.905035
0.495075,0.494192,0.094585,0.904713
0.500631,0.500674,0.100286,0.905618
0.507572,0.499249,0.119146,0.906627
0.498134,0.497111,0.101790,0.904194
0.490162,0.469698,0.098514,0.905902
0.504225,0.507097,0.103853,0.892232
0.524668,0.542683,0.112433,0.918028
0.510131,0.513342,0.106316,0.900878
0.503461,0.513543,0.092133,0.900877
0.493596,0.478769,0.113394,0.901862
0.498358,0.499234,0.100576,0.914780
0.509256,0.518110,0.105277,0.913247
0.507100,0.504799,0.102148,0.903946
0.499392,0.500298,0.100093,0.889959
0.495319,0.489884,0.095125,0.896598
0.500585,0.506638,0.103550,0.890198
0.511686,0.518220,0.103349,0.899653
0.502737,0.510883,0.100403,0.900341
0.507775,0.517237,0.110315,0.906336
0.492393,0.481004,0.098578,0.912307
0.503228,0.497064,0.102037,0.900882
0.500171,0.496209,0.099322,0.898824
0.500724,0.512318,0.100300,0.895068
0.508546,0.518535,0.102919,0.891015
0.481667,0.469968,0.088155,0.879858
0.488593,0.491577,0.097781,0.890994
0.507445,0.519264,0.109947,0.901099
0.527490,0.545536,0.104978,0.907701
0.498556,0.499562,0.089430,0.909660
0.482281,0.467291,0.090041,0.896948
0.496742,0.481746,0.093943,0.912533
0.508317,0.494610,0.106177,0.912434
0.501676,0.516373,0.092849,0.899172
0.486341,0.474095,0.101404,0.890147
0.495133,0.501351,0.087542,0.893599
0.501503,0.504384,0.102876,0.901610
0.486297,0.478087,0.101649,0.886955
0.485167,0.480394,0.100587,0.886408
0.496609,0.497570,0.105903,0.897764
0.496305,0.493733,0.098013,0.903962
0.491574,0.481788,0.103543,0.900189
0.495807,0.495679,0.108354,0.893958
0.498933,0.503589,0.092572,0.896332
0.500857,0.498896,0.093691,0.911453
0.500835,0.502687,0.098608,0.889936
0.494668,0.497703,0.102546,0.884544
0.509317,0.513172,0.104883,0.908614
0.502039,0.513277,0.103769,0.894074
0.494567,0.498845,0.088994,0.890807
0.513293,0.516057,0.112637,0.913501
0.513264,0.517077,0.103221,0.909147
0.495292,0.498669,0.104488,0.887582
0.500194,0.506991,0.089268,0.905230
0.495002,0.481460,0.098662,0.890399
0.496449,0.508780,0.100093,0.888535
0.508493,0.510238,0.120614,0.901870
0.489367,0.499689,0.092628,0.883704
0.504487,0.508720,0.104101,0.891102
0.499040,0.494881,0.109761,0.896999
0.503152,0.504349,0.098723,0.908161
0.498791,0.502573,0.094006,0.899616
0.523142,0.531987,0.119305,0.912547
0.490875,0.484499,0.101665,0.889478
0.516047,0.518571,0.107303,0.916724
0.474977,0.455192,0.081817,0.885420
0.484302,0.475486,0.088850,0.884555
0.502280,0.507170,0.103716,0.892271
0.502289,0.501078,0.087778,0.907273
0.503022,0.499157,0.120683,0.904665
0.460888,0.443867,0.087900,0.880800
0.503802,0.523335,0.098574,0.877081
0.488123,0.484844,0.101514,0.896539
0.499820,0.499705,0.091316,0.900592
0.495120,0.497529,0.094402,0.895871
0.487002,0.471837,0.108190,0.873677
0.501308,0.507686,0.102665,0.890221
0.494896,0.490846,0.102446,0.892513
0.499891,0.503821,0.097417,0.890055
0.508008,0.515297,0.105485,0.907470
0.487262,0.471623,0.095796,0.893024
0.503119,0.493848,0.105808,0.903088
0.508703,0.516262,0.094776,0.918188
0.501017,0.502972,0.098670,0.896497
0.494121,0.492070,0.107859,0.888580
0.497501,0.502510,0.096291,0.907424
0.495899,0.474688,0.100575,0.904908
0.496496,0.497654,0.103943,0.882116
0.508321,0.510895,0.108546,0.893177
0.496348,0.497908,0.106009,0.883165
0.515559,0.518253,0.111362,0.908118
0.507563,0.498384,0.116367,0.913464
0.488905,0.484179,0.083306,0.901071
0.498428,0.496265,0.098382,0.889307
0.514317,0.525479,0.100458,0.913135
0.500578,0.505578,0.100710,0.905829
0.498252,0.495795,0.094112,0.903223
0.501314,0.512570,0.096312,0.901441
0.497606,0.500533,0.095415,0.902979
0.495071,0.494270,0.098654,0.895788
0.505411,0.514814,0.097483,0.897946
0.519958,0.526975,0.110054,0.904382
0.513706,0.513292,0.114532,0.896290
0.504096,0.507015,0.087462,0.911793
0.499186,0.494717,0.094502,0.906362
0.489122,0.482609,0.101080,0.893688
0.499592,0.492924,0.109270,0.896955
0.503040,0.501628,0.101166,0.893618
0.509262,0.497535,0.105982,0.910548
0.510984,0.519283,0.111664,0.899516
0.504146,0.507392,0.091435,0.900530
0.499827,0.493796,0.109471,0.895230
0.511396,0.505845,0.114483,0.918440
0.502403,0.516974,0.096814,0.906475
0.497603,0.496151,0.097400,0.899132
0.500340,0.500178,0.094176,0.902572
0.479053,0.479490,0.088320,0.879030
0.512908,0.510594,0.104488,0.921812
0.495087,0.490611,0.093388,0.903482
0.516693,0.524077,0.103093,0.906990
0.508915,0.520803,0.090009,0.906028
0.492806,0.469312,0.097029,0.905693
0.491005,0.490205,0.094129,0.900028
0.517153,0.529794,0.102932,0.910315
0.496527,0.500321,0.096701,0.903048
0.500331,0.503980,0.101714,0.896112
0.510901,0.524178,0.100113,0.902218
0.503919,0.516039,0.095511,0.887777
0.497499,0.491785,0.100395,0.898067
0.501395,0.509763,0.090733,0.901822
0.494326,0.481778,0.103813,0.902921
0.491511,0.483048,0.101756,0.894069
0.484232,0.477683,0.080732,0.892872
0.494600,0.485708,0.097047,0.905020
0.496191,0.492891,0.114955,0.889248
0.486470,0.482066,0.098679,0.894438
0.490441,0.489157,0.093314,0.881576
0.505033,0.522128,0.106940,0.899249
0.503163,0.503865,0.105308,0.906823
0.491670,0.481073,0.104941,0.893024
0.497397,0.501113,0.101318,0.901752
0.501825,0.495722,0.099373,0.896657
0.492803,0.484000,0.098324,0.904531
0.503110,0.506677,0.102092,0.898736
0.508419,0.509044,0.106033,0.905912
0.503170,0.504223,0.103351,0.908164
0.496004,0.495395,0.106681,0.885038
0.500075,0.498770,0.100684,0.899071
0.499716,0.510514,0.100984,0.899173
0.502600,0.498838,0.114473,0.893999
0.496853,0.496550,0.105662,0.890853
0.517559,0.529396,0.093916,0.909968
0.501511,0.507136,0.101487,0.904500
0.509148,0.521340,0.102436,0.896884
0.498159,0.501972,0.105145,0.884565
0.503765,0.506868,0.106154,0.906937
0.496628,0.492519,0.105514,0.896730
0.511109,0.514364,0.112865,0.903731
0.496058,0.481990,0.095699,0.900932
0.499708,0.489437,0.105320,0.901814
0.521527,0.540044,0.108366,0.914571
0.503459,0.514202,0.097584,0.904437
0.487680,0.487386,0.101069,0.869317
0.501873,0.498298,0.098596,0.905238
0.502038,0.508686,0.103009,0.890205
0.499568,0.511221,0.090646,0.893000
0.511827,0.517783,0.101120,0.909141
0.501939,0.507927,0.114476,0.896181
0.517162,0.518719,0.108639,0.905852
0.504685,0.507086,0.109584,0.900746
0.501716,0.500439,0.092645,0.899878
0.506297,0.504761,0.102863,0.901773
0.505952,0.517628,0.105947,0.895087
0.472788,0.453468,0.076782,0.895901
0.509187,0.515487,0.110047,0.889859
0.505897,0.514312,0.094727,0.900913
0.505712,0.511717,0.098854,0.899087
0.504539,0.511449,0.105440,0.899437
0.496877,0.481755,0.102839,0.900825
0.517761,0.518043,0.130991,0.898980
0.486188,0.467396,0.100228,0.893833
0.505545,0.505875,0.104471,0.907733
0.518711,0.534492,0.116167,0.906856
0.492309,0.483925,0.106131,0.883088
0.509775,0.508757,0.105975,0.916491
0.505209,0.508377,0.110291,0.891653
0.496912,0.477536,0.095703,0.904090
0.503854,0.509722,0.106360,0.901915
0.505287,0.504908,0.097721,0.908410
0.502484,0.510197,0.098682,0.894606
0.498523,0.497122,0.098605,0.897439
0.504502,0.525361,0.093279,0.896439
0.501605,0.504212,0.092333,0.906801
0.502328,0.504826,0.103758,0.885773
0.483271,0.472069,0.087704,0.892605
0.496577,0.495657,0.091920,0.892831
0.491668,0.477088,0.090969,0.910341
0.492513,0.496719,0.101133,0.882676
0.479046,0.473243,0.081080,0.878134
0.486151,0.471327,0.083404,0.902221
0.500464,0.502503,0.109239,0.904472
0.514143,0.525547,0.108910,0.909852
0.500642,0.503338,0.101955,0.895380
0.513069,0.517131,0.095571,0.907188
0.485661,0.480286,0.093416,0.896551
0.483647,0.481451,0.091473,0.892408
0.506377,0.518300,0.102185,0.896333
0.505097,0.514502,0.113979,0.893601
0.479271,0.463679,0.090596,0.896531
0.506814,0.503534,0.099744,0.900866
0.501603,0.495198,0.112938,0.905579
0.493354,0.492507,0.094810,0.900111
0.521038,0.537746,0.103264,0.904918
0.503779,0.497772,0.103581,0.908470
0.483039,0.472120,0.089285,0.897927
0.498523,0.507571,0.097470,0.881558
0.499461,0.492835,0.108235,0.902226
0.493554,0.486057,0.107808,0.900986
0.503063,0.505999,0.107157,0.912594
0.504583,0.503861,0.117965,0.903011
0.474758,0.472546,0.081909,0.889082
0.504473,0.500870,0.098884,0.905822
0.490357,0.488117,0.082887,0.884351
0.499880,0.493726,0.106044,0.904831
0.504706,0.506509,0.099196,0.900609
0.509931,0.514183,0.102304,0.915223
0.501197,0.507890,0.084652,0.904566
0.495151,0.488583,0.084854,0.902203
0.502143,0.517638,0.093157,0.905942
0.503923,0.520366,0.110200,0.892362
0.488942,0.479306,0.092858,0.904156
0.494763,0.503581,0.093062,0.893045
0.489219,0.486875,0.103396,0.890972
0.520234,0.523788,0.103030,0.920192
0.461802,0.447911,0.089194,0.868721
0.477651,0.464140,0.084089,0.888910
0.503870,0.512070,0.106264,0.906660
0.514249,0.531077,0.115505,0.897136
0.501047,0.503354,0.112068,0.895060
0.502913,0.497809,0.117239,0.903725
0.503501,0.507093,0.110541,0.894158
0.509031,0.520069,0.102168,0.902654
0.509819,0.508455,0.108947,0.919308
0.503116,0.502031,0.092725,0.909018
0.506093,0.501776,0.108823,0.912563
0.496916,0.490754,0.102740,0.893059
0.509272,0.517920,0.111623,0.910829
0.495842,0.497025,0.091051,0.896732
0.514016,0.504263,0.099228,0.914408
0.506040,0.513977,0.096413,0.903246
0.502500,0.509868,0.091788,0.901187
0.502349,0.513098,0.093059,0.905887
0.503758,0.522849,0.086224,0.892576
0.514024,0.520694,0.109190,0.904159
0.500003,0.504945,0.102948,0.899970
0.501423,0.504881,0.111987,0.889857
0.498219,0.497619,0.099884,0.911740
0.497322,0.483640,0.086836,0.902344
0.485438,0.484177,0.097541,0.887786
0.509536,0.511207,0.106763,0.909068
0.493189,0.494481,0.110336,0.892201
0.494893,0.481754,0.109827,0.903459
0.487020,0.475138,0.098914,0.899039
0.500464,0.498840,0.110197,0.892678
0.492575,0.487052,0.098790,0.895151
0.500634,0.498567,0.104781,0.900060
0.486655,0.474555,0.085896,0.898369
0.485408,0.477527,0.090806,0.887276
0.486585,0.478321,0.087633,0.904878
0.494693,0.490482,0.099629,0.897194
0.500928,0.507897,0.091308,0.908933
0.499057,0.484019,0.096720,0.909257
0.496771,0.507822,0.082397,0.900276
0.513780,0.525440,0.107261,0.901407
0.499280,0.504629,0.099629,0.892955
0.484100,0.479981,0.091186,0.890715
0.509145,0.519423,0.105619,0.907322
0.502643,0.494401,0.096089,0.900966
0.500270,0.514476,0.107035,0.895487
0.483037,0.475701,0.099304,0.881766
0.501708,0.490571,0.114268,0.903910
0.496215,0.497259,0.096099,0.898920
0.491167,0.488738,0.095149,0.901108
0.517276,0.528144,0.115150,0.907542
0.508093,0.526845,0.106187,0.894895
0.495359,0.492288,0.096542,0.898341
0.494857,0.495341,0.101175,0.898162
0.499177,0.499921,0.103842,0.903937
0.491543,0.481164,0.105192,0.899786
0.514668,0.527047,0.111612,0.897025
0.493809,0.487817,0.089248,0.893814
0.509111,0.517462,0.100088,0.906385
0.512172,0.511163,0.109876,0.913660
0.494412,0.489567,0.105489,0.892766
0.510618,0.510144,0.108540,0.901309
0.499767,0.512405,0.100208,0.897076
0.513713,0.515208,0.125384,0.892668
0.486445,0.479541,0.097197,0.897893
0.529193,0.538131,0.109291,0.920576
0.489158,0.493954,0.086282,0.896732
0.501280,0.503153,0.104618,0.907475
0.490465,0.483922,0.108478,0.886854
0.504476,0.516376,0.106664,0.897513
0.503770,0.510164,0.100407,0.898748
0.502984,0.509939,0.099225,0.908897
0.507020,0.505355,0.103280,0.902448
0.513260,0.525617,0.110648,0.897572
0.507233,0.514252,0.090239,0.906537
0.503526,0.512039,0.098472,0.890498
0.496022,0.502336,0.106461,0.882380
0.487831,0.481744,0.095737,0.881191
0.491129,0.496028,0.095422,0.874139
0.499187,0.506897,0.095119,0.890301
0.496055,0.496773,0.095062,0.897643
0.483862,0.460950,0.090931,0.899124
0.501850,0.501604,0.102574,0.898564
0.509993,0.506277,0.113924,0.908420
0.505126,0.515382,0.096635,0.902402
0.499613,0.505190,0.106221,0.899060
0.502124,0.507835,0.107033,0.911584
0.488507,0.472278,0.095969,0.897991
0.499845,0.506116,0.093640,0.902534
0.511075,0.518631,0.099642,0.909808
0.514825,0.524660,0.106920,0.896684
0.493007,0.473321,0.093134,0.899838
0.501382,0.504690,0.107523,0.891283
0.512009,0.519271,0.094448,0.905480
0.493950,0.489992,0.101245,0.904616
0.495162,0.479213,0.107833,0.892822
0.494203,0.490063,0.104286,0.891929
0.496677,0.505940,0.082799,0.891368
0.497077,0.483615,0.096496,0.908831
0.494659,0.490822,0.098047,0.886844
0.507291,0.517313,0.087497,0.906439
0.517434,0.525826,0.102166,0.916667
0.503762,0.501460,0.101638,0.903935
0.503315,0.505146,0.089901,0.898859
0.472866,0.457283,0.075854,0.870424
0.489097,0.483185,0.089121,0.887133
0.513937,0.519900,0.105981,0.911240
0.489078,0.496285,0.095039,0.892672
0.511391,0.513055,0.116348,0.909324
0.491862,0.486894,0.103924,0.893600
0.492862,0.495356,0.095537,0.900353
0.507411,0.503945,0.109970,0.896544
0.496275,0.495279,0.089045,0.907528
0.494780,0.494908,0.092519,0.888889
0.503882,0.497981,0.103552,0.897676
0.505262,0.501210,0.104557,0.917582
0.487825,0.482034,0.094311,0.886588
0.513259,0.526500,0.092634,0.908685
0.489285,0.483977,0.098559,0.912847
0.496811,0.503165,0.115422,0.885822
0.502988,0.503142,0.095450,0.906961
0.496068,0.494883,0.094497,0.893091
0.496608,0.500738,0.105702,0.893272
0.484165,0.480209,0.090090,0.883199
0.490649,0.480622,0.091422,0.889105
0.479164,0.481482,0.093516,0.883092
0.505477,0.507317,0.107795,0.903163
0.494707,0.477300,0.106359,0.904878
0.506240,0.503841,0.110943,0.902395
0.499692,0.501578,0.092379,0.897516
0.497261,0.499067,0.099655,0.899092
0.505346,0.510054,0.108988,0.902110
0.500257,0.514926,0.092425,0.895157
0.499861,0.492726,0.105944,0.892830
0.518282,0.533694,0.101751,0.924434
0.495629,0.499193,0.087641,0.892892
0.494273,0.491385,0.095407,0.891654
0.510196,0.512179,0.096718,0.914449
0.486378,0.493522,0.097305,0.872201
0.493315,0.496588,0.106337,0.884288
0.465517,0.460840,0.085030,0.862683
0.490309,0.495426,0.084556,0.895611
0.505445,0.497201,0.102268,0.906644
0.508929,0.511841,0.104038,0.903432
0.490188,0.482933,0.096963,0.895422
0.485520,0.474222,0.098543,0.899282
0.491241,0.488424,0.105111,0.882794
0.490598,0.483453,0.097870,0.895452
0.513435,0.519278,0.120001,0.912446
0.502376,0.495630,0.114395,0.892213
0.493603,0.489164,0.097617,0.897596
0.494793,0.498749,0.095856,0.891121
0.511161,0.510925,0.101827,0.910538
0.493528,0.498165,0.088846,0.893469
0.490783,0.476006,0.086757,0.891863
0.505893,0.499116,0.097395,0.909919
0.498220,0.497422,0.099360,0.891554
0.499692,0.505934,0.093906,0.906071
0.493204,0.490120,0.101160,0.905673
0.492852,0.490105,0.090369,0.904267
0.491714,0.491904,0.094484,0.874499
0.505373,0.497925,0.111747,0.899762
0.496745,0.504895,0.092330,0.893273
0.488281,0.474938,0.094868,0.887123
0.502019,0.496714,0.109113,0.899802
0.488505,0.480387,0.103276,0.897432
0.498385,0.498886,0.100129,0.898605
0.513084,0.523899,0.098540,0.902574
0.493411,0.489180,0.102705,0.898710
0.491525,0.483905,0.094827,0.901949
0.508855,0.519641,0.103888,0.904495
0.502167,0.507677,0.096148,0.908307
0.497672,0.482168,0.103567,0.905014
0.500312,0.502172,0.108578,0.888451
0.492936,0.499933,0.088579,0.892681
0.502948,0.524268,0.091307,0.897204
0.499335,0.503628,0.096313,0.904592
0.492230,0.491940,0.092048,0.894450
0.490139,0.481290,0.094535,0.890952
0.497073,0.488634,0.095895,0.904849
0.483667,0.474017,0.098971,0.886372
0.502996,0.495488,0.120014,0.906149
0.491612,0.489188,0.103081,0.883155
0.487565,0.482365,0.103189,0.900515
0.495705,0.490953,0.106290,0.893527
0.504297,0.514473,0.095166,0.905172
0.517219,0.515744,0.115019,0.914771
0.504120,0.496448,0.100810,0.908272
0.500437,0.497571,0.093779,0.907013
0.502595,0.506417,0.107679,0.892896
0.502135,0.502148,0.098445,0.916570
0.490746,0.495063,0.094944,0.906202
0.492575,0.485343,0.091969,0.900653
0.495876,0.490565,0.094865,0.890549
0.505124,0.508464,0.103453,0.900119
0.506318,0.504292,0.101532,0.905242
0.501016,0.497522,0.102420,0.908878
0.498780,0.503507,0.103631,0.897511
0.505134,0.508314,0.097560,0.905680
0.496958,0.497749,0.094248,0.905612
0.504136,0.503868,0.113193,0.900746
0.505220,0.511024,0.095789,0.896174
0.505553,0.501808,0.098120,0.919154
0.505115,0.515389,0.101744,0.897266
0.505277,0.524307,0.095384,0.894838
0.480573,0.483198,0.083719,0.887960
0.508861,0.515243,0.097310,0.908998
0.496117,0.488546,0.097824,0.896591
0.485589,0.471224,0.093448,0.898993
0.505254,0.506968,0.104752,0.902906
0.505860,0.512220,0.103850,0.909993
0.513869,0.514307,0.106636,0.913990
0.495004,0.493353,0.101301,0.892775
0.493562,0.496690,0.090317,0.898350
0.507779,0.518995,0.104625,0.904892
0.509293,0.505651,0.110136,0.913233
0.507981,0.507731,0.105180,0.910738
0.502707,0.516169,0.101909,0.894567
0.494285,0.486795,0.100920,0.885996
0.519964,0.530636,0.111410,0.911182
0.508387,0.510992,0.105535,0.891828
0.510016,0.509182,0.097845,0.902358
0.505406,0.521813,0.098311,0.889284
0.501505,0.507279,0.106402,0.893766
0.506178,0.514388,0.105035,0.889470
0.500847,0.507453,0.086467,0.913382
0.486300,0.488030,0.096095,0.888301
0.508181,0.514333,0.110828,0.912738
0.518266,0.513543,0.124223,0.917767
0.487521,0.486854,0.105063,0.893831
0.504573,0.509746,0.096095,0.899558
0.504413,0.505452,0.101683,0.900238
0.480558,0.451460,0.104440,0.889568
0.506719,0.503186,0.108344,0.903434
0.485455,0.486683,0.101278,0.886159
0.499987,0.500406,0.106427,0.903759
0.514354,0.505667,0.120671,0.907102
0.507492,0.519881,0.100025,0.895969
0.508936,0.524890,0.106005,0.901100
0.508611,0.512324,0.103586,0.907185
0.498874,0.499807,0.101677,0.892643
0.510288,0.516744,0.113888,0.901523
0.496469,0.491589,0.106071,0.903856
0.493024,0.491040,0.091284,0.891178
0.492758,0.492157,0.095743,0.900064
0.495174,0.502128,0.092025,0.893342
0.482368,0.479910,0.089000,0.891789
0.488342,0.483815,0.095397,0.898577
0.494447,0.486248,0.101504,0.890431
0.509777,0.515421,0.100165,0.903440
0.498770,0.498720,0.110677,0.902744
0.502203,0.502907,0.100237,0.901253
0.504575,0.507025,0.097377,0.909674
0.481981,0.478384,0.086318,0.890180
0.491406,0.489479,0.080038,0.899828
0.489973,0.479261,0.085652,0.896505
0.499958,0.499032,0.097672,0.903223
0.519653,0.524879,0.111203,0.910388
0.503608,0.505087,0.105374,0.894899
0.487132,0.470611,0.101202,0.892764
0.499242,0.498399,0.100889,0.896775
0.504683,0.512852,0.100366,0.906905
0.514574,0.523169,0.103991,0.895713
0.488191,0.482718,0.106209,0.887051
0.499566,0.505083,0.099001,0.894219
0.492702,0.484960,0.106206,0.895679
0.507276,0.515025,0.097843,0.906150
0.489420,0.490225,0.094257,0.882466
0.492812,0.491354,0.098380,0.897426
0.499965,0.490466,0.100621,0.902370
0.511166,0.522722,0.102750,0.911905
0.492033,0.491455,0.099613,0.893961
0.498951,0.490901,0.094026,0.900116
0.499294,0.492618,0.098650,0.902992
0.500726,0.499851,0.106988,0.894872
0.494427,0.485265,0.099562,0.906502
0.502500,0.503471,0.105917,0.899381
0.505199,0.504837,0.113207,0.896806
0.519499,0.530096,0.112351,0.907426
0.493398,0.490919,0.094887,0.893489
0.491081,0.483887,0.093718,0.893571
0.508528,0.507229,0.110373,0.895766
0.511811,0.515480,0.103738,0.915647
0.514729,0.530970,0.098853,0.920893
0.492585,0.482211,0.091971,0.905523
0.485849,0.481476,0.100615,0.893699
0.484406,0.488231,0.095673,0.877853
0.497880,0.513947,0.098133,0.892692
0.498714,0.486494,0.092710,0.905760
0.497220,0.500723,0.105389,0.883712
0.502042,0.514976,0.098130,0.894954
0.489171,0.493822,0.090816,0.883683
0.502276,0.502078,0.104298,0.896670
0.501971,0.494556,0.104439,0.894566
0.501071,0.505028,0.096512,0.900876
0.499076,0.506661,0.104280,0.890211
0.506350,0.520764,0.104638,0.907875
0.479697,0.475837,0.077803,0.874244
0.514435,0.515457,0.120056,0.905990
0.489070,0.474571,0.103808,0.898245
0.493435,0.478012,0.097406,0.901447
0.480576,0.476783,0.098395,0.881218
0.502870,0.509612,0.099147,0.895159
0.504346,0.499960,0.107993,0.900327
0.494144,0.489203,0.093732,0.899811
0.508680,0.502419,0.107977,0.902986
0.499942,0.507732,0.095635,0.905047
0.502098,0.503712,0.098248,0.894282
0.495703,0.502084,0.093881,0.900326
0.504298,0.510406,0.105377,0.901781
0.493588,0.493381,0.107409,0.895830
0.501399,0.493808,0.095959,0.915211
0.489152,0.478782,0.100526,0.896757
0.488986,0.479480,0.102829,0.894254
0.487781,0.477075,0.099019,0.890993
0.500596,0.504601,0.097852,0.894245
0.511960,0.523481,0.103871,0.905712
0.506344,0.514023,0.095530,0.913211
0.511051,0.526610,0.098124,0.903754
0.498293,0.489189,0.107823,0.892825
0.493289,0.490213,0.088291,0.908824
0.499831,0.496011,0.093489,0.897511
0.495327,0.502121,0.093360,0.898533
0.492487,0.485418,0.090859,0.900027
0.493631,0.496328,0.092366,0.893178
0.503290,0.503663,0.100031,0.902957
0.512703,0.520803,0.097789,0.910138
0.519188,0.523206,0.128774,0.902489
0.501611,0.500581,0.096870,0.905711
0.491561,0.470720,0.105501,0.893355
0.507931,0.514162,0.101223,0.911565
0.499986,0.509256,0.098684,0.894725
0.492604,0.477942,0.090559,0.899987
0.497523,0.501821,0.098661,0.894268
0.491353,0.475664,0.095872,0.887440
0.504225,0.502379,0.105452,0.898315
0.507758,0.514174,0.106187,0.897026
0.499803,0.504389,0.099440,0.900587
0.488072,0.485054,0.089282,0.891217
0.496114,0.490747,0.102617,0.894067
0.502636,0.499885,0.100434,0.899647
0.496288,0.494438,0.100633,0.893414
0.507229,0.515498,0.091166,0.910741
0.500680,0.499161,0.120753,0.899395
0.507959,0.509316,0.102414,0.911775
0.497256,0.506190,0.102379,0.880219
0.514471,0.527690,0.108603,0.898605
0.491498,0.484237,0.085433,0.919044
0.492028,0.493024,0.084866,0.902132
0.493941,0.493559,0.105899,0.885916
0.492629,0.479830,0.104719,0.891571
0.494107,0.494620,0.102439,0.893028
0.500024,0.497311,0.108594,0.898111
0.507585,0.494210,0.126618,0.908477
0.505424,0.524894,0.101457,0.894212
0.510777,0.513098,0.103565,0.907797
0.489395,0.480143,0.103152,0.881093
0.508851,0.513399,0.104496,0.909415
0.521739,0.530125,0.123264,0.913025
0.497566,0.496037,0.090420,0.903635
0.491937,0.493041,0.088931,0.892049
0.510571,0.510817,0.105452,0.900534
0.510187,0.524798,0.111504,0.911515
0.505275,0.504080,0.091748,0.908415
0.504095,0.506056,0.108835,0.904165
0.501643,0.511698,0.103238,0.895241
0.502483,0.502125,0.107179,0.900804
0.498211,0.491124,0.089609,0.911239
0.489998,0.485783,0.091112,0.891544
0.509388,0.533330,0.116146,0.896939
0.519764,0.521671,0.105803,0.921961
0.510499,0.520690,0.107556,0.896488
0.502840,0.501196,0.121527,0.883275
0.500283,0.504858,0.098389,0.907555
0.495706,0.504014,0.095820,0.904865
0.501503,0.503285,0.091296,0.902462
0.501094,0.512182,0.100545,0.899083
0.495749,0.480518,0.105232,0.908684
0.501135,0.502882,0.114197,0.900936
0.510476,0.510121,0.106672,0.899559
0.503417,0.496276,0.115112,0.907204
0.500010,0.490969,0.102230,0.905016
0.488125,0.483105,0.084701,0.894840
0.460408,0.439620,0.079749,0.867740
0.494961,0.492929,0.102874,0.898762
0.503466,0.503985,0.100947,0.906213
0.494569,0.490834,0.087342,0.907879
0.498603,0.506799,0.105279,0.893359
0.517997,0.518573,0.117972,0.909525
0.496982,0.501542,0.102376,0.900025
0.517754,0.515489,0.097869,0.913690
0.520828,0.537293,0.116777,0.905400
0.489045,0.479560,0.094657,0.883371
0.498103,0.493088,0.096306,0.895671
0.508474,0.515058,0.094242,0.908350
0.493217,0.493277,0.098720,0.898344
0.493104,0.500775,0.097545,0.897467
0.499410,0.496122,0.108185,0.898475
0.502607,0.506303,0.096196,0.904196
0.511489,0.519417,0.116245,0.905443
0.528811,0.544442,0.119218,0.919827
0.522018,0.531861,0.110011,0.913962
0.502955,0.503440,0.113605,0.898510
0.506155,0.517762,0.091918,0.901808
0.511553,0.534519,0.103516,0.894148
0.516112,0.530304,0.108810,0.904162
0.496858,0.495404,0.112110,0.893328
0.503442,0.498457,0.103909,0.914830
0.514922,0.528060,0.103970,0.897749
0.495290,0.495508,0.100399,0.901088
0.511975,0.508593,0.095945,0.916586
0.520194,0.524793,0.110037,0.908035
0.496791,0.493077,0.085022,0.895011
0.494823,0.499036,0.101926,0.896360
0.490421,0.479616,0.090602,0.902047
0.504940,0.512583,0.121832,0.881164
0.508023,0.519960,0.099308,0.898017
0.501228,0.504180,0.105894,0.890119
0.489857,0.485587,0.082346,0.902070
0.505338,0.505949,0.104775,0.901353
0.479355,0.472506,0.091341,0.881472
0.495944,0.496249,0.083917,0.901017
0.512337,0.505956,0.120495,0.896634
0.496638,0.500988,0.095111,0.896886
0.504786,0.507595,0.117937,0.892402
0.490643,0.494713,0.089524,0.892776
0.499608,0.508442,0.094918,0.907521
0.505274,0.519686,0.105098,0.890652
0.511803,0.532315,0.094184,0.904202
0.499962,0.508045,0.101386,0.892226
0.494717,0.476970,0.107468,0.902898
0.498632,0.494421,0.112937,0.904003
0.513443,0.510716,0.120771,0.908189
0.488654,0.475836,0.101173,0.884486
0.505643,0.517047,0.099528,0.893794
0.513960,0.521155,0.108174,0.912118
0.502385,0.509696,0.099833,0.892111
0.491781,0.483435,0.107094,0.894452
0.500292,0.515011,0.097897,0.904230
0.498876,0.495669,0.104996,0.898577
0.498881,0.504127,0.109269,0.896932
0.503096,0.502212,0.103283,0.902345
0.502636,0.507892,0.093494,0.902129
0.494582,0.501830,0.089351,0.901848
0.493427,0.482762,0.100201,0.889883
0.476365,0.471896,0.078884,0.887270
0.487785,0.481088,0.088483,0.889446
0.494361,0.501238,0.094673,0.883806
0.514724,0.522422,0.097746,0.910593
0.495066,0.495159,0.112366,0.888701
0.506566,0.508926,0.102573,0.915173
0.493031,0.487792,0.090468,0.900584
0.507939,0.509253,0.106552,0.906597
0.481209,0.470527,0.087663,0.871946
0.504438,0.502064,0.086129,0.910619
0.490060,0.500070,0.090284,0.896632
0.489004,0.492564,0.095857,0.881097
0.506550,0.507410,0.111160,0.905726
0.498524,0.502997,0.091631,0.898328
0.506104,0.498125,0.111636,0.893834
0.520299,0.510005,0.111211,0.926708
0.490635,0.485679,0.100795,0.897885
0.505253,0.495951,0.093503,0.913452
0.511203,0.519567,0.111339,0.910193
0.500918,0.497768,0.101517,0.900361
0.515620,0.520892,0.101009,0.919307
0.485986,0.498840,0.087689,0.876245
0.497080,0.489645,0.091023,0.901634
0.487541,0.480290,0.107962,0.886898
0.508833,0.512978,0.096368,0.906136
0.491887,0.489651,0.094556,0.898895
0.488068,0.480792,0.104349,0.888589
0.511774,0.509519,0.126527,0.901812
0.496895,0.490627,0.100565,0.895533
0.493948,0.502596,0.098982,0.887677
0.532217,0.556510,0.119120,0.914318
0.496416,0.496512,0.100562,0.896728
0.488463,0.490335,0.088035,0.885333
0.482692,0.466801,0.095838,0.895377
0.507533,0.511551,0.104962,0.908262
0.484532,0.481367,0.089524,0.888716
0.505429,0.505662,0.116483,0.890574
0.485276,0.468402,0.101730,0.885538
0.506955,0.506823,0.106829,0.905705
0.513383,0.522357,0.122660,0.909902
0.506130,0.503825,0.104724,0.894561
0.495878,0.499200,0.099551,0.898708
0.491376,0.481362,0.094681,0.894220
0.510050,0.509806,0.109946,0.906088
0.505574,0.502916,0.096489,0.911205
0.503170,0.497549,0.094990,0.890335
0.487254,0.495183,0.088010,0.879698
0.510466,0.530763,0.108698,0.898667
0.489069,0.497150,0.093489,0.869334
0.508697,0.509035,0.113120,0.905709
0.486920,0.483183,0.093585,0.889649
0.514226,0.513579,0.114746,0.914064
0.502694,0.511017,0.112298,0.893157
0.506933,0.505613,0.110165,0.901532
0.491716,0.499116,0.098854,0.901074
0.508802,0.512513,0.113506,0.892116
0.501675,0.492362,0.094292,0.908276
0.513837,0.514896,0.116672,0.911350
0.500438,0.498972,0.096384,0.906411
0.493277,0.502983,0.106225,0.881347
0.489165,0.488081,0.090354,0.892876
0.490581,0.480953,0.109376,0.904636
0.497836,0.492490,0.097371,0.897947
0.517184,0.521664,0.116641,0.911971
0.501999,0.503510,0.102690,0.904269
0.499451,0.497653,0.103696,0.896543
0.499746,0.508259,0.091889,0.896611
0.492225,0.498860,0.084239,0.896278
0.506950,0.512906,0.106140,0.898370
0.492708,0.494514,0.097709,0.890497
0.498003,0.497116,0.094219,0.904765
0.518233,0.518726,0.115422,0.904946
0.486773,0.473683,0.092391,0.895548
0.471131,0.465641,0.083726,0.860827
0.504178,0.507597,0.107483,0.896082
0.497655,0.504008,0.098467,0.886195
0.495040,0.493940,0.094717,0.904381
0.489604,0.490248,0.093798,0.889589
0.493922,0.479521,0.093177,0.900024
0.499314,0.487025,0.092478,0.902902
0.503667,0.511794,0.103356,0.902130
0.512898,0.513126,0.114152,0.907703
0.490995,0.490664,0.099382,0.891873
0.512611,0.516991,0.109905,0.908006
0.503087,0.503382,0.108452,0.906719
0.503886,0.505861,0.098024,0.896973
0.509045,0.515278,0.108242,0.911359
0.507735,0.513530,0.089798,0.909065
0.503933,0.504795,0.100220,0.907081
0.487307,0.474238,0.104671,0.900425
0.502196,0.509277,0.098528,0.902174
0.507684,0.521261,0.102826,0.893106
0.505081,0.516781,0.094479,0.905597
0.495370,0.477996,0.097154,0.901105
0.496926,0.496243,0.100306,0.894068
0.497937,0.482230,0.105803,0.899670
0.496356,0.497851,0.092868,0.896341
0.485403,0.473085,0.085864,0.904351
0.487557,0.474299,0.091619,0.895414
0.515909,0.523420,0.109929,0.911755
0.514570,0.519750,0.110977,0.901580
0.506618,0.503387,0.114214,0.897195
0.499391,0.503395,0.099587,0.895744
0.498101,0.490882,0.092779,0.890508
0.503780,0.497438,0.095062,0.910062
0.500495,0.513817,0.088339,0.896675
0.494535,0.490905,0.101500,0.913683
0.481891,0.476584,0.084275,0.891981
0.485753,0.478722,0.094335,0.893481
0.475536,0.473996,0.088834,0.878431
0.498654,0.501688,0.091429,0.891290
0.499120,0.500693,0.087491,0.896865
0.500711,0.490478,0.097625,0.903990
0.498585,0.511451,0.096057,0.886132
0.514844,0.528066,0.106799,0.909535
0.482153,0.463138,0.095439,0.892926
0.511408,0.516793,0.105543,0.910199
0.498919,0.490149,0.096376,0.899622
0.507829,0.513251,0.096307,0.901767
0.491425,0.488079,0.092885,0.885946
0.497427,0.504261,0.102492,0.895214
0.507762,0.515964,0.091257,0.910259
0.499972,0.493652,0.103814,0.900041
0.503831,0.500241,0.102715,0.898126
0.492182,0.486507,0.105203,0.894687
0.498658,0.508490,0.099283,0.894512
0.495239,0.498716,0.111145,0.895211
0.498459,0.513445,0.091593,0.901312
0.508593,0.502237,0.105877,0.914144
0.502145,0.496905,0.094518,0.913645
0.497242,0.487763,0.092754,0.901173
0.507631,0.501010,0.108521,0.911818
0.509309,0.515884,0.096865,0.917087
0.513432,0.520383,0.110139,0.927466
0.495279,0.488390,0.099544,0.902080
0.512292,0.513678,0.103154,0.910758
0.508472,0.513397,0.103968,0.904099
0.487595,0.485702,0.088308,0.884515
0.509111,0.509424,0.113838,0.902551
0.482933,0.467326,0.091547,0.886844
0.517515,0.523142,0.117647,0.916739
0.508497,0.514119,0.093772,0.903768
0.502922,0.504204,0.093587,0.901615
0.490884,0.496127,0.100461,0.876730
0.493943,0.487286,0.091105,0.899991
0.500127,0.511736,0.102632,0.899065
0.506119,0.513809,0.110114,0.898814
0.498962,0.499256,0.099180,0.893206
0.496001,0.491289,0.104089,0.901509
0.469591,0.465863,0.073891,0.877691
0.484847,0.479033,0.085168,0.896453
0.506924,0.504663,0.104834,0.907130
0.503768,0.514984,0.098918,0.910332
0.506875,0.506854,0.110709,0.890200
0.505434,0.512381,0.105741,0.897905
0.488031,0.492027,0.093140,0.888074
0.519885,0.522163,0.115924,0.906704
0.492938,0.494286,0.094964,0.901610
0.506610,0.505000,0.117204,0.909137
0.502083,0.510049,0.120444,0.889464
0.483910,0.469435,0.092951,0.894373
0.502628,0.496876,0.110565,0.906475
0.490046,0.488192,0.087920,0.894753
0.492511,0.485831,0.095399,0.901432
0.501802,0.497318,0.094114,0.906582
0.477746,0.463619,0.090658,0.896248
0.494162,0.484603,0.097236,0.901473
0.494424,0.484832,0.100334,0.899186
0.500630,0.491338,0.098246,0.902563
0.497784,0.500018,0.084782,0.900997
0.513108,0.510479,0.120116,0.910375
0.498129,0.483907,0.104963,0.900936
0.497664,0.491250,0.107015,0.899625
0.496416,0.498833,0.085039,0.898165
0.506874,0.493956,0.110307,0.892088
0.498473,0.498711,0.101566,0.904184
0.503172,0.509304,0.101229,0.895763
0.510319,0.525481,0.097122,0.899161
0.503651,0.502253,0.108007,0.901611
0.496831,0.501054,0.097592,0.889182
0.499448,0.494811,0.110813,0.895247
0.503450,0.508302,0.101445,0.892642
0.507873,0.498902,0.105772,0.906079
0.487735,0.485999,0.095527,0.884490
0.490270,0.492314,0.108524,0.891095
0.515112,0.523108,0.113222,0.906098
0.498430,0.503741,0.110234,0.893829
0.514507,0.521895,0.106203,0.914297
0.500979,0.503896,0.110129,0.888810
0.486576,0.481032,0.089918,0.888676
0.493558,0.493995,0.104352,0.897182
0.512100,0.509027,0.104445,0.909242
0.517080,0.533882,0.105035,0.904954
0.507001,0.502946,0.113951,0.889323
0.496499,0.508350,0.108582,0.874937
0.517550,0.519211,0.108418,0.914106
0.512193,0.519500,0.104460,0.912130
0.525155,0.536328,0.120990,0.917587
0.500422,0.502153,0.092384,0.902386
0.495145,0.501500,0.089394,0.905156
0.493408,0.492961,0.108268,0.892552
0.498074,0.491245,0.098747,0.904323
0.500140,0.497008,0.091657,0.906490
0.511009,0.529671,0.097527,0.896654
0.518958,0.535147,0.118459,0.902673
0.505907,0.510148,0.096089,0.896515
0.504248,0.501864,0.104727,0.902092
0.504564,0.499638,0.094906,0.909923
0.511254,0.521482,0.113717,0.903976
0.523818,0.528990,0.119502,0.910815
0.505850,0.498390,0.105026,0.909947
0.504353,0.499867,0.098130,0.908777
0.509122,0.504800,0.108811,0.906701
0.503376,0.499627,0.099202,0.904786
0.479328,0.468180,0.090939,0.891671
0.513780,0.524454,0.094716,0.915324
0.504191,0.501703,0.109816,0.899669
0.504511,0.494569,0.112898,0.899964
0.490992,0.480365,0.096998,0.896214
0.500074,0.501045,0.101286,0.905034
0.503567,0.500567,0.098730,0.910327
0.501582,0.498148,0.111225,0.903328
0.508237,0.509994,0.110211,0.900418
0.505479,0.509903,0.102357,0.915290
0.496188,0.480742,0.100517,0.900385
0.515409,0.530387,0.099499,0.907618
0.499133,0.506520,0.101104,0.899437
0.494931,0.487781,0.109464,0.895859
0.489421,0.484428,0.093760,0.897492
0.499149,0.492737,0.101647,0.892299
0.508780,0.519003,0.106193,0.903940
0.492348,0.493750,0.101239,0.885987
0.500782,0.503093,0.107297,0.905985
0.497690,0.497248,0.099652,0.893620
0.502307,0.500740,0.103630,0.908653
0.517815,0.532344,0.118125,0.902601
0.497445,0.494317,0.104069,0.894055
0.509442,0.508841,0.094819,0.924423
0.507569,0.520303,0.097787,0.909386
0.498113,0.485255,0.093253,0.913924
0.492358,0.489742,0.106646,0.890978
0.480581,0.478244,0.086316,0.891754
0.489444,0.471000,0.098587,0.889857
0.485402,0.481462,0.102448,0.890731
0.496033,0.491834,0.095036,0.890643
0.506082,0.513576,0.103756,0.905613
0.504608,0.514101,0.099072,0.906748
0.514438,0.525392,0.095979,0.901641
0.491931,0.483535,0.097219,0.900194
0.489804,0.478146,0.091781,0.909824
0.491389,0.483163,0.098149,0.898192
0.499074,0.485855,0.101561,0.905313
0.519085,0.522839,0.115677,0.908676
0.493465,0.487199,0.087885,0.901322
0.495241,0.483006,0.106294,0.899573
0.494744,0.487364,0.091188,0.905846
0.497223,0.497235,0.102181,0.885649
0.507656,0.510623,0.114142,0.895218
0.506780,0.508407,0.103688,0.917463
0.504041,0.510942,0.104139,0.901771
0.496526,0.482464,0.094201,0.909931
0.499292,0.504118,0.090950,0.900397
0.483167,0.479052,0.090747,0.889696
0.504860,0.505790,0.095586,0.905028
0.497586,0.502244,0.090415,0.898308
0.504592,0.502103,0.092269,0.899519
0.491388,0.476550,0.105506,0.891267
0.513495,0.521971,0.114401,0.910310
0.490089,0.488849,0.090948,0.901458
0.495781,0.485939,0.106236,0.902690
0.503534,0.498970,0.112823,0.887547
0.498963,0.492166,0.102950,0.890319
0.516970,0.529591,0.100073,0.913685
0.504715,0.499429,0.112428,0.902915
0.503556,0.512206,0.098321,0.898655
0.496704,0.490937,0.099825,0.912186
0.507035,0.518444,0.110035,0.903563
0.506946,0.506544,0.118729,0.893217
0.498397,0.493263,0.098549,0.900029
0.488531,0.489343,0.096908,0.894307
0.494278,0.484474,0.094838,0.900950
0.505614,0.514815,0.111284,0.897890
0.493135,0.492719,0.101348,0.894384
0.507626,0.514603,0.117868,0.896582
0.501230,0.504217,0.103673,0.891479
0.496874,0.493288,0.093464,0.899536
0.499437,0.506867,0.103100,0.892388
0.503508,0.501732,0.107564,0.894462
0.493967,0.488119,0.092054,0.894267
0.504146,0.515949,0.093704,0.897001
0.506575,0.510454,0.100819,0.904619
0.512731,0.511186,0.104405,0.912764
0.510004,0.509083,0.114456,0.908223
0.511780,0.521137,0.099703,0.911208
0.495276,0.495659,0.103357,0.902851
0.507951,0.506480,0.108627,0.906209
0.490786,0.488951,0.097722,0.900192
0.494495,0.490293,0.097637,0.892038
0.496108,0.481794,0.101733,0.891744
0.500454,0.499856,0.106144,0.901343
0.496215,0.486412,0.107589,0.902180
0.484319,0.478349,0.080610,0.894146
0.492796,0.495380,0.092208,0.890381
0.491924,0.497288,0.093531,0.900535
0.501399,0.495358,0.111416,0.897089
0.492393,0.489635,0.092148,0.889718
0.493070,0.482415,0.100015,0.893665
0.504825,0.497916,0.110018,0.905632
0.505408,0.500273,0.113389,0.899394
0.498985,0.502922,0.100898,0.893121
0.487545,0.463071,0.106939,0.895704
0.504197,0.505703,0.092503,0.903590
0.493426,0.483780,0.095885,0.895230
0.496347,0.502553,0.085607,0.895760
0.513380,0.517354,0.110379,0.908854
0.498673,0.504975,0.099929,0.894707
0.487001,0.471780,0.097722,0.884801
0.489443,0.480989,0.102566,0.887453
0.503767,0.507750,0.089516,0.905305
0.498453,0.494134,0.102943,0.894659
0.502739,0.507728,0.097176,0.905374
0.504980,0.505648,0.101961,0.910117
0.506559,0.501434,0.118553,0.895952
0.506470,0.507973,0.109378,0.895871
0.515164,0.524847,0.115232,0.899973
0.511969,0.508743,0.105485,0.906394
0.480795,0.468414,0.094832,0.888909
0.500326,0.498986,0.099729,0.906618
0.498766,0.503607,0.091593,0.903063
0.485344,0.483122,0.091041,0.885696
0.480975,0.471209,0.090099,0.893026
0.501910,0.505419,0.090831,0.900637
0.483200,0.473177,0.089063,0.899993
0.507370,0.523172,0.093547,0.902714
0.505044,0.504820,0.096750,0.907680
0.497532,0.501359,0.088165,0.904965
0.506074,0.507247,0.111979,0.904270
0.506391,0.529521,0.091951,0.893194
0.483966,0.478806,0.095543,0.887263
0.492694,0.491940,0.081316,0.892137
0.488555,0.480035,0.093390,0.894370
0.505524,0.519847,0.097354,0.908604
0.500021,0.499789,0.108160,0.910475
0.513839,0.517621,0.114677,0.902866
0.505679,0.511473,0.100289,0.912372
0.502274,0.491884,0.117650,0.896594
0.496835,0.492518,0.094859,0.894023
0.493568,0.490614,0.107439,0.895856
0.475790,0.455735,0.090132,0.887608
0.506197,0.507516,0.106909,0.900218
0.500865,0.490174,0.106106,0.902970
0.514939,0.520099,0.108033,0.903583
0.483876,0.472445,0.084349,0.891414
0.502180,0.517719,0.102411,0.881817
0.505465,0.517898,0.103618,0.898868
0.511681,0.513126,0.109040,0.907502
0.505489,0.502754,0.103739,0.899173
0.500255,0.494590,0.097379,0.893792
0.508595,0.512315,0.118411,0.895379
0.495856,0.485427,0.107064,0.888895
0.506663,0.511027,0.101940,0.910513
0.500277,0.502192,0.103278,0.902626
0.486609,0.469894,0.088039,0.896954
0.498933,0.499025,0.103235,0.891686
0.495885,0.486388,0.098318,0.904888
0.498091,0.496561,0.107656,0.887124
0.504204,0.508574,0.091532,0.906652
0.497801,0.488363,0.095353,0.906139
0.490009,0.483642,0.098855,0.904898
0.490037,0.494397,0.109380,0.879655
0.527788,0.544973,0.110732,0.911571
0.511865,0.531500,0.105901,0.894799
0.507105,0.506393,0.104638,0.906951
0.502998,0.510079,0.102995,0.894937
0.509704,0.515333,0.111401,0.906641
0.502188,0.505054,0.113361,0.900054
0.490712,0.476695,0.091058,0.899077
0.472591,0.451118,0.084515,0.882796
0.507794,0.513053,0.103554,0.903776
0.505819,0.512047,0.098016,0.903832
0.503897,0.513049,0.092212,0.890823
0.498695,0.495979,0.108530,0.896269
0.500805,0.501373,0.091642,0.898079
0.510097,0.515417,0.105527,0.890509
0.490822,0.492998,0.087145,0.893051
0.506746,0.500722,0.115984,0.907009
0.487774,0.491660,0.092021,0.900449
0.498198,0.501911,0.092989,0.903139
0.506192,0.502145,0.101828,0.906108
0.495296,0.502450,0.088461,0.881880
0.496549,0.488332,0.091008,0.901572
0.494893,0.498348,0.106500,0.891057
0.513643,0.528894,0.105879,0.910049
0.485975,0.474435,0.091679,0.892704
0.489869,0.497825,0.093898,0.896933
0.505756,0.517693,0.117298,0.900741
0.502696,0.513122,0.110384,0.897247
0.487850,0.487817,0.088681,0.909773
0.499144,0.505510,0.096639,0.899168
0.514293,0.523737,0.104743,0.910950
0.492860,0.497802,0.095293,0.900688
0.514209,0.525758,0.104605,0.905913
0.482864,0.481464,0.089028,0.890755
0.474865,0.448048,0.081459,0.897041
0.499114,0.497057,0.094978,0.904964
0.494085,0.489289,0.087361,0.903912
0.493157,0.507259,0.096217,0.882069
0.500168,0.501973,0.112343,0.882043
0.495141,0.488458,0.091590,0.901327
0.487919,0.487294,0.084128,0.900040
0.504333,0.506393,0.108574,0.890693
0.486254,0.479200,0.096971,0.901651
0.502243,0.504801,0.113529,0.890620
0.512789,0.521187,0.111599,0.905673
0.486911,0.470124,0.095376,0.901919
0.500969,0.497372,0.101846,0.899816
0.507053,0.500317,0.110894,0.900234
0.509273,0.510168,0.119350,0.911581
0.503540,0.503063,0.098511,0.903506
0.497348,0.490968,0.105952,0.900663
0.498878,0.495847,0.104954,0.899101
0.487581,0.477176,0.085707,0.896787
0.499863,0.506620,0.101475,0.899468
0.504715,0.513282,0.100235,0.903865
0.503866,0.500341,0.104431,0.903783
0.497281,0.490702,0.104745,0.893392
0.510497,0.512159,0.109240,0.902077
0.502448,0.518483,0.096774,0.898464
0.512873,0.517711,0.107160,0.914026
0.508376,0.513760,0.112089,0.889310
0.491793,0.478194,0.090462,0.898851
0.492561,0.486198,0.094572,0.899960
0.497701,0.496559,0.103856,0.891854
0.507440,0.520881,0.109486,0.892179
0.512626,0.516364,0.109252,0.896796
0.507364,0.512233,0.114102,0.909114
0.499207,0.495931,0.096079,0.904873
0.499324,0.490410,0.099042,0.906234
0.496261,0.495365,0.095918,0.888391
0.502599,0.509446,0.095113,0.899975
0.498614,0.501452,0.110335,0.896388
0.502235,0.512532,0.099952,0.894765
0.509357,0.511151,0.100235,0.912815
0.490612,0.493829,0.092935,0.892227
0.502983,0.502565,0.097686,0.911319
0.501909,0.501002,0.099464,0.902192
0.497741,0.496702,0.100098,0.906504
0.507278,0.507310,0.114923,0.903966
0.494590,0.505023,0.089013,0.912919
0.503339,0.511069,0.097698,0.906002
0.517947,0.528461,0.119460,0.905899
0.502513,0.504620,0.096257,0.903519
0.496468,0.494005,0.096831,0.904118
0.496978,0.486862,0.107764,0.903041
0.495928,0.492768,0.095476,0.885611
0.503129,0.501770,0.108159,0.896972
0.501525,0.506339,0.095941,0.897207
0.506158,0.517201,0.091011,0.917363
0.505818,0.496922,0.114840,0.909669
0.518700,0.514316,0.124521,0.907596
0.494414,0.488672,0.093638,0.905049
0.503906,0.497018,0.108551,0.906450
0.517749,0.511573,0.107535,0.915830
0.506239,0.510326,0.098772,0.892907
0.489423,0.478554,0.093541,0.907662
0.516496,0.526384,0.124576,0.898173
0.493394,0.494741,0.092955,0.896861
0.490283,0.476687,0.100358,0.896146
0.471009,0.449806,0.096038,0.873083
0.498582,0.503478,0.084339,0.906580
0.497602,0.486485,0.095986,0.903895
0.496230,0.495396,0.105287,0.895954
0.507859,0.519634,0.109219,0.900503
0.502289,0.515584,0.098232,0.896582
0.493264,0.484603,0.094271,0.898831
0.509637,0.515356,0.103154,0.910629
0.485298,0.479016,0.098809,0.896544
0.503326,0.494504,0.103480,0.908781
0.499628,0.504004,0.105086,0.896623
0.502747,0.504902,0.108850,0.901005
0.502874,0.489221,0.109007,0.908117
0.493680,0.486665,0.097620,0.895371
0.513400,0.508110,0.120002,0.912264
0.500155,0.502208,0.090799,0.908011
0.492388,0.491452,0.094408,0.886491
0.503455,0.507718,0.104540,0.899638
0.501918,0.511408,0.099176,0.890169
0.503102,0.500248,0.103323,0.896892
0.508680,0.516754,0.109656,0.901858
0.522867,0.540112,0.106566,0.907547
0.484343,0.469925,0.088388,0.894024
0.496745,0.477813,0.113594,0.897772
0.492255,0.487778,0.103016,0.896340
0.492705,0.498239,0.091542,0.890880
0.493573,0.479234,0.105952,0.900339
0.499934,0.495318,0.100154,0.904254
0.482735,0.476528,0.090167,0.889342
0.488780,0.472301,0.091137,0.901328
0.490592,0.473393,0.098533,0.904390
0.519613,0.525658,0.114010,0.918242
0.504392,0.512336,0.101504,0.903819
0.504431,0.516056,0.105775,0.897647
0.505946,0.507159,0.104054,0.910270
0.505224,0.513707,0.094678,0.913796
0.498115,0.490500,0.094186,0.905771
0.502101,0.494159,0.111814,0.891655
0.499998,0.498371,0.091706,0.898182
0.496363,0.496731,0.098714,0.904257
0.504716,0.506622,0.115216,0.903815
0.505930,0.518489,0.099713,0.912967
0.488683,0.487212,0.102680,0.897899
0.495168,0.492871,0.103226,0.894119
0.499333,0.503757,0.099900,0.892874
0.499970,0.491530,0.113357,0.895176
0.510262,0.509118,0.106469,0.901937
0.495038,0.496866,0.084114,0.896448
0.499567,0.495802,0.094693,0.902643
0.509299,0.510997,0.103888,0.911272
0.510238,0.514092,0.097210,0.905147
0.481346,0.487272,0.074944,0.882218
0.497462,0.488335,0.111095,0.891008
0.510494,0.510503,0.095704,0.904827
0.499205,0.503041,0.106411,0.904104
0.496157,0.491182,0.107188,0.891560
0.503658,0.497812,0.106063,0.902208
0.508902,0.507888,0.094172,0.915163
0.479445,0.469383,0.097063,0.872302
0.514501,0.524661,0.102883,0.917684
0.507768,0.509897,0.108761,0.903386
0.516496,0.539496,0.098962,0.905918
0.506832,0.508128,0.103228,0.901261
0.493082,0.491898,0.095255,0.885208
0.502699,0.494396,0.108384,0.903312
0.504488,0.504104,0.099632,0.889145
0.512896,0.512964,0.127295,0.904984
0.498256,0.493959,0.110516,0.897602
0.511831,0.525692,0.107544,0.907799
0.495521,0.497105,0.100704,0.885455
0.516282,0.515515,0.112846,0.914380
0.497676,0.496985,0.100745,0.901168
0.504038,0.497989,0.101566,0.893839
0.499714,0.505429,0.097214,0.898438
0.484694,0.495060,0.089398,0.878296
0.515673,0.519061,0.122719,0.910611
0.502974,0.508348,0.089514,0.914284
0.485395,0.479977,0.096006,0.896659
0.516278,0.522478,0.117372,0.908977
0.505021,0.508639,0.103701,0.890905
0.513607,0.532957,0.106893,0.897207
0.501909,0.500973,0.099476,0.891640
0.500760,0.505224,0.089460,0.903988
0.505674,0.511074,0.113621,0.907222
0.497807,0.490919,0.101466,0.902198
0.505125,0.504254,0.102163,0.897027
0.502639,0.504681,0.106786,0.902803
0.504945,0.514087,0.099226,0.901965
0.496745,0.487859,0.099540,0.898519
0.513718,0.514651,0.119453,0.895565
0.480995,0.469187,0.094514,0.898656
0.502379,0.518933,0.085452,0.891068
0.489002,0.493790,0.091434,0.880554
0.496868,0.510046,0.092159,0.894929
0.481255,0.464348,0.081225,0.885683
0.490009,0.488839,0.095628,0.893756
0.494271,0.490876,0.101641,0.901777
0.482738,0.474105,0.090386,0.891454
0.502524,0.498148,0.101070,0.903903
0.509227,0.521982,0.100393,0.906049
0.491377,0.494542,0.085378,0.904160
0.482534,0.468652,0.096777,0.885462
0.497585,0.495814,0.094073,0.908049
0.506106,0.506097,0.102214,0.908344
0.488638,0.494757,0.095486,0.898784
0.491471,0.492402,0.089335,0.890881
0.518057,0.530040,0.105029,0.919332
0.505152,0.517150,0.111027,0.897209
0.498118,0.498907,0.086396,0.898215
0.506808,0.521636,0.091951,0.898222
0.492266,0.482989,0.102638,0.904021
0.500647,0.502105,0.101072,0.899611
0.499858,0.501679,0.105966,0.899432
0.498855,0.492500,0.112740,0.889962
0.507742,0.516917,0.113329,0.897294
0.503338,0.507838,0.098027,0.902165
0.479019,0.471335,0.090535,0.889728
0.490549,0.490321,0.100516,0.882305
0.499900,0.509258,0.099055,0.893162
0.511065,0.512256,0.105903,0.898562
0.516734,0.525628,0.106645,0.915606
0.497860,0.491746,0.083502,0.911294
0.500921,0.504456,0.106390,0.899434
0.501070,0.505236,0.095317,0.906953
0.493319,0.483427,0.098503,0.896892
0.503506,0.502015,0.115454,0.886504
0.501252,0.506447,0.095335,0.899637
0.495210,0.477847,0.096052,0.907265
0.494902,0.482773,0.109659,0.896788
0.512459,0.517786,0.110183,0.908883
0.508672,0.515465,0.105945,0.899211
0.499151,0.481447,0.095618,0.903836
0.487843,0.482542,0.078950,0.890181
0.511232,0.515699,0.110883,0.907180
0.507399,0.509315,0.101411,0.897696
0.497355,0.492747,0.092054,0.901052
0.506239,0.510283,0.105712,0.898690
0.511935,0.526153,0.116095,0.899487
0.495111,0.486688,0.100677,0.898077
0.491205,0.487583,0.097485,0.895422
0.503003,0.506502,0.102214,0.899526
0.493998,0.493596,0.094158,0.899722
0.506479,0.498765,0.098442,0.913357
0.496481,0.493821,0.086831,0.905631
0.499105,0.496199,0.102190,0.890070
0.512942,0.502921,0.112133,0.910642
0.510662,0.520198,0.101424,0.911531
0.501418,0.498818,0.096768,0.903141
0.495876,0.491591,0.099702,0.903235
0.499421,0.512620,0.087869,0.899129
0.491300,0.482587,0.096528,0.899575
0.499332,0.495995,0.094829,0.899384
0.509778,0.512125,0.106415,0.898620
0.495085,0.483929,0.095050,0.886292
0.503355,0.494295,0.106782,0.901703
0.499377,0.525320,0.088226,0.887884
0.504312,0.500330,0.108579,0.900809
0.507796,0.519193,0.105405,0.890087
0.513918,0.529912,0.097932,0.901891
0.503746,0.512109,0.116728,0.899672
0.504945,0.508714,0.121032,0.891789
0.490010,0.487010,0.092759,0.899690
0.488404,0.492344,0.087788,0.887815
0.501139,0.500689,0.099524,0.914891
0.500989,0.498151,0.103561,0.889830
0.485247,0.482060,0.094842,0.887552
0.496493,0.495506,0.103639,0.890739
0.502545,0.503951,0.105399,0.898449
0.508410,0.510173,0.107962,0.909828
0.489061,0.468619,0.095615,0.893463
0.497014,0.489802,0.106517,0.904320
0.503649,0.511171,0.097072,0.901824
0.514265,0.526036,0.101057,0.903045
0.490843,0.506687,0.092118,0.895726
0.503172,0.504833,0.100325,0.888125
0.507419,0.512863,0.098522,0.901529
0.502352,0.512467,0.100866,0.898452
0.495415,0.486553,0.097149,0.903688
0.506300,0.507354,0.107594,0.906432
0.501117,0.486817,0.102318,0.899199
0.506329,0.519609,0.091757,0.904514
0.498846,0.506288,0.103373,0.898344
0.500958,0.505444,0.096001,0.902558
0.512117,0.525103,0.101181,0.905061
0.498839,0.493543,0.097443,0.886543
0.494656,0.494483,0.095801,0.907624
0.503142,0.497653,0.092972,0.906267
0.512070,0.518071,0.117426,0.903339
0.484047,0.475532,0.090543,0.901032
0.496240,0.493230,0.095252,0.903667
0.502315,0.508025,0.100943,0.902912
0.503059,0.498416,0.106825,0.921087
0.507275,0.508300,0.113901,0.903376
0.521513,0.525164,0.120919,0.909239
0.503855,0.510450,0.101448,0.896210
0.514993,0.512988,0.109300,0.910395
0.497145,0.493258,0.088711,0.901218
0.494300,0.500702,0.097034,0.890646
0.508481,0.511772,0.108011,0.904509
0.504876,0.509720,0.108716,0.896787
0.490135,0.499219,0.083309,0.885870
0.495069,0.492495,0.097735,0.897052
0.498958,0.497562,0.098554,0.899603
0.516262,0.517658,0.115379,0.909430
0.484669,0.471868,0.096074,0.895294
0.498636,0.489643,0.094219,0.914641
0.502260,0.503938,0.107520,0.909714
0.502764,0.493596,0.104932,0.909647
0.504479,0.507261,0.088346,0.903187
0.502122,0.500001,0.105597,0.894071
0.502856,0.494500,0.104849,0.907449
0.500326,0.503628,0.097072,0.901770
0.492689,0.496027,0.097405,0.896622
0.487580,0.480164,0.111165,0.874858
0.502673,0.501590,0.095141,0.900979
0.499642,0.499734,0.111075,0.892444
0.499902,0.500722,0.085042,0.899615
0.494367,0.482117,0.098051,0.898043
0.496159,0.485542,0.101446,0.905175
0.496533,0.493135,0.101896,0.886854
0.503822,0.501560,0.098345,0.901096
0.510807,0.521567,0.108807,0.895333
0.495238,0.497789,0.103148,0.891249
0.485391,0.481846,0.091761,0.890889
0.493401,0.485730,0.095055,0.897177
0.496138,0.496865,0.100910,0.891064
0.503680,0.492329,0.095294,0.900936
0.494669,0.484449,0.105507,0.895730
0.487650,0.475243,0.095836,0.895431
0.496906,0.506939,0.092753,0.892279
0.503126,0.509072,0.106607,0.893722
0.512335,0.516207,0.100122,0.901583
0.511917,0.512968,0.114650,0.908163
0.503977,0.502058,0.102978,0.904795
0.497439,0.498638,0.100909,0.890612
0.491072,0.485362,0.096027,0.884067
0.509462,0.510631,0.092799,0.900307
0.491017,0.499818,0.092384,0.881206
0.505918,0.498718,0.104541,0.909247
0.501168,0.512229,0.093433,0.893418
0.508064,0.512024,0.109632,0.908521
0.493678,0.500216,0.085080,0.897614
