           clusters_total  hidepth_min clusters_hidepth avg_depth_total avg_depth_mj avg_depth_stat sd_depth_total sd_depth_mj sd_depth_stat filtered_bad_align
Er26_JUG4         1206211          5.0           483238            4.73         8.24           9.40          50.91       80.30         93.61               9252
Er27_SK32         1251007          5.0           686453            6.27         9.41          10.38          74.21      100.06        110.51               5021
Er28_112          1278665          5.0           718391            6.38         9.46          10.40          61.50       81.91         90.08               5651
Er29_122          1301329          5.0           786196            6.88         9.77          10.64          69.89       89.80         97.60               5153
Er30_79           1415766          5.0          1050083           10.06        12.82          13.47         272.77      316.68        329.55               7339
Er31_453          1366083          5.0          1068284           11.01        13.45          14.05         175.47      198.35        205.33               7473
Er32_183          1276755          5.0           804674            7.77        10.91          11.80          90.44      113.80        122.01               4570
Er33_211          1253669          5.0           539528            4.92         8.21           9.30          78.28      119.24        138.06               2490
Er34_197          1307234          5.0           728018            6.11         9.01           9.92          80.83      108.22        119.89               3521
Er35_209          1201547          5.0           439737            4.44         8.06           9.26          43.73       72.13         85.06               3307
Er36_SK24         1153455          5.0           228620            3.30         7.65           9.42          44.89      100.69        129.93               3175
Er37_SK27         1340626          5.0           784955            6.74         9.80          10.70          64.40       84.02         91.53               6094
Er38_LB1          1152508          5.0           338448            3.96         8.03           9.40          61.14      112.71        135.76               3338
Er39_PL1          1334503          5.0           843369            8.55        12.25          13.12          80.95      101.65        107.55               4991
Er40_M2           1347839          5.0           852232            7.59        10.65          11.49         100.51      126.29        135.33               7276
Er41_GR36         1310564          5.0           961764            9.96        12.72          13.46         151.77      177.08        185.31               6033
Er42_GR35         1284199          5.0           839446            7.93        10.85          11.69         101.85      125.88        134.60               4678
Er43_SL7          1296242          5.0           809601            7.52        10.59          11.47          90.74      114.70        123.40               4586
Er44_VOJ1         1286051          5.0           797702            7.36        10.40          11.26          56.54       71.62         77.05               4536
Er45_BLG3         1286171          5.0           792084            6.93         9.70          10.60          61.93       78.79         85.99               6213
Er46_RMN7         1083019          5.0           323368            4.00         8.22           9.57          39.25       71.64         85.24               1668
Er47_CR4          1267631          5.0           782247            7.53        10.71          11.60          86.12      109.50        117.77               4179
Er48_BH16         1335468          5.0           914809            8.50        11.32          12.11         101.72      122.80        130.19               5685
Er49_GR38         1415654          5.0           827180            7.03        10.44          11.33         137.83      180.23        194.37               6160
Er50_R3           1244448          5.0           530215            4.91         8.25           9.39          50.42       77.11         89.62               3558
Er51_436          1306455          5.0          1032007           13.16        16.03          16.75         140.95      158.47        163.52               6740
Er52_451          1215092          5.0           577581            5.40         8.73           9.72          70.67      102.39        115.17               4913
Er53_ASR7         1290581          5.0           948222            9.94        12.70          13.40         120.16      140.08        146.24               7498
Er54_AU1          1328528          5.0          1007751            9.61        11.93          12.55         159.07      182.58        190.65               6513
Er55_AU7          1308280          5.0           947996            8.55        10.93          11.59          84.23       98.84        104.10               9388
Er56_AZ5          1461283          5.0           974757            8.16        11.31          11.86          38.74       47.11         49.10              15691
Er57_COR4         1227026          5.0           273337            3.23         7.02           8.26           7.39       14.92         18.82              16132
Er58_FI7          1067454          5.0           197167            3.10         7.38           8.96          37.74       87.66        113.07               2332
Er59_FR1           115238          5.0              360            1.21        13.49          17.94           1.91       30.93         37.43                 47
Er60_GR5          1167803          5.0           505769            5.17         8.94           9.99          62.41       94.69        106.57               3487
Er61_GR87          504543          5.0             7946            1.54         7.89          11.12           6.71       52.76         76.64               1236
Er62_GR95          290234          5.0             1534            1.32         9.70          13.63           1.39       15.31         19.92                122
Er63_IR6          1303800          5.0           875140            7.54        10.03          10.78         147.26      179.68        192.57               6037
Er64_IS1          1256825          5.0           549013            5.69        10.09          11.40          58.08       87.67         98.25               6434
Er65_IS25         1234667          5.0           881596           12.92        17.39          18.04         160.36      189.59        194.50              15397
Er66_IT3          1320148          5.0          1027372           12.25        15.14          15.76         156.90      177.75        183.12               9210
Er67_IT5          1100867          5.0           174174            2.86         6.91           8.36           6.44       15.38         20.27               7546
Er68_PRT1B         134433          5.0              462            1.24        10.59          14.26           1.38       19.80         24.81                278
Er69_R2           1297843          5.0           859349            8.08        11.02          11.79          84.74      104.01        110.43               6496
Er70_RMN42        1307590          5.0           937524            8.86        11.45          12.15         101.05      119.24        125.45               8461
Er71_SAR2         1509825          5.0           895604            6.92        10.46          11.05          18.74       23.68         24.86              20449
Er72_SIE1B        1270103          5.0           496157            4.42         7.85           8.82           9.01       13.66         15.69              14021
Er73_SNG1         1176209          5.0           576139            6.33        10.73          11.92          36.35       51.56         56.60              11553
Er74_SP16         1622141          5.0           817659            5.87         9.80          10.56          28.82       40.20         43.20               8896
Er75_TRC2A        1196678          5.0           493415            4.73         8.17           9.19          23.77       36.72         42.15               4690