NW_006803924.1	17429815	963	0.978712	0.0212876
NW_006803925.1	16010500	808	0.981436	0.0185644
NW_006803926.1	15122350	841	0.974435	0.0255648
NW_006803927.1	14913330	805	0.980745	0.0192547
NW_006803928.1	13702985	686	0.980321	0.0196793
NW_006803929.1	12956524	601	0.984193	0.015807
NW_006803930.1	11971544	668	0.978293	0.0217066
NW_006803935.1	11102409	453	0.985651	0.0143488
NW_006803931.1	11097759	621	0.974235	0.0257649
NW_006803932.1	10989404	634	0.98265	0.0173502
NW_006803933.1	10948230	577	0.97747	0.0225303
NW_006803937.1	10789300	516	0.982558	0.0174419
NW_006803934.1	10562902	596	0.97651	0.0234899
NW_006803936.1	10558949	547	0.981718	0.0182815
NW_006803938.1	10322312	458	0.987991	0.0120087
NW_006803942.1	10305630	472	0.986229	0.0137712
NW_006803939.1	10083227	536	0.967351	0.0326493
NW_006803941.1	9862362	518	0.98166	0.0183398
NW_006803940.1	9481570	554	0.979242	0.0207581
NW_006803945.1	9212618	406	0.988916	0.0110837
NW_006803943.1	9131536	471	0.983015	0.0169851
NW_006803944.1	9016915	454	0.975771	0.0242291
NW_006803947.1	8999101	445	0.974157	0.0258427
NW_006803949.1	8923204	385	0.972727	0.0272727
NW_006803950.1	8532063	462	0.980519	0.0194805
NW_006803953.1	8517879	377	0.98939	0.0106101
NW_006803951.1	8467515	446	0.974215	0.0257848
NW_006803952.1	8426713	60	0.958333	0.0416667
NW_006803946.1	8387762	469	0.970149	0.0298507
NW_006803948.1	8382565	500	0.981	0.019
NW_006803954.1	8129069	335	0.979104	0.0208955
NW_006803960.1	7987419	345	0.989855	0.0101449
NW_006803955.1	7968758	387	0.981912	0.0180879
NW_006803958.1	7956577	390	0.976923	0.0230769
NW_006803956.1	7734095	388	0.979381	0.0206186
NW_006803957.1	7729394	388	0.984536	0.0154639
NW_006803971.1	7433912	260	0.984615	0.0153846
NW_006803959.1	7429010	352	0.96875	0.03125
NW_006803969.1	7231121	359	0.980501	0.0194986
NW_006803977.1	7218056	266	0.990602	0.0093985
NW_006803961.1	7159678	391	0.982097	0.0179028
NW_006803966.1	7124368	355	0.978873	0.0211268
NW_006803974.1	7059049	269	0.981413	0.0185874
NW_006803970.1	7047778	334	0.97006	0.0299401
NW_006803963.1	7040576	374	0.977273	0.0227273
NW_006803962.1	7040410	421	0.985748	0.0142518
NW_006803965.1	7019203	351	0.981481	0.0185185
NW_006803964.1	6870668	395	0.960759	0.0392405
NW_006803972.1	6824847	354	0.980226	0.019774
NW_006803968.1	6757098	374	0.985294	0.0147059
NW_006803973.1	6747110	339	0.976401	0.0235988
NW_006803967.1	6735899	395	0.989873	0.0101266
NW_006803976.1	6642150	330	0.987879	0.0121212
NW_006803980.1	6640810	274	0.972628	0.0273723
NW_006803975.1	6537636	279	0.969534	0.0304659
NW_006803979.1	6513758	298	0.983221	0.0167785
NW_006803988.1	6435606	55	0.972727	0.0272727
NW_006803981.1	6410400	266	0.973684	0.0263158
NW_006803985.1	6363713	344	0.979651	0.0203488
NW_006803982.1	6325068	291	0.979381	0.0206186
NW_006803983.1	6281144	303	0.986799	0.0132013
NW_006803986.1	6227545	317	0.981073	0.0189274
NW_006803994.1	6225493	242	0.979339	0.0206612
NW_006803978.1	6218029	359	0.983287	0.0167131
NW_006804001.1	6201864	271	0.983395	0.0166052
NW_006803984.1	6168038	296	0.976351	0.0236486
NW_006803987.1	5950936	307	0.986971	0.0130293
NW_006804000.1	5933459	272	0.979779	0.0202206
NW_006803998.1	5921455	283	0.982332	0.0176678
NW_006803991.1	5866240	330	0.977273	0.0227273
NW_006804012.1	5828698	259	0.982625	0.0173745
NW_006803992.1	5819575	269	0.98513	0.0148699
NW_006803989.1	5771992	325	0.983077	0.0169231
NW_006803993.1	5737579	289	0.972318	0.0276817
NW_006803999.1	5674860	307	0.986971	0.0130293
NW_006803990.1	5657675	334	0.977545	0.0224551
NW_006803995.1	5648626	299	0.978261	0.0217391
NW_006804009.1	5641997	298	0.981544	0.0184564
NW_006804005.1	5580821	329	0.977204	0.0227964
NW_006803996.1	5578965	291	0.979381	0.0206186
NW_006804003.1	5562966	294	0.977891	0.0221088
NW_006804002.1	5517860	245	0.981633	0.0183673
NW_006804006.1	5509936	287	0.977352	0.0226481
NW_006804007.1	5482813	288	0.982639	0.0173611
NW_006804025.1	5471478	197	0.979695	0.0203046
NW_006804008.1	5444215	272	0.972426	0.0275735
NW_006804004.1	5428602	271	0.976015	0.0239852
NW_006804013.1	5404564	220	0.975	0.025
NW_006804015.1	5367877	315	0.968254	0.031746
NW_006804024.1	5287603	266	0.984962	0.0150376
NW_006804017.1	5279227	234	0.978632	0.0213675
NW_006804039.1	5275028	223	0.979821	0.0201794
NW_006804019.1	5274054	242	0.979339	0.0206612
NW_006804011.1	5170307	289	0.975779	0.0242215
NW_006804016.1	5164150	297	0.983165	0.016835
NW_006804041.1	5146105	227	0.980176	0.0198238
NW_006804022.1	5126920	230	0.954348	0.0456522
NW_006804010.1	5100269	278	0.976619	0.0233813
NW_006804030.1	5094643	219	0.965753	0.0342466
NW_006804020.1	5055325	256	0.978516	0.0214844
NW_006804018.1	5040847	249	0.971888	0.0281124
NW_006804032.1	5028047	247	0.983806	0.0161943
NW_006804044.1	4977944	222	0.977477	0.0225225
NW_006804034.1	4966245	256	0.994141	0.00585938
NW_006804026.1	4964831	242	0.96281	0.0371901
NW_006804037.1	4937009	182	0.975275	0.0247253
NW_006804031.1	4887329	235	0.974468	0.0255319
NW_006804021.1	4884892	287	0.973868	0.0261324
NW_006804055.1	4873195	223	0.991031	0.00896861
NW_006804068.1	4865127	177	0.985876	0.0141243
NW_006804027.1	4853444	231	0.980519	0.0194805
NW_006804038.1	4841617	240	0.985417	0.0145833
NW_006804035.1	4827078	204	0.992647	0.00735294
NW_006804033.1	4795302	274	0.983577	0.0164234
NW_006804028.1	4757838	245	0.981633	0.0183673
NW_006804029.1	4740494	246	0.985772	0.0142276
NW_006804040.1	4725648	249	0.981928	0.0180723
NW_006804042.1	4714655	246	0.989837	0.0101626
NW_006804050.1	4689754	206	0.985437	0.0145631
NW_006804036.1	4659551	236	0.972458	0.0275424
NW_006804023.1	4655850	300	0.983333	0.0166667
NW_006804054.1	4625766	207	0.971014	0.0289855
NW_006804060.1	4622734	269	0.977695	0.0223048
NW_006804046.1	4609931	256	0.988281	0.0117188
NW_006804047.1	4579690	278	0.973022	0.0269784
NW_006804045.1	4579337	224	0.977679	0.0223214
NW_006804058.1	4574935	238	0.985294	0.0147059
NW_006804067.1	4570646	182	0.975275	0.0247253
NW_006804057.1	4568660	200	0.995	0.005
NW_006804069.1	4553495	222	0.986486	0.0135135
NW_006804051.1	4520876	263	0.977186	0.0228137
NW_006804049.1	4495082	255	0.982353	0.0176471
NW_006804066.1	4494935	244	0.991803	0.00819672
NW_006804043.1	4493349	225	0.98	0.02
NW_006804056.1	4474099	208	0.983173	0.0168269
NW_006804085.1	4452468	150	0.966667	0.0333333
NW_006804065.1	4448310	223	0.984305	0.0156951
NW_006804053.1	4430858	234	0.952991	0.0470085
NW_006804102.1	4411926	158	0.977848	0.0221519
NW_006804061.1	4410206	231	0.97619	0.0238095
NW_006804059.1	4389921	239	0.970711	0.0292887
NW_006804064.1	4383229	248	0.977823	0.0221774
NW_006804075.1	4334724	232	0.974138	0.0258621
NW_006804071.1	4324897	208	0.983173	0.0168269
NW_006804048.1	4315942	227	0.977974	0.0220264
NW_006804078.1	4307415	199	0.992462	0.00753769
NW_006804052.1	4282046	252	0.986111	0.0138889
NW_006804080.1	4267478	193	0.984456	0.015544
NW_006804097.1	4196717	193	0.979275	0.0207254
NW_006804131.1	4173102	129	0.976744	0.0232558
NW_006804082.1	4163646	240	0.977083	0.0229167
NW_006804079.1	4155645	268	0.979478	0.0205224
NW_006804083.1	4154498	239	0.974895	0.0251046
NW_006804063.1	4147203	191	0.981675	0.0183246
NW_006804073.1	4145987	236	0.974576	0.0254237
NW_006804074.1	4132703	227	0.975771	0.0242291
NW_006804084.1	4127105	217	0.979263	0.0207373
NW_006804089.1	4123509	203	0.972906	0.0270936
NW_006804081.1	4112470	217	0.974654	0.0253456
NW_006804115.1	4106614	140	0.985714	0.0142857
NW_006804077.1	4102096	210	0.990476	0.00952381
NW_006804103.1	4099472	157	0.968153	0.0318471
NW_006804092.1	4097414	173	0.988439	0.0115607
NW_006804076.1	4092782	193	0.984456	0.015544
NW_006804113.1	4090460	189	0.97619	0.0238095
NW_006804108.1	4084084	200	0.975	0.025
NW_006804093.1	4056410	205	0.980488	0.0195122
NW_006804105.1	4052667	204	0.980392	0.0196078
NW_006804095.1	4048373	198	0.984848	0.0151515
NW_006804096.1	4035765	243	0.967078	0.0329218
NW_006804072.1	4002559	204	0.987745	0.0122549
NW_006804109.1	3992674	182	0.980769	0.0192308
NW_006804098.1	3970988	171	0.976608	0.0233918
NW_006804087.1	3911846	216	0.967593	0.0324074
NW_006804094.1	3891508	202	0.972772	0.0272277
NW_006804070.1	3888690	226	0.980088	0.0199115
NW_006804090.1	3867666	215	0.969767	0.0302326
NW_006804086.1	3864798	192	0.981771	0.0182292
NW_006804104.1	3862892	211	0.976303	0.0236967
NW_006804101.1	3854897	202	0.980198	0.019802
NW_006804099.1	3846603	215	0.969767	0.0302326
NW_006804091.1	3832394	240	0.98125	0.01875
NW_006804116.1	3825839	217	0.988479	0.0115207
NW_006804120.1	3815976	203	0.980296	0.0197044
NW_006804106.1	3811349	218	0.986239	0.0137615
NW_006804100.1	3806751	186	0.975806	0.0241935
NW_006804129.1	3800751	182	0.980769	0.0192308
NW_006804110.1	3796687	209	0.976077	0.0239234
NW_006804128.1	3794563	152	0.986842	0.0131579
NW_006804137.1	3787388	145	0.972414	0.0275862
NW_006804158.1	3778498	141	0.989362	0.0106383
NW_006804122.1	3746410	209	0.985646	0.0143541
NW_006804112.1	3744897	175	0.965714	0.0342857
NW_006804088.1	3734931	216	0.976852	0.0231481
NW_006804134.1	3728043	153	0.964052	0.0359477
NW_006804125.1	3693519	183	0.983607	0.0163934
NW_006804118.1	3676426	195	0.976923	0.0230769
NW_006804119.1	3672755	193	0.992228	0.00777202
NW_006804117.1	3652305	180	0.983333	0.0166667
NW_006804126.1	3645599	212	0.976415	0.0235849
NW_006804111.1	3634003	205	0.987805	0.0121951
NW_006804132.1	3628845	167	0.97006	0.0299401
NW_006804141.1	3626303	142	0.982394	0.0176056
NW_006804140.1	3604113	154	0.974026	0.025974
NW_006804163.1	3586785	141	0.98227	0.0177305
NW_006804127.1	3582855	216	0.986111	0.0138889
NW_006804107.1	3571822	172	0.979651	0.0203488
NW_006804123.1	3549253	187	0.970588	0.0294118
NW_006804124.1	3543476	199	0.969849	0.0301508
NW_006804114.1	3542347	176	0.982955	0.0170455
NW_006804138.1	3519579	182	0.986264	0.0137363
NW_006804143.1	3518986	183	0.959016	0.0409836
NW_006804154.1	3515684	168	0.979167	0.0208333
NW_006804139.1	3482710	176	0.965909	0.0340909
NW_006804149.1	3478930	172	0.968023	0.0319767
NW_006804146.1	3477811	171	0.961988	0.0380117
NW_006804136.1	3475749	183	0.967213	0.0327869
NW_006804169.1	3467664	155	0.967742	0.0322581
NW_006804164.1	3446605	164	0.990854	0.00914634
NW_006804133.1	3442183	165	0.978788	0.0212121
NW_006804166.1	3439781	155	0.987097	0.0129032
NW_006804171.1	3401873	183	0.983607	0.0163934
NW_006804142.1	3396209	168	0.97619	0.0238095
NW_006804188.1	3393053	171	0.988304	0.0116959
NW_006804151.1	3389995	179	0.977654	0.0223464
NW_006804172.1	3388313	140	0.985714	0.0142857
NW_006804168.1	3387797	145	0.993103	0.00689655
NW_006804135.1	3344524	160	0.98125	0.01875
NW_006804190.1	3337377	171	0.973684	0.0263158
NW_006804181.1	3321556	168	0.997024	0.00297619
NW_006804152.1	3319147	179	0.99162	0.00837989
NW_006804156.1	3316568	166	0.987952	0.0120482
NW_006804207.1	3309238	121	0.958678	0.0413223
NW_006804150.1	3306180	201	0.965174	0.0348259
NW_006804145.1	3305530	186	0.978495	0.0215054
NW_006804148.1	3304356	187	0.959893	0.040107
NW_006804130.1	3295478	178	0.977528	0.0224719
NW_006804144.1	3288357	184	0.986413	0.013587
NW_006804159.1	3281934	194	0.984536	0.0154639
NW_006804147.1	3271262	167	0.991018	0.00898204
NW_006804161.1	3267260	176	0.988636	0.0113636
NW_006804177.1	3264618	157	0.929936	0.0700637
NW_006804170.1	3261327	163	0.996933	0.00306748
NW_006804174.1	3261265	120	0.970833	0.0291667
NW_006804178.1	3259565	97	0.974227	0.0257732
NW_006804214.1	3236689	179	0.986034	0.0139665
NW_006804155.1	3226626	187	0.97861	0.0213904
NW_006804192.1	3226106	141	0.985816	0.0141844
NW_006804220.1	3208989	137	0.985401	0.0145985
NW_006804182.1	3186329	152	0.980263	0.0197368
NW_006804153.1	3181650	195	0.984615	0.0153846
NW_006804185.1	3178935	139	0.982014	0.0179856
NW_006804175.1	3173816	190	0.978947	0.0210526
NW_006804160.1	3172597	171	0.976608	0.0233918
NW_006804187.1	3171388	145	0.996552	0.00344828
NW_006804180.1	3161904	134	0.985075	0.0149254
NW_006804179.1	3161840	153	0.980392	0.0196078
NW_006804215.1	3150544	132	0.996212	0.00378788
NW_006804165.1	3142548	144	0.982639	0.0173611
NW_006804191.1	3140844	116	0.982759	0.0172414
NW_006804213.1	3137816	131	0.980916	0.019084
NW_006804184.1	3133840	152	0.983553	0.0164474
NW_006804203.1	3132381	116	0.987069	0.012931
NW_006804162.1	3128259	166	0.945783	0.0542169
NW_006804201.1	3127307	132	0.992424	0.00757576
NW_006804196.1	3065578	177	0.960452	0.039548
NW_006804183.1	3065335	129	0.984496	0.0155039
NW_006804173.1	3058461	157	0.977707	0.022293
NW_006804176.1	3046469	178	0.977528	0.0224719
NW_006804208.1	3044022	167	0.98503	0.0149701
NW_006804197.1	3036830	197	0.979695	0.0203046
NW_006804200.1	3029943	155	0.970968	0.0290323
NW_006804186.1	3005731	171	0.967836	0.0321637
NW_006804212.1	3005367	135	0.97037	0.0296296
NW_006804218.1	2992542	143	0.965035	0.034965
NW_006804194.1	2985492	149	0.973154	0.0268456
NW_006804223.1	2976365	158	0.981013	0.0189873
NW_006804195.1	2973536	174	0.965517	0.0344828
NW_006804206.1	2971679	170	0.991176	0.00882353
NW_006804189.1	2970403	145	0.965517	0.0344828
NW_006804193.1	2957070	162	0.978395	0.0216049
NW_006804236.1	2947708	115	0.991304	0.00869565
NW_006804209.1	2937124	126	0.980159	0.0198413
NW_006804230.1	2919515	108	0.981481	0.0185185
NW_006804226.1	2910740	147	0.979592	0.0204082
NW_006804238.1	2890720	117	0.978632	0.0213675
NW_006804268.1	2876217	90	0.966667	0.0333333
NW_006804219.1	2875553	134	0.988806	0.011194
NW_006804222.1	2859429	139	0.985612	0.0143885
NW_006804210.1	2858093	101	0.980198	0.019802
NW_006804202.1	2854765	173	0.979769	0.0202312
NW_006804233.1	2846714	130	0.992308	0.00769231
NW_006804239.1	2843171	113	0.982301	0.0176991
NW_006804221.1	2840559	158	0.984177	0.0158228
NW_006804199.1	2836868	177	0.980226	0.019774
NW_006804245.1	2833193	107	0.985981	0.0140187
NW_006804229.1	2821960	124	0.979839	0.0201613
NW_006804198.1	2815837	131	0.984733	0.0152672
NW_006804235.1	2811732	125	0.968	0.032
NW_006804231.1	2802114	132	0.984848	0.0151515
NW_006804204.1	2795342	144	0.982639	0.0173611
NW_006804234.1	2783267	127	0.972441	0.0275591
NW_006804265.1	2779349	140	0.978571	0.0214286
NW_006804286.1	2766912	98	0.984694	0.0153061
NW_006804254.1	2757948	91	0.93956	0.0604396
NW_006804217.1	2755950	152	0.986842	0.0131579
NW_006804246.1	2751415	115	0.982609	0.0173913
NW_006804232.1	2730153	113	0.982301	0.0176991
NW_006804228.1	2727943	141	0.975177	0.0248227
NW_006804216.1	2716689	149	0.979866	0.0201342
NW_006804263.1	2713550	135	0.981481	0.0185185
NW_006804237.1	2712090	148	0.97973	0.0202703
NW_006804244.1	2696603	119	0.97479	0.0252101
NW_006804275.1	2675281	104	0.961538	0.0384615
NW_006804258.1	2667251	115	0.978261	0.0217391
NW_006804287.1	2647273	111	0.986486	0.0135135
NW_006804243.1	2640592	128	0.992188	0.0078125
NW_006804224.1	2640183	147	0.986395	0.0136054
NW_006804259.1	2631845	116	0.991379	0.00862069
NW_006804278.1	2625232	158	0.977848	0.0221519
NW_006804247.1	2624454	129	0.984496	0.0155039
NW_006804280.1	2623652	112	0.982143	0.0178571
NW_006804227.1	2616713	145	0.972414	0.0275862
NW_006804242.1	2615794	129	0.976744	0.0232558
NW_006804250.1	2613624	129	0.965116	0.0348837
NW_006804225.1	2607747	126	0.988095	0.0119048
NW_006804274.1	2602372	117	0.965812	0.034188
NW_006804251.1	2595276	134	0.985075	0.0149254
NW_006804267.1	2584769	115	0.973913	0.026087
NW_006804253.1	2583887	131	0.965649	0.0343511
NW_006804241.1	2555784	135	0.985185	0.0148148
NW_006804262.1	2552696	132	0.981061	0.0189394
NW_006804255.1	2552673	110	0.981818	0.0181818
NW_006804276.1	2544244	119	0.991597	0.00840336
NW_006804249.1	2542336	142	0.975352	0.0246479
NW_006804282.1	2533937	124	0.979839	0.0201613
NW_006804317.1	2530079	109	0.972477	0.0275229
NW_006804240.1	2527398	145	0.97931	0.0206897
NW_006804343.1	2517214	101	0.975248	0.0247525
NW_006804281.1	2513853	110	0.995455	0.00454545
NW_006804283.1	2509227	117	0.982906	0.017094
NW_006804252.1	2501988	143	0.968531	0.0314685
NW_006804293.1	2492875	102	0.980392	0.0196078
NW_006804333.1	2485173	90	0.955556	0.0444444
NW_006804323.1	2472714	89	0.97191	0.0280899
NW_006804288.1	2472481	122	0.979508	0.0204918
NW_006804261.1	2461381	132	0.969697	0.030303
NW_006804248.1	2460278	145	0.972414	0.0275862
NW_006804295.1	2457121	120	0.975	0.025
NW_006804319.1	2457091	121	0.958678	0.0413223
NW_006804271.1	2454385	91	0.978022	0.021978
NW_006804277.1	2452911	105	0.980952	0.0190476
NW_006804256.1	2449249	132	0.996212	0.00378788
NW_006804260.1	2434499	125	0.988	0.012
NW_006804311.1	2427621	119	0.970588	0.0294118
NW_006804279.1	2419616	135	0.977778	0.0222222
NW_006804292.1	2413213	84	0.982143	0.0178571
NW_006804294.1	2405173	106	0.957547	0.0424528
NW_006804301.1	2401076	108	1	0
NW_006804308.1	2385026	124	0.979839	0.0201613
NW_006804310.1	2370406	99	0.974747	0.0252525
NW_006804285.1	2366213	111	0.990991	0.00900901
NW_006804330.1	2362305	107	0.985981	0.0140187
NW_006804328.1	2355328	84	0.940476	0.0595238
NW_006804300.1	2355257	104	0.975962	0.0240385
NW_006804303.1	2352794	82	0.993902	0.00609756
NW_006804269.1	2350953	119	0.966387	0.0336134
NW_006804306.1	2349400	77	0.987013	0.012987
NW_006804270.1	2345083	125	0.972	0.028
NW_006804307.1	2343365	85	0.988235	0.0117647
NW_006804273.1	2340943	125	0.988	0.012
NW_006804314.1	2320607	101	0.980198	0.019802
NW_006804257.1	2320307	132	0.984848	0.0151515
NW_006804320.1	2310555	107	0.96729	0.0327103
NW_006804315.1	2303921	103	0.970874	0.0291262
NW_006804272.1	2296957	123	0.95122	0.0487805
NW_006804299.1	2290843	108	0.976852	0.0231481
NW_006804284.1	2285863	120	0.983333	0.0166667
NW_006804326.1	2280021	99	0.989899	0.010101
NW_006804312.1	2276017	116	0.969828	0.0301724
NW_006804297.1	2270203	121	0.966942	0.0330579
NW_006804321.1	2250318	105	0.985714	0.0142857
NW_006804337.1	2244224	82	0.914634	0.0853659
NW_006804298.1	2229203	126	0.988095	0.0119048
NW_006804329.1	2223773	98	0.959184	0.0408163
NW_006804327.1	2183755	121	0.954545	0.0454545
NW_006804352.1	2178968	120	0.995833	0.00416667
NW_006804302.1	2177588	128	0.980469	0.0195312
NW_006804325.1	2174813	100	0.96	0.04
NW_006804309.1	2171378	139	0.978417	0.0215827
NW_006804290.1	2170598	119	0.966387	0.0336134
NW_006804363.1	2165802	115	0.982609	0.0173913
NW_006804324.1	2162370	142	0.978873	0.0211268
NW_006804305.1	2157022	138	0.992754	0.00724638
NW_006804313.1	2150611	87	0.954023	0.045977
NW_006804338.1	2134662	100	0.965	0.035
NW_006804318.1	2130165	110	0.968182	0.0318182
NW_006804380.1	2129604	84	0.952381	0.047619
NW_006804322.1	2126882	109	0.986239	0.0137615
NW_006804344.1	2125042	105	0.980952	0.0190476
NW_006804296.1	2124865	113	0.986726	0.0132743
NW_006804331.1	2117304	105	0.985714	0.0142857
NW_006804304.1	2110238	133	0.966165	0.0338346
NW_006804334.1	2100117	81	0.938272	0.0617284
NW_006804347.1	2095745	83	0.993976	0.0060241
NW_006804340.1	2091939	100	0.96	0.04
NW_006804342.1	2082361	124	0.979839	0.0201613
NW_006804341.1	2079112	114	0.995614	0.00438596
NW_006804357.1	2078600	69	0.978261	0.0217391
NW_006804355.1	2066926	87	0.988506	0.0114943
NW_006804375.1	2066264	98	0.97449	0.0255102
NW_006804365.1	2055734	94	0.984043	0.0159574
NW_006804349.1	2053017	110	0.977273	0.0227273
NW_006804332.1	2050159	131	0.984733	0.0152672
NW_006804384.1	2046973	75	0.98	0.02
NW_006804369.1	2046506	113	0.977876	0.0221239
NW_006804348.1	2042364	89	0.904494	0.0955056
NW_006804346.1	2041216	91	0.978022	0.021978
NW_006804335.1	2039319	140	0.985714	0.0142857
NW_006804364.1	2030139	98	0.97449	0.0255102
NW_006804358.1	2021503	92	0.918478	0.0815217
NW_006804368.1	2018484	94	0.989362	0.0106383
NW_006804382.1	2015852	86	0.988372	0.0116279
NW_006804370.1	2009964	102	0.955882	0.0441176
NW_006804378.1	1996730	108	0.986111	0.0138889
NW_006804385.1	1992156	74	0.97973	0.0202703
NW_006804353.1	1990306	100	0.97	0.03
NW_006804336.1	1987155	116	0.99569	0.00431034
NW_006804362.1	1983441	90	0.972222	0.0277778
NW_006804399.1	1978113	98	0.97449	0.0255102
NW_006804359.1	1974671	87	0.971264	0.0287356
NW_006804400.1	1972684	76	1	0
NW_006804373.1	1971091	92	0.994565	0.00543478
NW_006804345.1	1968828	107	0.976636	0.0233645
NW_006804387.1	1956152	101	0.990099	0.00990099
NW_006804376.1	1954138	92	0.98913	0.0108696
NW_006804450.1	1948865	59	1	0
NW_006804367.1	1947472	117	0.987179	0.0128205
NW_006804408.1	1947008	100	0.97	0.03
NW_006804339.1	1945985	100	0.975	0.025
NW_006804456.1	1942299	50	0.99	0.01
NW_006804351.1	1935986	118	0.966102	0.0338983
NW_006804398.1	1930287	82	1	0
NW_006804360.1	1929386	126	0.996032	0.00396825
NW_006804420.1	1927250	69	0.971014	0.0289855
NW_006804371.1	1927123	100	0.98	0.02
NW_006804383.1	1920915	102	0.990196	0.00980392
NW_006804356.1	1920724	110	0.995455	0.00454545
NW_006804366.1	1915427	99	0.979798	0.020202
NW_006804402.1	1914484	77	0.980519	0.0194805
NW_006804388.1	1911982	81	0.975309	0.0246914
NW_006804413.1	1905817	82	0.97561	0.0243902
NW_006804377.1	1897075	99	0.979798	0.020202
NW_006804437.1	1893716	69	0.985507	0.0144928
NW_006804354.1	1893441	106	0.976415	0.0235849
NW_006804407.1	1888356	77	0.974026	0.025974
NW_006804428.1	1871984	70	0.95	0.05
NW_006804379.1	1866031	121	0.975207	0.0247934
NW_006804481.1	1852406	79	0.962025	0.0379747
NW_006804374.1	1846650	97	0.974227	0.0257732
NW_006804372.1	1823290	108	0.976852	0.0231481
NW_006804412.1	1818937	83	0.981928	0.0180723
NW_006804439.1	1816284	66	0.984848	0.0151515
NW_006804393.1	1815431	82	0.987805	0.0121951
NW_006804430.1	1811819	69	0.949275	0.0507246
NW_006804403.1	1811377	94	0.973404	0.0265957
NW_006804462.1	1798033	51	0.95098	0.0490196
NW_006804391.1	1796374	99	0.979798	0.020202
NW_006804415.1	1794874	86	0.97093	0.0290698
NW_006804389.1	1793484	92	0.972826	0.0271739
NW_006804441.1	1787047	85	0.982353	0.0176471
NW_006804423.1	1783259	86	0.976744	0.0232558
NW_006804478.1	1782725	51	1	0
NW_006804431.1	1782304	100	0.97	0.03
NW_006804405.1	1773018	97	0.984536	0.0154639
NW_006804421.1	1772498	78	0.961538	0.0384615
NW_006804381.1	1769047	108	0.981481	0.0185185
NW_006804417.1	1765871	99	0.974747	0.0252525
NW_006804409.1	1759943	96	0.979167	0.0208333
NW_006804386.1	1759938	91	0.983516	0.0164835
NW_006804449.1	1757820	73	0.986301	0.0136986
NW_006804394.1	1756758	87	0.982759	0.0172414
NW_006804424.1	1755529	88	0.982955	0.0170455
NW_006804416.1	1753640	89	0.977528	0.0224719
NW_006804419.1	1750455	98	0.964286	0.0357143
NW_006804464.1	1749426	72	0.986111	0.0138889
NW_006804445.1	1738461	81	0.975309	0.0246914
NW_006804455.1	1735258	94	0.984043	0.0159574
NW_006804396.1	1730907	80	0.9875	0.0125
NW_006804438.1	1727584	71	0.992958	0.00704225
NW_006804434.1	1720091	88	0.965909	0.0340909
NW_006804426.1	1718272	84	0.964286	0.0357143
NW_006804451.1	1711785	82	0.987805	0.0121951
NW_006804446.1	1708744	70	0.964286	0.0357143
NW_006804468.1	1707536	67	0.977612	0.0223881
NW_006804470.1	1705473	65	0.992308	0.00769231
NW_006804523.1	1705411	61	0.991803	0.00819672
NW_006804427.1	1692080	83	0.96988	0.0301205
NW_006804429.1	1692058	81	0.95679	0.0432099
NW_006804447.1	1689290	83	0.987952	0.0120482
NW_006804477.1	1686116	88	0.931818	0.0681818
NW_006804432.1	1677338	68	1	0
NW_006804542.1	1674955	60	0.975	0.025
NW_006804458.1	1666285	72	0.965278	0.0347222
NW_006804461.1	1665627	92	0.978261	0.0217391
NW_006804460.1	1665055	66	0.969697	0.030303
NW_006804410.1	1664670	99	0.984848	0.0151515
NW_006804493.1	1660213	53	0.95283	0.0471698
NW_006804494.1	1654313	51	1	0
NW_006804485.1	1654020	96	0.979167	0.0208333
NW_006804503.1	1649027	74	0.986486	0.0135135
NW_006804436.1	1647453	91	0.956044	0.043956
NW_006804443.1	1641246	62	0.975806	0.0241935
NW_006804474.1	1639005	57	0.973684	0.0263158
NW_006804476.1	1628132	78	0.987179	0.0128205
NW_006804452.1	1625462	70	0.985714	0.0142857
NW_006804487.1	1625101	66	0.992424	0.00757576
NW_006804435.1	1624990	95	0.978947	0.0210526
NW_006804422.1	1623939	82	0.97561	0.0243902
NW_006804510.1	1623729	51	1	0
NW_006804472.1	1619575	70	0.971429	0.0285714
NW_006804490.1	1619276	55	0.972727	0.0272727
NW_006804465.1	1615708	67	1	0
NW_006804546.1	1607952	61	1	0
NW_006804457.1	1606273	78	0.961538	0.0384615
NW_006804459.1	1605302	79	0.993671	0.00632911
NW_006804489.1	1605110	53	0.971698	0.0283019
NW_006804442.1	1602396	54	0.972222	0.0277778
NW_006804425.1	1599012	88	0.943182	0.0568182
NW_006804473.1	1596736	100	0.99	0.01
NW_006804479.1	1594741	81	0.932099	0.0679012
NW_006804433.1	1593535	98	0.97449	0.0255102
NW_006804448.1	1586369	96	0.963542	0.0364583
NW_006804486.1	1584452	83	0.975904	0.0240964
NW_006804509.1	1583489	79	0.949367	0.0506329
NW_006804480.1	1576051	64	1	0
NW_006804444.1	1575187	88	0.977273	0.0227273
NW_006804414.1	1571046	87	0.977011	0.0229885
NW_006804453.1	1564353	76	0.967105	0.0328947
NW_006804502.1	1558231	67	0.970149	0.0298507
NW_006804491.1	1558046	78	0.955128	0.0448718
NW_006804500.1	1549897	87	0.982759	0.0172414
NW_006804454.1	1544090	69	0.978261	0.0217391
NW_006804483.1	1543455	54	0.962963	0.037037
NW_006804466.1	1542023	89	0.977528	0.0224719
NW_006804467.1	1534773	66	0.969697	0.030303
NW_006804475.1	1533843	105	0.980952	0.0190476
NW_006804513.1	1521977	88	0.988636	0.0113636
NW_006804463.1	1521647	68	0.992647	0.00735294
NW_006804516.1	1518171	64	0.976562	0.0234375
NW_006804482.1	1511819	83	0.963855	0.0361446
NW_006804532.1	1511513	50	0.97	0.03
NW_006804527.1	1508316	84	0.982143	0.0178571
NW_006804520.1	1507299	72	0.972222	0.0277778
NW_006804499.1	1506213	89	0.988764	0.011236
NW_006804498.1	1498269	92	0.98913	0.0108696
NW_006804492.1	1494793	83	0.981928	0.0180723
NW_006804567.1	1493162	60	0.983333	0.0166667
NW_006804540.1	1487769	50	0.99	0.01
NW_006804524.1	1484227	63	0.984127	0.015873
NW_006804495.1	1483867	63	0.952381	0.047619
NW_006804471.1	1469414	59	0.983051	0.0169492
NW_006804501.1	1461024	60	0.983333	0.0166667
NW_006804484.1	1458748	68	0.992647	0.00735294
NW_006804497.1	1453327	88	0.988636	0.0113636
NW_006804564.1	1453005	52	0.990385	0.00961538
NW_006804507.1	1452768	68	0.919118	0.0808824
NW_006804541.1	1448723	56	0.991071	0.00892857
NW_006804534.1	1441900	67	0.992537	0.00746269
NW_006804565.1	1438033	50	0.94	0.06
NW_006804533.1	1434692	63	0.968254	0.031746
NW_006804581.1	1425504	64	0.953125	0.046875
NW_006804528.1	1423599	67	0.955224	0.0447761
NW_006804530.1	1417431	60	0.975	0.025
NW_006804566.1	1410232	66	0.992424	0.00757576
NW_006804585.1	1401002	66	0.977273	0.0227273
NW_006804531.1	1396534	81	0.993827	0.00617284
NW_006804514.1	1394801	67	0.985075	0.0149254
NW_006804553.1	1388828	61	0.959016	0.0409836
NW_006804579.1	1386386	58	0.991379	0.00862069
NW_006804582.1	1382829	65	0.976923	0.0230769
NW_006804558.1	1382696	54	0.990741	0.00925926
NW_006804505.1	1379560	77	0.948052	0.0519481
NW_006804518.1	1379540	74	0.972973	0.027027
NW_006804568.1	1376178	60	1	0
NW_006804538.1	1375637	66	0.977273	0.0227273
NW_006804547.1	1375302	73	0.993151	0.00684932
NW_006804535.1	1372399	66	0.984848	0.0151515
NW_006804573.1	1370792	64	0.976562	0.0234375
NW_006804591.1	1368259	62	0.91129	0.0887097
NW_006804511.1	1364259	80	0.98125	0.01875
NW_006804575.1	1363665	79	0.993671	0.00632911
NW_006804544.1	1362272	55	1	0
NW_006804536.1	1355641	70	0.971429	0.0285714
NW_006804515.1	1347323	56	0.982143	0.0178571
NW_006804519.1	1347268	87	0.971264	0.0287356
NW_006804550.1	1341390	82	0.939024	0.0609756
NW_006804508.1	1339073	72	0.951389	0.0486111
NW_006804506.1	1338786	85	0.964706	0.0352941
NW_006804592.1	1327209	84	0.970238	0.0297619
NW_006804551.1	1326595	87	0.982759	0.0172414
NW_006804580.1	1317333	65	0.976923	0.0230769
NW_006804561.1	1309264	81	0.981481	0.0185185
NW_006804557.1	1305986	53	0.915094	0.0849057
NW_006804577.1	1304702	71	0.964789	0.0352113
NW_006804559.1	1303003	65	0.961538	0.0384615
NW_006804521.1	1301714	68	0.977941	0.0220588
NW_006804562.1	1295950	56	0.982143	0.0178571
NW_006804594.1	1295576	50	1	0
NW_006804608.1	1294680	87	0.971264	0.0287356
NW_006804549.1	1292172	68	0.985294	0.0147059
NW_006804539.1	1292093	63	0.97619	0.0238095
NW_006804583.1	1287968	58	0.982759	0.0172414
NW_006804601.1	1284421	74	0.972973	0.027027
NW_006804589.1	1283699	67	0.977612	0.0223881
NW_006804556.1	1281719	68	0.992647	0.00735294
NW_006804620.1	1280388	53	1	0
NW_006804576.1	1274387	66	0.969697	0.030303
NW_006804597.1	1272783	65	1	0
NW_006804537.1	1265050	83	0.96988	0.0301205
NW_006804605.1	1261189	66	0.992424	0.00757576
NW_006804628.1	1260856	51	1	0
NW_006804571.1	1257920	69	0.971014	0.0289855
NW_006804587.1	1255117	57	0.973684	0.0263158
NW_006804560.1	1252500	94	1	0
NW_006804638.1	1246706	73	0.972603	0.0273973
NW_006804545.1	1245595	77	0.974026	0.025974
NW_006804604.1	1241369	60	0.983333	0.0166667
NW_006804574.1	1237877	72	0.979167	0.0208333
NW_006804610.1	1226971	78	0.974359	0.025641
NW_006804637.1	1224734	52	0.990385	0.00961538
NW_006804606.1	1213381	51	0.990196	0.00980392
NW_006804634.1	1210682	62	0.975806	0.0241935
NW_006804618.1	1207266	76	0.973684	0.0263158
NW_006804647.1	1204194	60	0.958333	0.0416667
NW_006804590.1	1201408	53	0.990566	0.00943396
NW_006804555.1	1191634	72	0.993056	0.00694444
NW_006804623.1	1183038	69	0.985507	0.0144928
NW_006804631.1	1182622	62	0.983871	0.016129
NW_006804584.1	1174274	60	0.958333	0.0416667
NW_006804630.1	1165219	64	0.976562	0.0234375
NW_006804642.1	1164840	64	0.976562	0.0234375
NW_006804633.1	1162748	66	0.977273	0.0227273
NW_006804603.1	1160273	73	0.993151	0.00684932
NW_006804611.1	1148694	62	0.967742	0.0322581
NW_006804673.1	1145811	50	0.98	0.02
NW_006804602.1	1141827	63	0.97619	0.0238095
NW_006804629.1	1129609	69	0.985507	0.0144928
NW_006804586.1	1128606	68	0.977941	0.0220588
NW_006804627.1	1125293	63	0.97619	0.0238095
NW_006804619.1	1124525	63	0.928571	0.0714286
NW_006804671.1	1124474	61	0.983607	0.0163934
NW_006804613.1	1121523	59	0.949153	0.0508475
NW_006804640.1	1119728	63	0.936508	0.0634921
NW_006804653.1	1105283	57	0.991228	0.00877193
NW_006804651.1	1099254	51	0.980392	0.0196078
NW_006804708.1	1093088	50	0.98	0.02
NW_006804661.1	1090934	69	0.978261	0.0217391
NW_006804707.1	1075403	76	0.993421	0.00657895
NW_006804670.1	1072060	67	0.985075	0.0149254
NW_006804624.1	1070522	58	0.991379	0.00862069
NW_006804691.1	1070197	62	0.967742	0.0322581
NW_006804667.1	1066845	57	1	0
NW_006804675.1	1056250	53	1	0
NW_006804617.1	1045566	56	0.973214	0.0267857
NW_006804669.1	1044320	59	0.966102	0.0338983
NW_006804706.1	1043113	66	0.969697	0.030303
NW_006804696.1	1038420	57	0.982456	0.0175439
NW_006804690.1	1031934	72	0.993056	0.00694444
NW_006804643.1	1028969	56	0.973214	0.0267857
NW_006804731.1	1028153	58	0.965517	0.0344828
NW_006804654.1	1016596	54	0.962963	0.037037
NW_006804650.1	1014829	68	0.977941	0.0220588
NW_006804632.1	1004729	50	0.97	0.03
NW_006804657.1	1004008	51	0.960784	0.0392157
NW_006804656.1	1002483	51	0.980392	0.0196078
NW_006804689.1	1001992	50	0.96	0.04
NW_006804721.1	996652	53	0.971698	0.0283019
NW_006804715.1	990263	50	0.99	0.01
NW_006804660.1	975666	65	0.976923	0.0230769
NW_006804709.1	974106	58	0.982759	0.0172414
NW_006804687.1	972458	55	0.990909	0.00909091
NW_006804693.1	923742	53	0.990566	0.00943396
NW_006804719.1	921399	64	0.984375	0.015625
NW_006804725.1	919857	54	0.953704	0.0462963
NW_006804729.1	919243	60	0.983333	0.0166667
NW_006804730.1	917372	56	0.982143	0.0178571
NW_006804745.1	914885	50	0.98	0.02
NW_006804768.1	878105	55	0.954545	0.0454545
NW_006804733.1	869154	57	0.982456	0.0175439
NW_006804826.1	842902	54	0.990741	0.00925926
NW_006804823.1	791237	55	0.963636	0.0363636
