1	40	2	39	1
2	38	2	8	30
3	40	2	1	39
4	40	2	4	36
5	40	2	39	1
6	40	2	35	5
7	40	2	40	0
8	40	2	38	2
9	38	2	19	19
10	40	2	39	1
11	38	2	37	1
12	38	2	7	31
13	38	2	37	1
14	38	2	28	10
15	40	2	1	39
16	38	2	3	35
17	40	2	40	0
18	38	2	1	37
19	40	2	0	40
20	40	2	38	2
21	38	2	33	5
22	38	2	38	0
23	40	2	40	0
24	38	2	37	1
25	38	2	20	18
26	40	2	37	3
27	38	2	38	0
28	40	2	35	5
29	40	2	11	29
30	38	2	38	0
31	38	2	1	37
32	40	2	0	40
33	42	2	21	21
34	38	2	24	14
35	40	2	38	2
36	38	2	37	1
37	40	2	39	1
38	40	2	1	39
39	40	2	38	2
40	38	2	21	17
41	40	2	13	27
42	38	2	0	38
43	40	2	18	22
44	38	2	38	0
45	36	2	35	1
46	38	2	36	2
47	38	2	37	1
48	38	2	1	37
49	40	2	40	0
50	38	2	0	38
51	36	2	3	33
52	40	2	29	11
53	40	2	40	0
54	38	2	32	6
55	38	2	0	38
56	38	2	38	0
57	38	2	0	38
58	38	2	38	0
59	42	2	41	1
60	40	2	0	40
61	40	2	38	2
62	38	2	24	14
63	38	2	0	38
64	42	2	42	0
65	40	2	40	0
66	38	2	37	1
67	40	2	39	1
68	40	2	39	1
69	38	2	3	35
70	40	2	40	0
71	40	2	39	1
72	38	2	37	1
73	36	2	34	2
74	42	2	0	42
75	40	2	39	1
76	42	2	42	0
77	38	2	35	3
78	38	2	26	12
79	38	2	37	1
80	38	2	38	0
81	40	2	3	37
82	42	2	41	1
83	40	2	39	1
84	42	2	29	13
85	38	2	0	38
86	38	2	1	37
87	38	2	37	1
88	40	2	27	13
89	42	2	40	2
90	40	2	38	2
91	40	2	39	1
92	38	2	23	15
93	38	2	12	26
94	40	2	0	40
95	42	2	40	2
96	38	2	22	16
97	38	2	2	36
98	38	2	37	1
99	42	2	8	34
100	40	2	40	0
101	40	2	29	11
102	38	2	37	1
103	38	2	32	6
104	40	2	0	40
105	38	2	36	2
106	38	2	37	1
107	40	2	37	3
108	40	2	39	1
109	38	2	34	4
110	40	2	39	1
111	38	2	36	2
112	42	2	27	15
113	40	2	15	25
114	42	2	1	41
115	40	2	26	14
116	38	2	36	2
117	40	2	13	27
118	40	2	40	0
119	42	2	42	0
120	38	2	37	1
121	40	2	34	6
122	38	2	37	1
123	38	2	37	1
124	36	2	31	5
125	38	2	38	0
126	40	2	39	1
127	40	2	39	1
128	38	2	36	2
129	40	2	39	1
130	40	2	0	40
131	40	2	38	2
132	40	2	37	3
133	40	2	31	9
134	38	2	37	1
135	38	2	38	0
136	42	2	41	1
137	38	2	35	3
138	38	2	35	3
139	38	2	0	38
140	38	2	38	0
141	42	2	36	6
142	40	2	27	13
143	42	2	0	42
144	42	2	30	12
145	42	2	21	21
146	40	2	39	1
147	38	2	0	38
148	40	2	34	6
149	40	2	15	25
150	38	2	35	3
151	40	2	10	30
152	40	2	9	31
153	40	2	2	38
154	40	2	1	39
155	40	2	40	0
156	38	2	11	27
157	38	2	0	38
158	38	2	38	0
159	40	2	0	40
160	40	2	4	36
161	40	2	36	4
162	38	2	1	37
163	40	2	35	5
164	40	2	1	39
165	36	2	35	1
166	40	2	0	40
167	40	2	40	0
168	38	2	36	2
169	40	2	0	40
170	38	2	38	0
171	40	2	0	40
172	40	2	34	6
173	42	2	2	40
174	40	2	0	40
175	38	2	36	2
176	38	2	36	2
177	40	2	0	40
178	40	2	28	12
179	38	2	36	2
180	40	2	40	0
181	42	2	36	6
182	38	2	38	0
183	40	2	38	2
184	38	2	37	1
185	38	2	0	38
186	42	2	18	24
187	40	2	39	1
188	36	2	36	0
189	40	2	3	37
190	38	2	1	37
191	38	2	37	1
192	40	2	0	40
193	40	2	39	1
194	40	2	1	39
195	40	2	30	10
196	40	2	38	2
197	38	2	0	38
198	42	2	28	14
199	40	2	39	1
200	42	2	26	16
201	38	2	11	27
202	40	2	21	19
203	38	2	37	1
204	40	2	28	12
205	40	2	38	2
206	40	2	23	17
207	40	2	38	2
208	40	2	33	7
209	40	2	35	5
210	38	2	2	36
211	38	2	4	34
212	42	2	25	17
213	38	2	30	8
214	40	2	39	1
215	40	2	39	1
216	40	2	1	39
217	38	2	8	30
218	38	2	32	6
219	40	2	1	39
220	40	2	29	11
221	40	2	39	1
222	40	2	40	0
223	40	2	1	39
224	38	2	37	1
225	38	2	0	38
226	42	2	23	19
227	42	2	37	5
228	40	2	39	1
229	40	2	21	19
230	40	2	0	40
231	40	2	37	3
232	40	2	0	40
233	40	2	40	0
234	38	2	18	20
235	38	2	1	37
236	38	2	22	16
237	42	2	42	0
238	38	2	38	0
239	40	2	0	40
240	42	2	41	1
241	40	2	39	1
242	36	2	0	36
243	40	2	34	6
244	40	2	0	40
245	40	2	20	20
246	40	2	1	39
247	40	2	33	7
248	40	2	0	40
249	40	2	35	5
250	42	2	1	41
251	38	2	28	10
252	40	2	23	17
253	38	2	1	37
254	40	2	34	6
255	38	2	34	4
256	40	2	39	1
257	40	2	40	0
258	38	2	38	0
259	36	2	0	36
260	40	2	17	23
261	40	2	39	1
262	38	2	29	9
263	40	2	22	18
264	38	2	38	0
265	38	2	37	1
266	42	2	38	4
267	38	2	38	0
268	40	2	1	39
269	42	2	41	1
270	40	2	1	39
271	40	2	39	1
272	40	2	40	0
273	40	2	40	0
274	38	2	38	0
275	40	2	40	0
276	40	2	39	1
277	38	2	37	1
278	40	2	1	39
279	40	2	38	2
280	40	2	39	1
281	40	2	38	2
282	40	2	35	5
283	38	2	38	0
284	40	2	39	1
285	36	2	33	3
286	40	2	30	10
287	40	2	30	10
288	38	2	23	15
289	40	2	0	40
290	38	2	25	13
291	42	2	0	42
292	40	2	20	20
293	40	2	39	1
294	38	2	36	2
295	40	2	40	0
296	40	2	39	1
297	42	2	41	1
298	40	2	38	2
299	40	2	2	38
300	40	2	39	1
301	40	2	40	0
302	38	2	1	37
303	42	2	29	13
304	38	2	1	37
305	40	2	27	13
306	40	2	4	36
307	42	2	40	2
308	38	2	0	38
309	40	2	1	39
310	42	2	21	21
311	42	2	22	20
312	42	2	27	15
313	40	2	34	6
314	44	2	8	36
315	42	2	0	42
316	42	2	35	7
317	40	2	24	16
318	42	2	19	23
319	42	2	18	24
320	42	2	30	12
321	38	2	2	36
322	40	2	33	7
323	40	2	39	1
324	38	2	20	18
325	40	2	1	39
326	38	2	37	1
327	38	2	0	38
328	40	2	0	40
329	40	2	40	0
330	40	2	21	19
331	38	2	1	37
332	40	2	31	9
333	36	2	35	1
334	42	2	23	19
335	40	2	0	40
336	40	2	33	7
337	38	2	36	2
338	40	2	39	1
339	38	2	19	19
340	40	2	39	1
341	40	2	6	34
342	38	2	33	5
343	40	2	39	1
344	40	2	1	39
345	38	2	36	2
346	36	2	27	9
347	40	2	39	1
348	40	2	5	35
349	38	2	22	16
350	42	2	38	4
351	40	2	0	40
352	42	2	6	36
353	38	2	37	1
354	40	2	19	21
355	40	2	1	39
356	42	2	21	21
357	42	2	18	24
358	40	2	0	40
359	38	2	6	32
360	42	2	39	3
361	40	2	0	40
362	40	2	16	24
363	38	2	1	37
364	40	2	39	1
365	40	2	22	18
366	40	2	40	0
367	40	2	21	19
368	40	2	20	20
369	38	2	19	19
370	40	2	36	4
371	40	2	1	39
372	36	2	35	1
373	42	2	29	13
374	44	2	43	1
