    prob  log10(PO)   qval  alpha  fst
1  0.00940019 -2.02276 0.98983 0.0028656 0.28805 
2  0.0084802 -2.0679 0.99013 0.0023287 0.28787 
3  0.010440 -1.9767 0.98881 -0.0027858 0.28701 
4  0.0095602 -2.0154 0.98972 -0.0035281 0.28685 
5  0.010280 -1.9835 0.98896 0.0014055 0.28780 
6  0.0090802 -2.0379 0.98995 0.0010033 0.28763 
7  0.0090802 -2.0379 0.98995 0.0016305 0.28781 
8  0.0090202 -2.0408 0.98997 0.00065630 0.28760 
9  0.0067401 -2.1684 0.99024 0.0012772 0.28757 
10  0.0089002 -2.0467 0.99002 -0.0019255 0.28712 
11  0.0096002 -2.0135 0.98969 0.00098489 0.28768 
12  0.0076802 -2.1113 0.99019 -0.0016348 0.28707 
13  0.0094402 -2.0209 0.98981 0.0014436 0.28778 
14  0.0087402 -2.0547 0.99008 0.0013296 0.28767 
15  0.010060 -1.9930 0.98928 -0.0024320 0.28709 
16  0.0093002 -2.0275 0.98987 0.00069978 0.28760 
17  0.0094002 -2.0228 0.98983 0.0011594 0.28770 
18  0.0094402 -2.0209 0.98981 -0.0023956 0.28709 
19  0.010520 -1.9734 0.98875 0.0013788 0.28779 
20  0.0090802 -2.0379 0.98995 0.00031538 0.28753 
21  0.0092202 -2.0312 0.98990 0.0015682 0.28777 
22  0.0088002 -2.0517 0.99007 0.0013040 0.28769 
23  0.0099202 -1.9991 0.98937 0.00070607 0.28764 
24  0.0097802 -2.0054 0.98953 0.0020335 0.28789 
25  0.012000 -1.9156 0.98782 -0.0085285 0.28613 
26  0.0094402 -2.0209 0.98981 0.00075400 0.28767 
27  0.010020 -1.9947 0.98932 0.00055992 0.28761 
28  0.0088602 -2.0487 0.99004 0.0010984 0.28765 
29  0.0085402 -2.0648 0.99012 -0.0024325 0.28697 
30  0.0096002 -2.0135 0.98969 0.0010451 0.28769 
31  0.0098602 -2.0018 0.98945 0.0015718 0.28780 
32  0.0095602 -2.0154 0.98972 0.00071085 0.28765 
33  0.011680 -1.9274 0.98802 -0.0082398 0.28618 
34  0.011740 -1.9252 0.98800 -0.0084639 0.28616 
35  0.010700 -1.9659 0.98858 0.0014022 0.28778 
36  0.010460 -1.9759 0.98878 0.0013531 0.28778 
37  0.0099202 -1.9991 0.98937 0.0011505 0.28772 
38  0.010040 -1.9939 0.98929 -0.0029464 0.28701 
39  0.010140 -1.9895 0.98919 0.00092643 0.28769 
40  0.0092002 -2.0322 0.98991 -0.0040657 0.28673 
41  0.0094002 -2.0228 0.98983 -0.0052645 0.28657 
42  0.0094402 -2.0209 0.98981 0.00088400 0.28763 
43  0.0079602 -2.0956 0.99015 -0.0015346 0.28710 
44  0.010540 -1.9725 0.98873 0.0010555 0.28774 
45  0.0094202 -2.0218 0.98981 0.0015255 0.28779 
46  0.0098802 -2.0009 0.98942 0.0013485 0.28775 
47  0.0095602 -2.0154 0.98972 -0.0019346 0.28715 
48  0.0093802 -2.0237 0.98985 0.0014210 0.28776 
49  0.0092202 -2.0312 0.98990 0.0012147 0.28771 
50  0.0096602 -2.0108 0.98964 0.0012987 0.28774 
51  0.0087802 -2.0527 0.99007 -0.0033635 0.28690 
52  0.0083602 -2.0741 0.99014 0.0020789 0.28781 
53  0.010100 -1.9913 0.98923 0.00075332 0.28767 
54  0.0094002 -2.0228 0.98983 0.0018078 0.28782 
55  0.0097002 -2.0090 0.98958 0.0013844 0.28779 
56  0.0099402 -1.9983 0.98936 0.0015225 0.28779 
57  0.0088402 -2.0497 0.99005 0.0013983 0.28775 
58  0.010240 -1.9852 0.98904 0.00056977 0.28764 
59  0.011380 -1.9389 0.98819 0.0015549 0.28782 
60  0.0094802 -2.0190 0.98976 0.00042662 0.28763 
61  0.0098802 -2.0009 0.98942 0.0013132 0.28774 
62  0.0086002 -2.0617 0.99011 0.0037773 0.28815 
63  0.010300 -1.9827 0.98894 0.0016963 0.28785 
64  0.010140 -1.9895 0.98919 0.0020753 0.28789 
65  0.010180 -1.9878 0.98908 0.0019529 0.28785 
66  0.0090002 -2.0418 0.98998 0.0013831 0.28774 
67  0.010100 -1.9913 0.98923 0.0014536 0.28781 
68  0.0096202 -2.0126 0.98966 0.0013984 0.28774 
69  0.010220 -1.9861 0.98906 -0.0046354 0.28669 
70  0.0098802 -2.0009 0.98942 0.0011469 0.28774 
71  0.0096402 -2.0117 0.98965 0.00042279 0.28759 
72  0.0097402 -2.0072 0.98955 0.0015038 0.28777 
73  0.0099002 -2.0000 0.98940 0.0015199 0.28780 
74  0.010600 -1.9701 0.98867 0.0017671 0.28788 
75  0.0094002 -2.0228 0.98983 0.0020775 0.28787 
76  0.0098402 -2.0027 0.98947 0.00086179 0.28769 
77  0.0087202 -2.0557 0.99009 0.00065785 0.28757 
78  0.0076802 -2.1113 0.99019 -0.00091551 0.28721 
79  0.010080 -1.9921 0.98926 0.0016226 0.28780 
80  0.0095402 -2.0163 0.98973 0.0015501 0.28778 
81  0.010280 -1.9835 0.98896 -0.0031688 0.28693 
82  0.0098402 -2.0027 0.98947 0.0015963 0.28782 
83  0.0088402 -2.0497 0.99005 0.00094505 0.28765 
84  0.0086202 -2.0607 0.99010 -0.0025799 0.28697 
85  0.0091002 -2.0370 0.98994 0.00039353 0.28758 
86  0.010080 -1.9921 0.98926 -0.0023304 0.28710 
87  0.0096202 -2.0126 0.98966 0.00098803 0.28768 
88  0.011400 -1.9381 0.98817 -0.0081106 0.28620 
89  0.0096002 -2.0135 0.98969 0.0016477 0.28780 
90  0.0089402 -2.0448 0.99000 -0.0027654 0.28699 
91  0.010120 -1.9904 0.98920 0.0016251 0.28780 
92  0.0076602 -2.1124 0.99020 -0.0013914 0.28711 
93  0.0097202 -2.0081 0.98958 -0.0046214 0.28666 
94  0.0097802 -2.0054 0.98953 0.0013254 0.28776 
95  0.0099002 -2.0000 0.98940 0.0017198 0.28781 
96  0.0090602 -2.0389 0.98996 -0.0039018 0.28677 
97  0.0095002 -2.0181 0.98975 0.00067555 0.28761 
98  0.0098202 -2.0036 0.98949 0.0014686 0.28776 
99  0.010860 -1.9594 0.98842 -0.0062754 0.28645 
100  0.010020 -1.9947 0.98932 0.0013679 0.28778 
101  0.0074401 -2.1252 0.99022 0.0021983 0.28782 
102  0.0093002 -2.0275 0.98987 0.0011036 0.28771 
103  0.0088402 -2.0497 0.99005 -0.0035317 0.28683 
104  0.0094802 -2.0190 0.98976 0.0015621 0.28778 
105  0.0093002 -2.0275 0.98987 0.0016739 0.28782 
106  0.0093802 -2.0237 0.98985 -0.0023719 0.28707 
107  0.0092602 -2.0293 0.98988 0.00084016 0.28761 
108  0.0096802 -2.0099 0.98961 0.0021534 0.28790 
109  0.0088602 -2.0487 0.99004 0.00092002 0.28763 
110  0.010160 -1.9887 0.98915 0.0015307 0.28780 
111  0.0096802 -2.0099 0.98961 0.00070456 0.28760 
112  0.011940 -1.9178 0.98785 -0.0074374 0.28631 
113  0.011620 -1.9297 0.98809 -0.0075587 0.28627 
114  0.0096602 -2.0108 0.98964 0.0015963 0.28781 
115  0.0074801 -2.1228 0.99021 0.0026293 0.28789 
116  0.0088602 -2.0487 0.99004 0.00098282 0.28764 
117  0.0075002 -2.1217 0.99021 -0.0011941 0.28715 
118  0.010820 -1.9610 0.98846 0.0013428 0.28780 
119  0.0089402 -2.0448 0.99000 0.00077746 0.28760 
120  0.010600 -1.9701 0.98867 0.00094843 0.28772 
121  0.0088002 -2.0517 0.99007 0.0015175 0.28773 
122  0.010100 -1.9913 0.98923 0.0017860 0.28784 
123  0.0095602 -2.0154 0.98972 0.0017457 0.28786 
124  0.0082602 -2.0794 0.99014 0.00060541 0.28753 
125  0.0092802 -2.0284 0.98988 0.0011181 0.28771 
126  0.0084802 -2.0679 0.99013 -0.0014379 0.28715 
127  0.010080 -1.9921 0.98926 -0.0026173 0.28705 
128  0.010380 -1.9793 0.98886 0.0010577 0.28775 
129  0.010020 -1.9947 0.98932 0.0017904 0.28783 
130  0.010020 -1.9947 0.98932 0.0013740 0.28778 
131  0.0087802 -2.0527 0.99007 0.00060271 0.28760 
132  0.010260 -1.9844 0.98899 -0.0049265 0.28668 
133  0.0079202 -2.0978 0.99016 0.0020020 0.28777 
134  0.010760 -1.9635 0.98851 0.0014409 0.28779 
135  0.010100 -1.9913 0.98923 0.00093710 0.28769 
136  0.0098202 -2.0036 0.98949 0.0016559 0.28782 
137  0.0091802 -2.0331 0.98992 7.9606e-05 0.28748 
138  0.0090002 -2.0418 0.98998 0.00063542 0.28758 
139  0.010120 -1.9904 0.98920 0.0016375 0.28781 
140  0.0094402 -2.0209 0.98981 0.00085933 0.28766 
141  0.0088802 -2.0477 0.99003 0.0010044 0.28763 
142  0.011820 -1.9222 0.98797 -0.0082846 0.28621 
143  0.010320 -1.9818 0.98893 0.00091422 0.28768 
144  0.010220 -1.9861 0.98906 -0.0055102 0.28653 
145  0.0094802 -2.0190 0.98976 0.0049182 0.28838 
146  0.010260 -1.9844 0.98899 0.0015544 0.28779 
147  0.0094402 -2.0209 0.98981 0.0013451 0.28775 
148  0.0091602 -2.0341 0.98993 -0.0034440 0.28686 
149  0.010780 -1.9627 0.98849 -0.0055602 0.28653 
150  0.0096002 -2.0135 0.98969 0.00049036 0.28759 
151  0.0079002 -2.0989 0.99017 -0.00059534 0.28724 
152  0.0089402 -2.0448 0.99000 -0.0027669 0.28694 
153  0.010340 -1.9810 0.98890 -0.0045825 0.28674 
154  0.010360 -1.9801 0.98887 -0.0031330 0.28696 
155  0.0097402 -2.0072 0.98955 0.0017210 0.28785 
156  0.0093802 -2.0237 0.98985 -0.0031170 0.28686 
157  0.0094402 -2.0209 0.98981 0.00052522 0.28757 
158  0.010480 -1.9751 0.98876 0.00076310 0.28767 
159  0.0094602 -2.0200 0.98978 0.0011741 0.28774 
160  0.010660 -1.9676 0.98861 -0.0051121 0.28666 
161  0.0061601 -2.2077 0.99026 0.00037582 0.28740 
162  0.010260 -1.9844 0.98899 0.0023661 0.28794 
163  0.011040 -1.9522 0.98834 -0.0065368 0.28642 
164  0.0094602 -2.0200 0.98978 0.0012328 0.28770 
165  0.0089002 -2.0467 0.99002 -0.0018069 0.28715 
166  0.010680 -1.9668 0.98859 0.0012642 0.28779 
167  0.0098602 -2.0018 0.98945 0.0013239 0.28778 
168  0.0094602 -2.0200 0.98978 0.00044996 0.28760 
169  0.010460 -1.9759 0.98878 0.0022555 0.28795 
170  0.0094402 -2.0209 0.98981 0.00068839 0.28761 
171  0.010540 -1.9725 0.98873 0.0011185 0.28774 
172  0.0088802 -2.0477 0.99003 -0.0026392 0.28701 
173  0.0097402 -2.0072 0.98955 -0.0033829 0.28693 
174  0.0093402 -2.0256 0.98985 0.0015406 0.28779 
175  0.0091202 -2.0360 0.98994 0.00079664 0.28762 
176  0.0088002 -2.0517 0.99007 0.00013647 0.28750 
177  0.010320 -1.9818 0.98893 0.00065960 0.28763 
178  0.011280 -1.9428 0.98824 -0.0070866 0.28632 
179  0.0097802 -2.0054 0.98953 0.00015712 0.28754 
180  0.010400 -1.9784 0.98882 0.0011124 0.28775 
181  0.0092602 -2.0293 0.98988 0.00089963 0.28765 
182  0.0096802 -2.0099 0.98961 0.0015656 0.28780 
183  0.0073201 -2.1323 0.99023 0.0026393 0.28787 
184  0.010160 -1.9887 0.98915 0.0020101 0.28789 
185  0.010020 -1.9947 0.98932 0.0016501 0.28781 
186  0.0078602 -2.1011 0.99017 -0.00050493 0.28729 
187  0.010080 -1.9921 0.98926 0.0013824 0.28778 
188  0.0094002 -2.0228 0.98983 0.00074954 0.28762 
189  0.0072201 -2.1383 0.99023 0.0030721 0.28795 
190  0.0095602 -2.0154 0.98972 0.0016568 0.28783 
191  0.0098402 -2.0027 0.98947 0.0016132 0.28781 
192  0.010000 -1.9956 0.98933 0.0013119 0.28775 
193  0.0096802 -2.0099 0.98961 0.0021500 0.28792 
194  0.010160 -1.9887 0.98915 0.0016803 0.28784 
195  0.0087202 -2.0557 0.99009 -0.0032831 0.28685 
196  0.0090002 -2.0418 0.98998 -0.0027885 0.28697 
197  0.0088002 -2.0517 0.99007 0.0039251 0.28818 
198  0.011400 -1.9381 0.98817 -0.0078490 0.28623 
199  0.0099402 -1.9983 0.98936 0.0014100 0.28776 
200  0.0091602 -2.0341 0.98993 0.0032062 0.28804 
201  0.011880 -1.9200 0.98788 -0.0078619 0.28623 
202  0.0095802 -2.0144 0.98970 0.0052467 0.28845 
203  0.0095802 -2.0144 0.98970 0.00071180 0.28761 
204  0.0079202 -2.0978 0.99016 -0.0027843 0.28689 
205  0.010220 -1.9861 0.98906 -0.0046748 0.28674 
206  0.012520 -1.8969 0.98748 -0.0086164 0.28611 
207  0.0086202 -2.0607 0.99010 0.0011700 0.28769 
208  0.0090202 -2.0408 0.98997 -0.0027069 0.28695 
209  0.010100 -1.9913 0.98923 -0.0041371 0.28679 
210  0.0099602 -1.9974 0.98935 -0.0026915 0.28706 
211  0.0093402 -2.0256 0.98985 0.0012824 0.28772 
212  0.0064801 -2.1856 0.99025 0.0015201 0.28762 
213  0.010240 -1.9852 0.98904 -0.0061650 0.28647 
214  0.011240 -1.9443 0.98829 0.0018891 0.28793 
215  0.0093002 -2.0275 0.98987 0.00080184 0.28764 
216  0.010440 -1.9767 0.98881 0.00090182 0.28769 
217  0.010860 -1.9594 0.98842 -0.0061792 0.28643 
218  0.0075002 -2.1217 0.99021 0.0022211 0.28776 
219  0.010960 -1.9554 0.98838 0.0014950 0.28783 
220  0.0077802 -2.1056 0.99018 -0.0015796 0.28707 
221  0.010540 -1.9725 0.98873 0.0010924 0.28771 
222  0.010600 -1.9701 0.98867 0.00084844 0.28767 
223  0.0096602 -2.0108 0.98964 -0.0027222 0.28702 
224  0.0099602 -1.9974 0.98935 0.0010385 0.28768 
225  0.0095602 -2.0154 0.98972 0.00086476 0.28765 
226  0.0090402 -2.0399 0.98996 0.0046993 0.28833 
227  0.0089402 -2.0448 0.99000 0.00098599 0.28765 
228  0.0095602 -2.0154 0.98972 0.00080232 0.28765 
229  0.0089202 -2.0457 0.99001 0.0051713 0.28843 
230  0.0096002 -2.0135 0.98969 0.0010837 0.28770 
231  0.0094402 -2.0209 0.98981 0.00027807 0.28751 
232  0.0097602 -2.0063 0.98953 0.0013184 0.28775 
233  0.0098202 -2.0036 0.98949 0.00072999 0.28763 
234  0.010840 -1.9602 0.98844 -0.0080473 0.28620 
235  0.0091602 -2.0341 0.98993 0.0014792 0.28777 
236  0.0085402 -2.0648 0.99012 0.0034867 0.28806 
237  0.010020 -1.9947 0.98932 0.0017514 0.28783 
238  0.0098202 -2.0036 0.98949 0.00083595 0.28764 
239  0.0096202 -2.0126 0.98966 0.0011170 0.28772 
240  0.010540 -1.9725 0.98873 0.0021829 0.28796 
241  0.010160 -1.9887 0.98915 0.0019089 0.28785 
242  0.0095002 -2.0181 0.98975 0.0013438 0.28773 
243  0.0087202 -2.0557 0.99009 0.00030937 0.28750 
244  0.010140 -1.9895 0.98919 0.0013023 0.28779 
245  0.0088802 -2.0477 0.99003 0.0045565 0.28830 
246  0.0096002 -2.0135 0.98969 0.00099285 0.28769 
247  0.0087202 -2.0557 0.99009 0.0010363 0.28766 
248  0.010040 -1.9939 0.98929 0.0010290 0.28772 
249  0.0089802 -2.0428 0.98999 0.0012820 0.28768 
250  0.0099002 -2.0000 0.98940 -0.0027083 0.28703 
251  0.010240 -1.9852 0.98904 -0.0053399 0.28653 
252  0.0086002 -2.0617 0.99011 -0.0010931 0.28718 
253  0.0096402 -2.0117 0.98965 0.00058077 0.28763 
254  0.010160 -1.9887 0.98915 0.0016638 0.28780 
255  0.0096602 -2.0108 0.98964 0.0014522 0.28777 
256  0.0099002 -2.0000 0.98940 0.0022141 0.28793 
257  0.0088402 -2.0497 0.99005 0.0013949 0.28775 
258  0.0098002 -2.0045 0.98950 0.0017699 0.28783 
259  0.0096002 -2.0135 0.98969 0.00040304 0.28760 
260  0.011420 -1.9373 0.98813 -0.0080103 0.28617 
261  0.0098202 -2.0036 0.98949 0.0016675 0.28781 
262  0.012060 -1.9134 0.98776 -0.0075801 0.28631 
263  0.012080 -1.9126 0.98771 -0.0082991 0.28615 
264  0.010140 -1.9895 0.98919 0.0014464 0.28778 
265  0.0096602 -2.0108 0.98964 -0.0024387 0.28705 
266  0.0089802 -2.0428 0.98999 -0.0027873 0.28696 
267  0.0094602 -2.0200 0.98978 0.00053659 0.28759 
268  0.010040 -1.9939 0.98929 0.0013141 0.28775 
269  0.010240 -1.9852 0.98904 -0.0022549 0.28712 
270  0.0097202 -2.0081 0.98958 0.0011926 0.28772 
271  0.010380 -1.9793 0.98886 0.0010916 0.28772 
272  0.010140 -1.9895 0.98919 0.00089870 0.28768 
273  0.0092802 -2.0284 0.98988 0.00060861 0.28761 
274  0.0093802 -2.0237 0.98985 0.0014547 0.28777 
275  0.0090202 -2.0408 0.98997 0.0012573 0.28770 
276  0.010160 -1.9887 0.98915 0.0016951 0.28785 
277  0.0097802 -2.0054 0.98953 0.0010259 0.28770 
278  0.0098802 -2.0009 0.98942 0.0018264 0.28784 
279  0.0094802 -2.0190 0.98976 0.0012177 0.28773 
280  0.010160 -1.9887 0.98915 0.0015805 0.28779 
281  0.0098602 -2.0018 0.98945 0.00056888 0.28760 
282  0.0097202 -2.0081 0.98958 0.0012404 0.28770 
283  0.0087002 -2.0567 0.99010 0.00068778 0.28757 
284  0.0097802 -2.0054 0.98953 0.0013529 0.28778 
285  0.0091802 -2.0331 0.98992 0.00075284 0.28762 
286  0.0099802 -1.9965 0.98934 -0.0049683 0.28662 
287  0.010320 -1.9818 0.98893 -0.0055225 0.28655 
288  0.0081402 -2.0858 0.99014 -0.00091157 0.28721 
289  0.0096602 -2.0108 0.98964 0.0016572 0.28783 
290  0.011240 -1.9443 0.98829 -0.0084829 0.28616 
291  0.0099002 -2.0000 0.98940 0.00080491 0.28767 
292  0.011860 -1.9207 0.98793 -0.0079508 0.28619 
293  0.0092002 -2.0322 0.98991 0.0017158 0.28782 
294  0.0098802 -2.0009 0.98942 0.00084504 0.28765 
295  0.0092202 -2.0312 0.98990 0.0022820 0.28789 
296  0.0093002 -2.0275 0.98987 -0.0016002 0.28722 
297  0.0097802 -2.0054 0.98953 0.00069556 0.28763 
298  0.0091402 -2.0351 0.98993 0.00077991 0.28761 
299  0.0097802 -2.0054 0.98953 0.0012744 0.28774 
300  0.0099802 -1.9965 0.98934 0.0014235 0.28780 
301  0.0097202 -2.0081 0.98958 0.0016336 0.28782 
302  0.0098602 -2.0018 0.98945 0.0022223 0.28793 
303  0.011020 -1.9530 0.98836 -0.0073397 0.28629 
304  0.0098402 -2.0027 0.98947 0.0010482 0.28769 
305  0.010720 -1.9651 0.98854 -0.0072773 0.28625 
306  0.0098602 -2.0018 0.98945 -0.0040825 0.28678 
307  0.0096202 -2.0126 0.98966 0.00098368 0.28768 
308  0.0096402 -2.0117 0.98965 0.0011184 0.28769 
309  0.010160 -1.9887 0.98915 0.0013044 0.28775 
310  0.011300 -1.9420 0.98822 -0.0078360 0.28623 
311  0.012320 -1.9040 0.98758 -0.0081749 0.28621 
312  0.010740 -1.9643 0.98853 -0.0074033 0.28629 
313  0.010580 -1.9709 0.98868 -0.0058034 0.28653 
314  0.010640 -1.9684 0.98862 -0.0063828 0.28644 
315  0.0096802 -2.0099 0.98961 0.00073300 0.28765 
316  0.0092202 -2.0312 0.98990 0.0012152 0.28767 
317  0.011320 -1.9412 0.98820 -0.0078024 0.28624 
318  0.011240 -1.9443 0.98829 -0.0078238 0.28622 
319  0.0092402 -2.0303 0.98989 -0.0043555 0.28667 
320  0.0097202 -2.0081 0.98958 -0.0049857 0.28660 
321  0.0095202 -2.0172 0.98974 0.00090578 0.28766 
322  0.0089602 -2.0438 0.98999 0.0012381 0.28766 
323  0.0096402 -2.0117 0.98965 0.0015018 0.28778 
324  0.011600 -1.9305 0.98811 -0.0072894 0.28634 
325  0.0093802 -2.0237 0.98985 -0.0023888 0.28709 
326  0.010700 -1.9659 0.98858 -0.0031838 0.28700 
327  0.0097202 -2.0081 0.98958 0.0015753 0.28780 
328  0.0096802 -2.0099 0.98961 0.0017787 0.28783 
329  0.010200 -1.9869 0.98907 0.0024130 0.28795 
330  0.011160 -1.9475 0.98832 -0.0069419 0.28632 
331  0.0096802 -2.0099 0.98961 -0.0021321 0.28713 
332  0.0084602 -2.0689 0.99013 -0.0025185 0.28697 
333  0.0095002 -2.0181 0.98975 0.0014060 0.28776 
334  0.011640 -1.9290 0.98808 -0.0073388 0.28630 
335  0.010080 -1.9921 0.98926 0.0016144 0.28783 
336  0.0096602 -2.0108 0.98964 0.0016392 0.28778 
337  0.0095602 -2.0154 0.98972 0.00075975 0.28765 
338  0.010340 -1.9810 0.98890 0.0017780 0.28785 
339  0.012020 -1.9148 0.98779 -0.0087398 0.28612 
340  0.0098802 -2.0009 0.98942 0.0011541 0.28774 
341  0.0095402 -2.0163 0.98973 0.0010538 0.28764 
342  0.010060 -1.9930 0.98928 0.0016375 0.28777 
343  0.010340 -1.9810 0.98890 0.0014978 0.28781 
344  0.0095202 -2.0172 0.98974 0.0016164 0.28778 
345  0.010240 -1.9852 0.98904 0.0011933 0.28774 
346  0.0087602 -2.0537 0.99008 -0.0011808 0.28719 
347  0.0097402 -2.0072 0.98955 -0.0026519 0.28707 
348  0.0092802 -2.0284 0.98988 0.0010777 0.28767 
349  0.0095402 -2.0163 0.98973 0.0044696 0.28828 
350  0.0089202 -2.0457 0.99001 0.00050421 0.28756 
351  0.010180 -1.9878 0.98908 0.0016798 0.28784 
352  0.0090802 -2.0379 0.98995 0.00095376 0.28763 
353  0.0092402 -2.0303 0.98989 0.00087690 0.28762 
354  0.011640 -1.9290 0.98808 -0.0083321 0.28613 
355  0.010380 -1.9793 0.98886 0.0012384 0.28775 
356  0.011840 -1.9215 0.98795 -0.0080645 0.28617 
357  0.0091402 -2.0351 0.98993 -0.0039719 0.28675 
358  0.0095802 -2.0144 0.98970 0.00066633 0.28763 
359  0.0094402 -2.0209 0.98981 0.0015436 0.28775 
360  0.0097202 -2.0081 0.98958 0.00073518 0.28761 
361  0.010140 -1.9895 0.98919 0.00097397 0.28769 
362  0.011760 -1.9244 0.98799 -0.0072970 0.28630 
363  0.010780 -1.9627 0.98849 0.0011835 0.28777 
364  0.010080 -1.9921 0.98926 0.00092329 0.28770 
365  0.011860 -1.9207 0.98793 -0.0089175 0.28607 
366  0.0097402 -2.0072 0.98955 0.0014877 0.28778 
367  0.011640 -1.9290 0.98808 -0.0081427 0.28620 
368  0.012240 -1.9069 0.98764 -0.0083709 0.28617 
369  0.011200 -1.9459 0.98831 -0.0079343 0.28622 
370  0.0091202 -2.0360 0.98994 0.00086382 0.28761 
371  0.0093802 -2.0237 0.98985 -0.0022829 0.28709 
372  0.0096602 -2.0108 0.98964 0.0015561 0.28780 
373  0.0098202 -2.0036 0.98949 -0.0053763 0.28655 
374  0.0094602 -2.0200 0.98978 0.0018237 0.28781 
