[loci]=374

[populations]=2

[pop]=1
1	40	2	39	1
2	38	2	8	30
3	40	2	1	39
4	40	2	4	36
5	40	2	39	1
6	40	2	35	5
7	40	2	40	0
8	40	2	38	2
9	38	2	19	19
10	40	2	39	1
11	38	2	37	1
12	38	2	7	31
13	38	2	37	1
14	38	2	28	10
15	40	2	1	39
16	38	2	3	35
17	40	2	40	0
18	38	2	1	37
19	40	2	0	40
20	40	2	38	2
21	38	2	33	5
22	38	2	38	0
23	40	2	40	0
24	38	2	37	1
25	38	2	20	18
26	40	2	37	3
27	38	2	38	0
28	40	2	35	5
29	40	2	11	29
30	38	2	38	0
31	38	2	1	37
32	40	2	0	40
33	42	2	21	21
34	38	2	24	14
35	40	2	38	2
36	38	2	37	1
37	40	2	39	1
38	40	2	1	39
39	40	2	38	2
40	38	2	21	17
41	40	2	13	27
42	38	2	0	38
43	40	2	18	22
44	38	2	38	0
45	36	2	35	1
46	38	2	36	2
47	38	2	37	1
48	38	2	1	37
49	40	2	40	0
50	38	2	0	38
51	36	2	3	33
52	40	2	29	11
53	40	2	40	0
54	38	2	32	6
55	38	2	0	38
56	38	2	38	0
57	38	2	0	38
58	38	2	38	0
59	42	2	41	1
60	40	2	0	40
61	40	2	38	2
62	38	2	24	14
63	38	2	0	38
64	42	2	42	0
65	40	2	40	0
66	38	2	37	1
67	40	2	39	1
68	40	2	39	1
69	38	2	3	35
70	40	2	40	0
71	40	2	39	1
72	38	2	37	1
73	36	2	34	2
74	42	2	0	42
75	40	2	39	1
76	42	2	42	0
77	38	2	35	3
78	38	2	26	12
79	38	2	37	1
80	38	2	38	0
81	40	2	3	37
82	42	2	41	1
83	40	2	39	1
84	42	2	29	13
85	38	2	0	38
86	38	2	1	37
87	38	2	37	1
88	40	2	27	13
89	42	2	40	2
90	40	2	38	2
91	40	2	39	1
92	38	2	23	15
93	38	2	12	26
94	40	2	0	40
95	42	2	40	2
96	38	2	22	16
97	38	2	2	36
98	38	2	37	1
99	42	2	8	34
100	40	2	40	0
101	40	2	29	11
102	38	2	37	1
103	38	2	32	6
104	40	2	0	40
105	38	2	36	2
106	38	2	37	1
107	40	2	37	3
108	40	2	39	1
109	38	2	34	4
110	40	2	39	1
111	38	2	36	2
112	42	2	27	15
113	40	2	15	25
114	42	2	1	41
115	40	2	26	14
116	38	2	36	2
117	40	2	13	27
118	40	2	40	0
119	42	2	42	0
120	38	2	37	1
121	40	2	34	6
122	38	2	37	1
123	38	2	37	1
124	36	2	31	5
125	38	2	38	0
126	40	2	39	1
127	40	2	39	1
128	38	2	36	2
129	40	2	39	1
130	40	2	0	40
131	40	2	38	2
132	40	2	37	3
133	40	2	31	9
134	38	2	37	1
135	38	2	38	0
136	42	2	41	1
137	38	2	35	3
138	38	2	35	3
139	38	2	0	38
140	38	2	38	0
141	42	2	36	6
142	40	2	27	13
143	42	2	0	42
144	42	2	30	12
145	42	2	21	21
146	40	2	39	1
147	38	2	0	38
148	40	2	34	6
149	40	2	15	25
150	38	2	35	3
151	40	2	10	30
152	40	2	9	31
153	40	2	2	38
154	40	2	1	39
155	40	2	40	0
156	38	2	11	27
157	38	2	0	38
158	38	2	38	0
159	40	2	0	40
160	40	2	4	36
161	40	2	36	4
162	38	2	1	37
163	40	2	35	5
164	40	2	1	39
165	36	2	35	1
166	40	2	0	40
167	40	2	40	0
168	38	2	36	2
169	40	2	0	40
170	38	2	38	0
171	40	2	0	40
172	40	2	34	6
173	42	2	2	40
174	40	2	0	40
175	38	2	36	2
176	38	2	36	2
177	40	2	0	40
178	40	2	28	12
179	38	2	36	2
180	40	2	40	0
181	42	2	36	6
182	38	2	38	0
183	40	2	38	2
184	38	2	37	1
185	38	2	0	38
186	42	2	18	24
187	40	2	39	1
188	36	2	36	0
189	40	2	3	37
190	38	2	1	37
191	38	2	37	1
192	40	2	0	40
193	40	2	39	1
194	40	2	1	39
195	40	2	30	10
196	40	2	38	2
197	38	2	0	38
198	42	2	28	14
199	40	2	39	1
200	42	2	26	16
201	38	2	11	27
202	40	2	21	19
203	38	2	37	1
204	40	2	28	12
205	40	2	38	2
206	40	2	23	17
207	40	2	38	2
208	40	2	33	7
209	40	2	35	5
210	38	2	2	36
211	38	2	4	34
212	42	2	25	17
213	38	2	30	8
214	40	2	39	1
215	40	2	39	1
216	40	2	1	39
217	38	2	8	30
218	38	2	32	6
219	40	2	1	39
220	40	2	29	11
221	40	2	39	1
222	40	2	40	0
223	40	2	1	39
224	38	2	37	1
225	38	2	0	38
226	42	2	23	19
227	42	2	37	5
228	40	2	39	1
229	40	2	21	19
230	40	2	0	40
231	40	2	37	3
232	40	2	0	40
233	40	2	40	0
234	38	2	18	20
235	38	2	1	37
236	38	2	22	16
237	42	2	42	0
238	38	2	38	0
239	40	2	0	40
240	42	2	41	1
241	40	2	39	1
242	36	2	0	36
243	40	2	34	6
244	40	2	0	40
245	40	2	20	20
246	40	2	1	39
247	40	2	33	7
248	40	2	0	40
249	40	2	35	5
250	42	2	1	41
251	38	2	28	10
252	40	2	23	17
253	38	2	1	37
254	40	2	34	6
255	38	2	34	4
256	40	2	39	1
257	40	2	40	0
258	38	2	38	0
259	36	2	0	36
260	40	2	17	23
261	40	2	39	1
262	38	2	29	9
263	40	2	22	18
264	38	2	38	0
265	38	2	37	1
266	42	2	38	4
267	38	2	38	0
268	40	2	1	39
269	42	2	41	1
270	40	2	1	39
271	40	2	39	1
272	40	2	40	0
273	40	2	40	0
274	38	2	38	0
275	40	2	40	0
276	40	2	39	1
277	38	2	37	1
278	40	2	1	39
279	40	2	38	2
280	40	2	39	1
281	40	2	38	2
282	40	2	35	5
283	38	2	38	0
284	40	2	39	1
285	36	2	33	3
286	40	2	30	10
287	40	2	30	10
288	38	2	23	15
289	40	2	0	40
290	38	2	25	13
291	42	2	0	42
292	40	2	20	20
293	40	2	39	1
294	38	2	36	2
295	40	2	40	0
296	40	2	39	1
297	42	2	41	1
298	40	2	38	2
299	40	2	2	38
300	40	2	39	1
301	40	2	40	0
302	38	2	1	37
303	42	2	29	13
304	38	2	1	37
305	40	2	27	13
306	40	2	4	36
307	42	2	40	2
308	38	2	0	38
309	40	2	1	39
310	42	2	21	21
311	42	2	22	20
312	42	2	27	15
313	40	2	34	6
314	44	2	8	36
315	42	2	0	42
316	42	2	35	7
317	40	2	24	16
318	42	2	19	23
319	42	2	18	24
320	42	2	30	12
321	38	2	2	36
322	40	2	33	7
323	40	2	39	1
324	38	2	20	18
325	40	2	1	39
326	38	2	37	1
327	38	2	0	38
328	40	2	0	40
329	40	2	40	0
330	40	2	21	19
331	38	2	1	37
332	40	2	31	9
333	36	2	35	1
334	42	2	23	19
335	40	2	0	40
336	40	2	33	7
337	38	2	36	2
338	40	2	39	1
339	38	2	19	19
340	40	2	39	1
341	40	2	6	34
342	38	2	33	5
343	40	2	39	1
344	40	2	1	39
345	38	2	36	2
346	36	2	27	9
347	40	2	39	1
348	40	2	5	35
349	38	2	22	16
350	42	2	38	4
351	40	2	0	40
352	42	2	6	36
353	38	2	37	1
354	40	2	19	21
355	40	2	1	39
356	42	2	21	21
357	42	2	18	24
358	40	2	0	40
359	38	2	6	32
360	42	2	39	3
361	40	2	0	40
362	40	2	16	24
363	38	2	1	37
364	40	2	39	1
365	40	2	22	18
366	40	2	40	0
367	40	2	21	19
368	40	2	20	20
369	38	2	19	19
370	40	2	36	4
371	40	2	1	39
372	36	2	35	1
373	42	2	29	13
374	44	2	43	1

[pop]=2
1	30	2	30	0
2	32	2	0	32
3	28	2	1	27
4	30	2	9	21
5	30	2	30	0
6	32	2	32	0
7	30	2	29	1
8	30	2	30	0
9	32	2	1	31
10	30	2	25	5
11	32	2	32	0
12	30	2	19	11
13	32	2	32	0
14	32	2	32	0
15	28	2	1	27
16	32	2	0	32
17	30	2	29	1
18	32	2	3	29
19	28	2	2	26
20	28	2	28	0
21	30	2	30	0
22	32	2	27	5
23	30	2	29	1
24	32	2	32	0
25	32	2	16	16
26	30	2	30	0
27	32	2	31	1
28	30	2	30	0
29	30	2	1	29
30	32	2	31	1
31	32	2	0	32
32	30	2	1	29
33	30	2	15	15
34	32	2	18	14
35	30	2	30	0
36	32	2	32	0
37	30	2	30	0
38	30	2	1	29
39	30	2	30	0
40	32	2	26	6
41	32	2	5	27
42	32	2	3	29
43	30	2	26	4
44	32	2	31	1
45	32	2	32	0
46	32	2	32	0
47	32	2	31	1
48	30	2	0	30
49	30	2	29	1
50	32	2	1	31
51	32	2	1	31
52	30	2	30	0
53	30	2	29	1
54	32	2	32	0
55	32	2	1	31
56	32	2	30	2
57	30	2	1	29
58	32	2	31	1
59	26	2	26	0
60	32	2	1	31
61	30	2	30	0
62	32	2	32	0
63	32	2	1	31
64	30	2	29	1
65	30	2	25	5
66	30	2	30	0
67	28	2	28	0
68	30	2	30	0
69	32	2	5	27
70	30	2	29	1
71	28	2	28	0
72	32	2	32	0
73	32	2	32	0
74	30	2	1	29
75	30	2	30	0
76	32	2	31	1
77	28	2	28	0
78	32	2	31	1
79	30	2	30	0
80	30	2	27	3
81	32	2	1	31
82	28	2	28	0
83	30	2	30	0
84	28	2	26	2
85	32	2	1	31
86	30	2	1	29
87	32	2	32	0
88	30	2	21	9
89	28	2	28	0
90	30	2	22	8
91	30	2	30	0
92	30	2	5	25
93	32	2	4	28
94	30	2	2	28
95	30	2	30	0
96	32	2	9	23
97	30	2	0	30
98	30	2	30	0
99	28	2	3	25
100	28	2	27	1
101	30	2	30	0
102	32	2	32	0
103	30	2	29	1
104	30	2	1	29
105	32	2	32	0
106	32	2	31	1
107	30	2	30	0
108	30	2	30	0
109	30	2	30	0
110	30	2	30	0
111	32	2	32	0
112	30	2	21	9
113	30	2	15	15
114	28	2	0	28
115	30	2	30	0
116	32	2	32	0
117	30	2	1	29
118	30	2	29	1
119	30	2	27	3
120	30	2	30	0
121	30	2	30	0
122	32	2	32	0
123	30	2	30	0
124	32	2	32	0
125	30	2	29	1
126	28	2	21	7
127	30	2	29	1
128	32	2	32	0
129	30	2	30	0
130	30	2	1	29
131	32	2	32	0
132	30	2	28	2
133	30	2	30	0
134	30	2	30	0
135	30	2	29	1
136	30	2	30	0
137	30	2	30	0
138	30	2	30	0
139	30	2	1	29
140	32	2	29	3
141	30	2	30	0
142	30	2	17	13
143	30	2	1	29
144	28	2	14	14
145	28	2	28	0
146	30	2	30	0
147	30	2	1	29
148	28	2	27	1
149	30	2	17	13
150	32	2	32	0
151	30	2	23	7
152	30	2	1	29
153	28	2	2	26
154	30	2	3	27
155	30	2	29	1
156	30	2	19	11
157	32	2	2	30
158	32	2	31	1
159	30	2	1	29
160	32	2	2	30
161	28	2	9	19
162	32	2	0	32
163	30	2	25	5
164	30	2	0	30
165	32	2	31	1
166	30	2	1	29
167	30	2	29	1
168	32	2	32	0
169	30	2	1	29
170	32	2	29	3
171	30	2	1	29
172	30	2	29	1
173	28	2	1	27
174	30	2	1	29
175	32	2	32	0
176	32	2	32	0
177	30	2	2	28
178	30	2	17	13
179	32	2	32	0
180	30	2	29	1
181	28	2	28	0
182	32	2	31	1
183	30	2	8	22
184	30	2	30	0
185	32	2	1	31
186	28	2	1	27
187	30	2	30	0
188	30	2	27	3
189	30	2	23	7
190	32	2	0	32
191	32	2	32	0
192	30	2	2	28
193	30	2	30	0
194	30	2	0	30
195	30	2	13	17
196	30	2	23	7
197	32	2	13	19
198	30	2	22	8
199	30	2	30	0
200	28	2	28	0
201	30	2	9	21
202	30	2	30	0
203	32	2	32	0
204	30	2	9	21
205	30	2	27	3
206	32	2	16	16
207	30	2	30	0
208	30	2	29	1
209	32	2	30	2
210	32	2	1	31
211	32	2	0	32
212	28	2	1	27
213	32	2	28	4
214	30	2	30	0
215	30	2	30	0
216	30	2	0	30
217	30	2	10	20
218	32	2	4	28
219	28	2	0	28
220	30	2	8	22
221	30	2	30	0
222	30	2	28	2
223	30	2	3	27
224	30	2	30	0
225	30	2	1	29
226	30	2	30	0
227	28	2	28	0
228	30	2	30	0
229	30	2	30	0
230	28	2	1	27
231	30	2	30	0
232	30	2	1	29
233	30	2	28	2
234	32	2	16	16
235	30	2	0	30
236	30	2	30	0
237	28	2	27	1
238	32	2	30	2
239	30	2	1	29
240	30	2	30	0
241	30	2	30	0
242	32	2	1	31
243	30	2	30	0
244	30	2	1	29
245	30	2	30	0
246	30	2	0	30
247	30	2	30	0
248	30	2	2	28
249	30	2	30	0
250	32	2	1	31
251	32	2	16	16
252	30	2	4	26
253	32	2	0	32
254	32	2	32	0
255	30	2	30	0
256	30	2	30	0
257	30	2	28	2
258	32	2	31	1
259	32	2	2	30
260	30	2	14	16
261	28	2	28	0
262	30	2	24	6
263	32	2	18	14
264	30	2	29	1
265	32	2	29	3
266	28	2	18	10
267	30	2	29	1
268	30	2	0	30
269	28	2	27	1
270	30	2	0	30
271	30	2	30	0
272	30	2	29	1
273	30	2	28	2
274	32	2	31	1
275	30	2	28	2
276	32	2	32	0
277	30	2	30	0
278	32	2	0	32
279	30	2	30	0
280	30	2	30	0
281	30	2	30	0
282	30	2	30	0
283	32	2	28	4
284	32	2	32	0
285	32	2	32	0
286	30	2	27	3
287	32	2	19	13
288	32	2	30	2
289	30	2	2	28
290	32	2	20	12
291	28	2	1	27
292	30	2	15	15
293	30	2	30	0
294	30	2	30	0
295	30	2	25	5
296	30	2	29	1
297	28	2	28	0
298	30	2	30	0
299	30	2	0	30
300	30	2	30	0
301	32	2	31	1
302	32	2	0	32
303	30	2	21	9
304	30	2	0	30
305	30	2	16	14
306	30	2	2	28
307	30	2	30	0
308	30	2	3	27
309	28	2	0	28
310	30	2	18	12
311	28	2	17	11
312	30	2	23	7
313	30	2	27	3
314	28	2	4	24
315	28	2	2	26
316	30	2	30	0
317	30	2	19	11
318	30	2	15	15
319	28	2	20	8
320	30	2	14	16
321	32	2	0	32
322	30	2	30	0
323	30	2	30	0
324	32	2	15	17
325	30	2	1	29
326	32	2	30	2
327	32	2	1	31
328	30	2	1	29
329	30	2	29	1
330	30	2	16	14
331	30	2	1	29
332	30	2	29	1
333	32	2	32	0
334	28	2	14	14
335	28	2	1	27
336	30	2	30	0
337	30	2	30	0
338	30	2	30	0
339	32	2	16	16
340	30	2	30	0
341	30	2	0	30
342	30	2	30	0
343	30	2	30	0
344	30	2	0	30
345	30	2	30	0
346	32	2	31	1
347	32	2	30	2
348	30	2	0	30
349	30	2	30	0
350	30	2	30	0
351	30	2	1	29
352	28	2	0	28
353	30	2	30	0
354	30	2	15	15
355	30	2	0	30
356	28	2	14	14
357	28	2	4	24
358	32	2	1	31
359	32	2	0	32
360	28	2	28	0
361	30	2	1	29
362	30	2	9	21
363	32	2	0	32
364	30	2	30	0
365	30	2	16	14
366	30	2	29	1
367	30	2	17	13
368	30	2	14	16
369	32	2	13	19
370	30	2	30	0
371	30	2	2	28
372	32	2	32	0
373	28	2	14	14
374	30	2	30	0
