E. roumanicus
-------------
 	Polymorphism	Polymorphism	Divergence	Divergence
N	Synonymous	Non-synonymous	Synonymous	Non-synonuymous	Alpha
7	284      	254      	478.854     	216.407     	-.97900636756627786048
8	223      	225      	377.424     	158.021     	-1.40986304737892729983
9	184      	197      	297.738     	126.783     	-1.51432634467177570438
10	140      	160      	236.778     	106.642     	-1.53749393833038175791
11	107      	128      	174.121     	82.3973     	-1.52792604094832932268
12	67      	99      	125.344     	58.1451     	-2.18530350871829473853

E. europaeus
------------
 	Polymorphism	Polymorphism	Divergence	Divergence
N	Synonymous	Non-synonymous	Synonymous	Non-synonuymous	Alpha
7	445      	318      	441.212     	200.813     	-.57008296107782538138
8	353      	265      	340.024     	151.906     	-.68037345594183431386
9	262      	230      	273.476     	121.575     	-.97470163392998698693
10	206      	198      	212.389     	102.742     	-.98692728869542768357
11	146      	158      	148.504     	78.0906     	-1.05799172011968255065
12	109      	117      	97.1711     	55.0682     	-.89406815282161046072
